# Digitized using http://arohatgi.info/WebPlotDigitizer/
4.02453e+1  9.19218e+1
3.87074e+1  8.71157e+1
3.71694e+1  8.20738e+1
3.55219e+1  7.80308e+1
3.40936e+1  7.34814e+1
3.24821e+1  6.84454e+1
3.09439e+1  6.41038e+1
2.92957e+1  5.94394e+1
2.77570e+1  5.44910e+1
2.62185e+1  5.04112e+1
2.45696e+1  4.56916e+1
2.30030e+1  4.11882e+1
2.14846e+1  3.64424e+1
1.99963e+1  3.18206e+1
1.90578e+1  2.88809e+1
1.79536e+1  2.51951e+1
1.72071e+1  2.28363e+1
1.66954e+1  2.08116e+1
1.61718e+1  1.90703e+1
1.57152e+1  1.74747e+1
1.53528e+1  1.58387e+1
1.49172e+1  1.43558e+1
1.46212e+1  1.27306e+1
1.44355e+1  1.14759e+1
1.42482e+1  9.79504e+0
1.42660e+1  8.59181e+0
1.42866e+1  7.49534e+0
1.44866e+1  6.42669e+0
1.47817e+1  5.61163e+0
1.51620e+1  4.89549e+0
1.56399e+1  4.27073e+0
1.61127e+1  3.86385e+0
1.64916e+1  3.56807e+0
1.69496e+1  3.28743e+0
1.73253e+1  3.02749e+0
1.79873e+1  2.75908e+0
1.85640e+1  2.51446e+0
1.93021e+1  2.28736e+0
2.02138e+1  2.06192e+0
2.13352e+1  1.81522e+0
2.23932e+1  1.64229e+0
2.34092e+1  1.51312e+0
2.46560e+1  1.35656e+0
2.57605e+1  1.25900e+0
2.68832e+1  1.16420e+0
2.82341e+1  1.05954e+0
2.97315e+1  9.71772e-1
3.12655e+1  8.90464e-1
3.27997e+1  8.20801e-1
3.45775e+1  7.51099e-1
3.62703e+1  6.96764e-1
3.78780e+1  6.50788e-1
3.99241e+1  5.97151e-1
4.20070e+1  5.51689e-1
4.41450e+1  5.13179e-1
4.58444e+1  4.83259e-1
4.78544e+1  4.51370e-1
4.94624e+1  4.26216e-1

