# Neutral stability data for gamma=1.3
# Columns: heat release $Q$, activation energy $E_{act}$, frequency $\omega$
4.466835921509631491e-01 3.610537109374999432e+01 1.841555443504658829e-01
4.562634565507439621e-01 3.565437011718749716e+01 1.857252362440842963e-01
4.660487769008458403e-01 3.520181396484374403e+01 1.872961707552545096e-01
4.760439595420853376e-01 3.475547851562500057e+01 1.888694462476439295e-01
4.862535053165060739e-01 3.433091552734374119e+01 1.904484854825512496e-01
4.966820115941127933e-01 3.389702148437499574e+01 1.920257563667712719e-01
5.073341743430724859e-01 3.348489990234374858e+01 1.936085991312821997e-01
5.182147902443138276e-01 3.307277832031249432e+01 1.951912487179160716e-01
5.293287588514786757e-01 3.266843261718749147e+01 1.967754411083841026e-01
5.406810847971956768e-01 3.227963867187499858e+01 1.983633338827567039e-01
5.522768800466728578e-01 3.188195800781250000e+01 1.999472041885205775e-01
5.641213661996208328e-01 3.150427246093750000e+01 2.015358212061446053e-01
5.762198768415452976e-01 3.113103027343750284e+01 2.031240385052114350e-01
5.885778599454665194e-01 3.075778808593750213e+01 2.047098985704031981e-01
6.012008803251476241e-01 3.040009765625000071e+01 2.062987876182824365e-01
6.140946221409366856e-01 3.004240722656249929e+01 2.078847051817176439e-01
6.272648914593508263e-01 0.000000000000000000e+00 0.000000000000000000e+00
6.407176188675538508e-01 2.935035400390624716e+01 2.110554591128601110e-01
6.544588621439068055e-01 2.901599121093750000e+01 2.126399599943420704e-01
6.684948089857926101e-01 2.868584960937499773e+01 2.142220420722897312e-01
6.828317797959425617e-01 2.835615234374999716e+01 2.157996066250310596e-01
6.974762305285213682e-01 2.803845214843750000e+01 2.173778236537092234e-01
7.124347555962505796e-01 2.772186279296875000e+01 2.189512434286624287e-01
7.277140908398798125e-01 2.741638183593750000e+01 2.205246807299718892e-01
7.433211165613433646e-01 2.711645507812500000e+01 2.220951671660890692e-01
7.592628606219685716e-01 2.681652832031250000e+01 2.236594272712795761e-01
7.755465016071291240e-01 2.652770996093750000e+01 2.252233391939758578e-01
7.921793720587704257e-01 2.623413085937500000e+01 2.267776308079310632e-01
8.091689617772611642e-01 2.595864257812500142e+01 2.283355212306342474e-01
8.265229211940597898e-01 2.567871093750000000e+01 2.298833689507458200e-01
8.442490648167112477e-01 2.541210937500000000e+01 2.314319277780866324e-01
8.623553747477293863e-01 2.514550781250000000e+01 2.329726863683428406e-01
8.808500042789467743e-01 2.487890625000000000e+01 2.345052303116486603e-01
8.997412815629505234e-01 2.462563476562500142e+01 2.360383917476655269e-01
9.190377133632594564e-01 2.437236328124999929e+01 2.375630061277582139e-01
9.387479888849292742e-01 2.412575683593749787e+01 2.390835412468749199e-01
9.588809836873111170e-01 2.388581542968750071e+01 2.405999631131691963e-01
9.794457636807262224e-01 2.364587402343750000e+01 2.421072507374117666e-01
1.000451589208855463e+00 2.341659667968749403e+01 2.436132512103859338e-01
1.021907919218682403e+00 2.318332031249999758e+01 2.451067464102329452e-01
1.043824415519868820e+00 2.295937499999999787e+01 2.465978447652875938e-01
1.066210947135476594e+00 2.274165039062499716e+01 2.480841777038267082e-01
1.089077594746002076e+00 2.252392578124999645e+01 2.495606830570924473e-01
1.112434655228716540e+00 2.231397705078124716e+01 2.510335971447213987e-01
1.136292646294361885e+00 2.210791625976562358e+01 2.524997419721951575e-01
1.160662311223288112e+00 2.190185546874999645e+01 2.539558048577574279e-01
1.185554623703164223e+00 2.170745849609375000e+01 2.554116139579853950e-01
1.210980792770442349e+00 2.151306152343750000e+01 2.568573215173916013e-01
1.236952267857799548e+00 2.131866455078125000e+01 2.582928720819349100e-01
1.263480743949829899e+00 2.113204345703125142e+01 2.597249633247559752e-01
1.290578166849310149e+00 2.094653320312500000e+01 2.611478694973504711e-01
1.318256738556407237e+00 2.076879882812500000e+01 2.625674886358124183e-01
1.346528922763253311e+00 2.058884277343749858e+01 2.639750543062509558e-01
1.375407450466360260e+00 2.041777343750000284e+01 2.653805054692975340e-01
1.404905325699401963e+00 2.025059204101562571e+01 2.667794868358351890e-01
1.435035831388945082e+00 2.008341064453124858e+01 2.681686246029231224e-01
1.465812535335766498e+00 1.992400512695312287e+01 2.695549900973775448e-01
1.497249296324448364e+00 1.976904296875000000e+01 2.709356913731128524e-01
1.529360270364005014e+00 1.961352539062500000e+01 2.723064794196498606e-01
1.562159917062349912e+00 1.945800781250000000e+01 2.736679988136311859e-01
1.595663006137474360e+00 1.931359863281250000e+01 2.750302275350554604e-01
1.629884624068265842e+00 1.916918945312500000e+01 2.763835314829060086e-01
1.664840180887968035e+00 1.902478027343750000e+01 2.777281666564939688e-01
1.700545417123336955e+00 1.889147949218750000e+01 2.790739207465507965e-01
1.737016410882616491e+00 1.875262451171875000e+01 2.804067289293332710e-01
1.774269585095529456e+00 1.862487792968750000e+01 2.817409636267005357e-01
1.812321714908540438e+00 1.849713134765625000e+01 2.830674743083305689e-01
1.851189935238725104e+00 1.836938476562500000e+01 2.843866503177299720e-01
1.890891748489641699e+00 1.824719238281250000e+01 2.857032669536752612e-01
1.931445032432682396e+00 1.813055419921875000e+01 2.870175001248497781e-01
1.972868048257454321e+00 1.801391601562500000e+01 2.883253124721948946e-01
2.015179448794815364e+00 1.790333984375000043e+01 2.896316163116697817e-01
2.058398286916263586e+00 1.779136718750000057e+01 2.909312415141464547e-01
2.102544024113466747e+00 1.768605957031249787e+01 2.922303407874208836e-01
2.147636539261793764e+00 1.758608398437499432e+01 2.935280671651130380e-01
2.193696137571796267e+00 1.748610839843749787e+01 2.948212315648111592e-01
2.240743559732667922e+00 1.738613281250000142e+01 2.961104374912078563e-01
2.288799991251797117e+00 1.729282226562499858e+01 2.974000690450348539e-01
2.337887071994626975e+00 1.719951171874999929e+01 2.986865850826318503e-01
2.388026905929113042e+00 1.711286621093750071e+01 2.999740066933559435e-01
2.439242071079163132e+00 1.702622070312499858e+01 3.012592091665566851e-01
2.491555629691545981e+00 1.694290771484374858e+01 3.025443283824772456e-01
2.544991138620848137e+00 1.686181640625000000e+01 3.038292774125199713e-01
2.599572659937152697e+00 1.678405761718750000e+01 3.051149425605177989e-01
2.655324771761218283e+00 1.671296386718749716e+01 3.064027449972941963e-01
2.712272579332029032e+00 1.663831542968750199e+01 3.076898257484626531e-01
2.770441726311717368e+00 1.656833251953124986e+01 3.089793133902312139e-01
2.829858406332932397e+00 1.650301513671874787e+01 3.102714470266676461e-01
2.890549374793863979e+00 1.644080810546874716e+01 3.115661788080034689e-01
2.952541960906223117e+00 1.637860107421875000e+01 3.128636098774800200e-01
3.015864080001623648e+00 1.632416992187500426e+01 3.141649786858143334e-01
3.080544246101883932e+00 1.626585083007812571e+01 3.154700547127433086e-01
3.146611584758924884e+00 1.621530761718750213e+01 3.167796694573266070e-01
3.214095846170037074e+00 1.616476440429687500e+01 3.180943579461458226e-01
3.283027418574428147e+00 1.611810913085937358e+01 3.194144164975427080e-01
3.353437341937084426e+00 1.607534179687500142e+01 3.207401422859711415e-01
3.425357321926099985e+00 1.603257446289062571e+01 3.220729219151834966e-01
3.498819744189773928e+00 1.599369506835937571e+01 3.234125931947354204e-01
3.573857688939904076e+00 1.595870361328124964e+01 3.247591064063749533e-01
3.650504945847848237e+00 1.592371215820312713e+01 3.261147147170617155e-01
3.728796029260047717e+00 1.589260864257812500e+01 3.274784210812329843e-01
3.808766193739875128e+00 1.586761474609375000e+01 3.288492521379164923e-01
3.890451449942806672e+00 1.583984375000000000e+01 3.302328065966724235e-01
3.973888580832062090e+00 1.581762695312500000e+01 3.316247718915695253e-01
4.059115158242012633e+00 1.580096435546875000e+01 3.330251199212606594e-01
4.146169559796820003e+00 1.578430175781250000e+01 3.344385159060847545e-01
4.235090986191923257e+00 1.576763916015625000e+01 3.358660677295691732e-01
4.325919478846161681e+00 1.575653076171875000e+01 3.373034146637056696e-01
4.418695937932465512e+00 1.574819946289062500e+01 3.387534551890101775e-01
4.513462140795250654e+00 1.574264526367187500e+01 3.402167395405191197e-01
4.610260760762803223e+00 1.573986816406250000e+01 3.416938225774255877e-01
4.709135386363136000e+00 1.573986816406250000e+01 3.431852665157678617e-01
4.810130540951939260e+00 1.573986816406250000e+01 3.446953528735039463e-01
4.913291702761506841e+00 1.574542236328125000e+01 3.462174348159636761e-01
5.018665325379631170e+00 1.575375366210937500e+01 3.477555991067308172e-01
5.126298858667706959e+00 1.576486206054687500e+01 3.493104326757214273e-01
5.236240770127466249e+00 1.577874755859375000e+01 3.508825289361393596e-01
5.348540566725932699e+00 1.579541015625000000e+01 3.524724895015965420e-01
5.463248817188474327e+00 1.581484985351562500e+01 3.540809223593983646e-01
5.580417174769965349e+00 1.583706665039062500e+01 3.557084445014607743e-01
5.700098400514288066e+00 1.586206054687500000e+01 3.573556796177682071e-01
5.822346387012704128e+00 1.589083129882812351e+01 3.590212570567344885e-01
5.947216182671742679e+00 1.592315673828125000e+01 3.607060459670575758e-01
6.074764016501559283e+00 1.595648193359375000e+01 3.624160493754320922e-01
6.205047323435934459e+00 1.599258422851562500e+01 3.641483444331412578e-01
6.338124770195272539e+00 1.603424072265625000e+01 3.658971956866866049e-01
6.474056281704298144e+00 1.607867431640625000e+01 3.676692626510598694e-01
6.612903068076330548e+00 1.612310791015625000e+01 3.694721026415416221e-01
6.754727652176245378e+00 1.617309570312500000e+01 3.712929232646181577e-01
6.899593897774605189e+00 1.622586059570312500e+01 3.731390729562024666e-01
7.047567038305582621e+00 1.628140258789062500e+01 3.750112756271506420e-01
7.198713706241649746e+00 1.633972167968750000e+01 3.769102635677507585e-01
7.353101963098266580e+00 1.640192871093750071e+01 3.788336346258508458e-01
7.510801330082038874e+00 1.646802368164062713e+01 3.807819023182149598e-01
7.671882819396203423e+00 1.653567382812499886e+01 3.827625411677509915e-01
7.836418966217521209e+00 1.661032226562500114e+01 3.847599883536456655e-01
8.004483861358920649e+00 1.668497070312500341e+01 3.867960059661700312e-01
8.176153184632690696e+00 1.676184082031250000e+01 3.888648774341494363e-01
8.351504238929187807e+00 1.684515380859375000e+01 3.909537826802330640e-01
8.530615985026402726e+00 1.693291015624999929e+01 3.930694339442433738e-01
8.713569077146109620e+00 1.702288818359375000e+01 3.952199120652950537e-01
8.900445899272524386e+00 1.711619873046875284e+01 3.974023467790742115e-01
9.091330602249923842e+00 1.721284179687499716e+01 3.996175091938030111e-01
9.286309141675875622e+00 1.731281738281250071e+01 4.018661844259590610e-01
9.485469316607117563e+00 1.741612548828125284e+01 4.041491699241573921e-01
9.688900809095580158e+00 1.752609863281249858e+01 4.064548077933453629e-01
9.896695224572328087e+00 1.763607177734375142e+01 4.088086815980713773e-01
1.010894613309756984e+01 1.775270996093749787e+01 4.111864719824820935e-01
1.032574911149538543e+01 1.787134765624999844e+01 4.136067711525024948e-01
1.054720178639205663e+01 1.799804687500000000e+01 4.160465043785099293e-01
1.077340387817744194e+01 1.812500000000000000e+01 4.185373982771524726e-01
1.100445724590923113e+01 1.825552368164062500e+01 4.210672676638643752e-01
1.124046593318012732e+01 1.839160156250000000e+01 4.236287455382038436e-01
1.148153621496882870e+01 1.853323364257812500e+01 4.262224179973642113e-01
1.172777664549577281e+01 1.867764282226562500e+01 4.288607859767307739e-01
1.197929810710521714e+01 1.882760620117187500e+01 4.315329025026240495e-01
1.223621386019568469e+01 1.898034667968750000e+01 4.342516248487423569e-01
1.249863959422125248e+01 1.914141845703125000e+01 4.369933980282255104e-01
1.276669347978663005e+01 0.000000000000000000e+00 0.000000000000000000e+00
1.304049622185956636e+01 0.000000000000000000e+00 0.000000000000000000e+00
1.332017111412435639e+01 0.000000000000000000e+00 0.000000000000000000e+00
1.360584409450117604e+01 1.988012695312500000e+01 1.495947382130831220e-02
1.389764380185606463e+01 1.937580566406250071e+01 9.882791191965278887e-03
1.419570163392713980e+01 2.019116210937500000e+01 4.543818437985102099e-01
1.450015180649315916e+01 2.038278198242187855e+01 4.574326894264070242e-01
1.481113141381102949e+01 2.057995605468750000e+01 4.605259842299940232e-01
1.512878049034949512e+01 0.000000000000000000e+00 0.000000000000000000e+00
1.545324207384687476e+01 0.000000000000000000e+00 0.000000000000000000e+00
1.578466226972102682e+01 2.120480346679687500e+01 4.700701234964193009e-01
1.612319031686084614e+01 2.142363891601562287e+01 4.733456649173466979e-01
1.646897865482868895e+01 2.164913940429687145e+01 4.766631410105796052e-01
1.682218299250407867e+01 2.187852783203124574e+01 4.800374803438806626e-01
1.718296237819959060e+01 2.211569213867187145e+01 4.834502799932547390e-01
1.755147927128049190e+01 2.236063232421874147e+01 4.869024547451878404e-01
1.792789961532034582e+01 2.260946044921874432e+01 4.904148938765444665e-01
1.831239291282568615e+01 2.286217651367187287e+01 4.939889291941962912e-01
1.870513230156304729e+01 2.312733398437499943e+01 4.975816207406067448e-01
1.910629463252320193e+01 2.339326904296875043e+01 5.012543820730586130e-01
1.951606054955732006e+01 2.366853515624999460e+01 5.049640980492741127e-01
1.993461457072111287e+01 2.394913330078124858e+01 5.087328021035703030e-01
2.036214517136350821e+01 2.423906249999999929e+01 5.125407359028110177e-01
2.079884486899733176e+01 2.453232421874999858e+01 5.164207695127877029e-01
2.124491030999012509e+01 2.483558349609375426e+01 5.203389846513519768e-01
2.170054235811431198e+01 2.514550781250000000e+01 5.243142890280051427e-01
2.216594618499626890e+01 2.545876464843749787e+01 5.283658419247748705e-01
2.264133136250540446e+01 2.578668457031250227e+01 5.324344886384033693e-01
2.312691195712461223e+01 2.611700390624999812e+01 5.365871485150379705e-01
2.362290662634462635e+01 2.645550537109375000e+01 5.407942893927067951e-01
2.412953871712575449e+01 2.680541992187500000e+01 5.450399088463446784e-01
2.464703636647125862e+01 2.716088867187500000e+01 5.493569829168925001e-01
2.517563260415766990e+01 2.752468872070312500e+01 5.537320296271377451e-01
2.571556545766849311e+01 2.789959716796875000e+01 5.581514920230851162e-01
2.626707805937806128e+01 2.827728271484375000e+01 5.626620271085170932e-01
2.683041875603445092e+01 2.866885375976562500e+01 5.672050055534250124e-01
2.740584122059025773e+01 2.906875610351562500e+01 5.718120237276999029e-01
2.799360456643182360e+01 2.947476806640624858e+01 5.764967908813504183e-01
2.859397346405829055e+01 2.989466552734375426e+01 5.812187205724118622e-01
2.920721826026301571e+01 3.032233886718750071e+01 5.860126213204925882e-01
2.983361509987101456e+01 3.075778808593750213e+01 5.908801808711349191e-01
3.047344605008740004e+01 3.120567871093749801e+01 5.957977559131499845e-01
3.112699922751240322e+01 3.166290039062499773e+01 6.007839794024993907e-01
3.179456892788070022e+01 3.212800903320312784e+01 6.058484369433537742e-01
3.247645575858309996e+01 3.260622558593749432e+01 6.109646018902865627e-01
3.317296677403039240e+01 3.309610595703124858e+01 6.161421471292991558e-01
3.388441561392027523e+01 3.359376220703124716e+01 6.214039510645494868e-01
3.461112264446969533e+01 3.410697021484374858e+01 6.267098708077257774e-01
3.535341510267606679e+01 3.463028686523436761e+01 6.320912397250497694e-01
3.611162724367259358e+01 3.516371215820312557e+01 6.375499810668622258e-01
3.688610049124355328e+01 3.570693505859374284e+01 6.430896828974196344e-01
3.767718359156791053e+01 3.626399902343749915e+01 6.486906186423263554e-01
3.848523277026011158e+01 3.683785888671873465e+01 6.543391054165197396e-01
3.931061189277888701e+01 3.742104980468749176e+01 6.600771629624474501e-01
4.015369262827624652e+01 3.801490478515625426e+01 6.658996822224293455e-01
4.101485461696054102e+01 3.862475585937500000e+01 6.717804310719728278e-01
4.189448564104883843e+01 3.924793701171875426e+01 6.777357957480005801e-01
4.279298179938584923e+01 3.988644775390625341e+01 6.837574346561733352e-01
4.371074768580744063e+01 4.053682226562499125e+01 6.898658848380977426e-01
4.464819657132985498e+01 4.119746093749999716e+01 6.960716757452857228e-01
4.560575059024611022e+01 4.187729492187499147e+01 7.023303049963991462e-01
4.658384093021349059e+01 4.257220458984375000e+01 7.086657790168635618e-01
4.758290802641782591e+01 4.328314208984375000e+01 7.150755575534645248e-01
4.860340175990216238e+01 4.401074218750000000e+01 7.215588251594071689e-01
4.964578166014835858e+01 4.475000610351561647e+01 7.281438023842652374e-01
5.071051711200398415e+01 4.550704345703125142e+01 7.348014438497872947e-01
5.179808756704677108e+01 4.628074340820312216e+01 7.415400399624391126e-01
5.290898275948217844e+01 4.706999511718748863e+01 7.483677939530271050e-01
5.404370292667131537e+01 4.788024169921874318e+01 7.552597477507982937e-01
5.520275903438833609e+01 4.870848388671874574e+01 7.622338607005562094e-01
5.638667300690894280e+01 4.954827880859374289e+01 7.693250833782429021e-01
5.759597796203338760e+01 5.041140136718749432e+01 7.764770600962390690e-01
5.883121845115028492e+01 5.129396362304687074e+01 7.837121687654305946e-01
6.009295070444834863e+01 5.219207763671873579e+01 7.910524198701055498e-01
6.138174288138770862e+01 5.311118652343748892e+01 7.984737044546804663e-01
6.269817532654271020e+01 5.405384521484375426e+01 8.059665666386479632e-01
6.404284083093170921e+01 5.501416625976561647e+01 8.135627536568273976e-01
6.541634489895159277e+01 5.599392700195312500e+01 8.212564504605606164e-01
6.681930602103692252e+01 5.699779296874999801e+01 8.290281836951968186e-01
6.825235595216727802e+01 5.801954345703124005e+01 8.369108955602450051e-01
6.971613999634672609e+01 5.907006469726562159e+01 8.448557664980929083e-01
7.121131729718527481e+01 6.013691528320310908e+01 8.529251183549531046e-01
7.273856113471188678e+01 6.123098144531248721e+01 8.610706036403564800e-01
7.429855922855324479e+01 6.234604248046873920e+01 8.693247688219875036e-01
7.589201404761467984e+01 6.348443115234374545e+01 8.776798658054878466e-01
7.751964312640275523e+01 6.465174609374997772e+01 8.861134036136433245e-01
7.918217938813175749e+01 6.583985595703126137e+01 8.946662769691742234e-01
8.088037147475988320e+01 6.705622558593749716e+01 9.033076256713141738e-01
8.261498408410382410e+01 6.829618945312499534e+01 9.120621770880688040e-01
8.438679831418257038e+01 6.956761230468748636e+01 9.208979710220897008e-01
8.619661201494710667e+01 7.086462890625000455e+01 9.298450768774206843e-01
8.804524014755297401e+01 7.218697265624999204e+01 9.389081217311320282e-01
8.993351515133829821e+01 7.353864257812500682e+01 9.480729596938497483e-01
9.186228731867210229e+01 7.492065429687500000e+01 9.573389372418474874e-01
9.383242517784185566e+01 7.633300781250000000e+01 9.667099126433690293e-01
9.584481588415307840e+01 7.777709960937500000e+01 9.761837343608346096e-01
9.790036561941587934e+01 7.925118408203124432e+01 9.857718260415901934e-01
1.000000000000000000e+02 8.075748291015625568e+01 9.954685777729596063e-01
