# Neutral stability data for gamma=1.1
# Columns: heat release $Q$, activation energy $E_{act}$, frequency $\omega$
4.466835921509631491e-01 0.000000000000000000e+00 0.000000000000000000e+00
4.562634565507439621e-01 0.000000000000000000e+00 0.000000000000000000e+00
4.660487769008458403e-01 0.000000000000000000e+00 0.000000000000000000e+00
4.760439595420853376e-01 0.000000000000000000e+00 0.000000000000000000e+00
4.862535053165060739e-01 0.000000000000000000e+00 0.000000000000000000e+00
4.966820115941127933e-01 0.000000000000000000e+00 0.000000000000000000e+00
5.073341743430724859e-01 0.000000000000000000e+00 0.000000000000000000e+00
5.182147902443138276e-01 0.000000000000000000e+00 0.000000000000000000e+00
5.293287588514786757e-01 0.000000000000000000e+00 0.000000000000000000e+00
5.406810847971956768e-01 0.000000000000000000e+00 0.000000000000000000e+00
5.522768800466728578e-01 0.000000000000000000e+00 0.000000000000000000e+00
5.641213661996208328e-01 0.000000000000000000e+00 0.000000000000000000e+00
5.762198768415452976e-01 0.000000000000000000e+00 0.000000000000000000e+00
5.885778599454665194e-01 0.000000000000000000e+00 0.000000000000000000e+00
6.012008803251476241e-01 0.000000000000000000e+00 0.000000000000000000e+00
6.140946221409366856e-01 0.000000000000000000e+00 0.000000000000000000e+00
6.272648914593508263e-01 0.000000000000000000e+00 0.000000000000000000e+00
6.407176188675538508e-01 0.000000000000000000e+00 0.000000000000000000e+00
6.544588621439068055e-01 0.000000000000000000e+00 0.000000000000000000e+00
6.684948089857926101e-01 0.000000000000000000e+00 0.000000000000000000e+00
6.828317797959425617e-01 0.000000000000000000e+00 0.000000000000000000e+00
6.974762305285213682e-01 0.000000000000000000e+00 0.000000000000000000e+00
7.124347555962505796e-01 0.000000000000000000e+00 0.000000000000000000e+00
7.277140908398798125e-01 0.000000000000000000e+00 0.000000000000000000e+00
7.433211165613433646e-01 0.000000000000000000e+00 0.000000000000000000e+00
7.592628606219685716e-01 0.000000000000000000e+00 0.000000000000000000e+00
7.755465016071291240e-01 0.000000000000000000e+00 0.000000000000000000e+00
7.921793720587704257e-01 0.000000000000000000e+00 0.000000000000000000e+00
8.091689617772611642e-01 0.000000000000000000e+00 0.000000000000000000e+00
8.265229211940597898e-01 0.000000000000000000e+00 0.000000000000000000e+00
8.442490648167112477e-01 0.000000000000000000e+00 0.000000000000000000e+00
8.623553747477293863e-01 0.000000000000000000e+00 0.000000000000000000e+00
8.808500042789467743e-01 0.000000000000000000e+00 0.000000000000000000e+00
8.997412815629505234e-01 0.000000000000000000e+00 0.000000000000000000e+00
9.190377133632594564e-01 0.000000000000000000e+00 0.000000000000000000e+00
9.387479888849292742e-01 0.000000000000000000e+00 0.000000000000000000e+00
9.588809836873111170e-01 0.000000000000000000e+00 0.000000000000000000e+00
9.794457636807262224e-01 0.000000000000000000e+00 0.000000000000000000e+00
1.000451589208855463e+00 0.000000000000000000e+00 0.000000000000000000e+00
1.021907919218682403e+00 6.892262695312500398e+01 1.132769042494687683e+00
1.043824415519868820e+00 6.767226562500000853e+01 1.141169890274100762e+00
1.066210947135476594e+00 6.647166992187499091e+01 1.150137275447565166e+00
1.089077594746002076e+00 6.524619140624999147e+01 1.158005215572074142e+00
1.112434655228716540e+00 6.407092285156250000e+01 1.166443626663263178e+00
1.136292646294361885e+00 6.291564941406250000e+01 1.174853183026600689e+00
1.160662311223288112e+00 6.178037109375000568e+01 1.183232347756719482e+00
1.185554623703164223e+00 6.066064453125000000e+01 1.191555103949051730e+00
1.210980792770442349e+00 5.956726074218750000e+01 1.199907811557614057e+00
1.236952267857799548e+00 5.849450683593750000e+01 1.208258352221899035e+00
1.263480743949829899e+00 5.745031738281250000e+01 1.216756891514623407e+00
1.290578166849310149e+00 5.642517089843750000e+01 1.225237750176469520e+00
1.318256738556407237e+00 5.541748046875000000e+01 1.233635198148027134e+00
1.346528922763253311e+00 5.441772460937500000e+01 1.241921325642939333e+00
1.375407450466360260e+00 0.000000000000000000e+00 0.000000000000000000e+00
1.404905325699401963e+00 5.248962402343750000e+01 1.258585055837857070e+00
1.435035831388945082e+00 5.155334472656250000e+01 1.266922676477586718e+00
1.465812535335766498e+00 5.063293457031250000e+01 1.275235886995119694e+00
1.497249296324448364e+00 4.973632812500000000e+01 1.283600390584545892e+00
1.529360270364005014e+00 0.000000000000000000e+00 0.000000000000000000e+00
1.562159917062349912e+00 4.799072265625000000e+01 1.300273070726142288e+00
1.595663006137474360e+00 4.714331054687500000e+01 1.308600703899644779e+00
1.629884624068265842e+00 4.631018066406250000e+01 1.316898845295961795e+00
1.664840180887968035e+00 4.549926757812500000e+01 1.325253762813596081e+00
1.700545417123336955e+00 4.469946289062500000e+01 1.333551775023785746e+00
1.737016410882616491e+00 4.392187500000000000e+01 1.341926666643362687e+00
1.774269585095529456e+00 4.315539550781250000e+01 1.350238900337038084e+00
1.812321714908540438e+00 4.240478515625000000e+01 1.358552451757772506e+00
1.851189935238725104e+00 4.166687011718750000e+01 1.366832303168732832e+00
1.890891748489641699e+00 4.094482421875000000e+01 1.375118685123176032e+00
1.931445032432682396e+00 4.024261474609375000e+01 1.383465931501314916e+00
1.972868048257454321e+00 3.954833984375000000e+01 1.391729881460006313e+00
2.015179448794815364e+00 3.887390136718750000e+01 1.400062269994051478e+00
2.058398286916263586e+00 3.821533203125000000e+01 1.408411683100120770e+00
2.102544024113466747e+00 3.756311035156250000e+01 1.416660869555984581e+00
2.147636539261793764e+00 3.692993164062500000e+01 1.424982630748422130e+00
2.193696137571796267e+00 3.630786132812500000e+01 1.433274632572324903e+00
2.240743559732667922e+00 3.569689941406250000e+01 1.441527345033591923e+00
2.288799991251797117e+00 3.510260009765625000e+01 1.449831135483631517e+00
2.337887071994626975e+00 3.451940917968750000e+01 1.458111322372499963e+00
2.388026905929113042e+00 3.394653320312500000e+01 1.466353775203824927e+00
2.439242071079163132e+00 3.338714599609375000e+01 1.474611684565063197e+00
2.491555629691545981e+00 3.283966064453125000e+01 1.482863322695232133e+00
2.544991138620848137e+00 3.230487060546875000e+01 1.491125703421662063e+00
2.599572659937152697e+00 3.178039550781250000e+01 1.499361752477501808e+00
2.655324771761218283e+00 3.126464843750000000e+01 1.507545279632235058e+00
2.712272579332029032e+00 3.076477050781250000e+01 1.515807356756272872e+00
2.770441726311717368e+00 3.027084350585937500e+01 1.523972088375049827e+00
2.829858406332932397e+00 2.978881835937500000e+01 1.532150694492398157e+00
2.890549374793863979e+00 2.932067871093750000e+01 1.540386832079205792e+00
2.952541960906223117e+00 2.886047363281250000e+01 1.548570198891960459e+00
3.015864080001623648e+00 2.840820312500000000e+01 1.556701737617761871e+00
3.080544246101883932e+00 2.796783447265625000e+01 1.564864483178530774e+00
3.146611584758924884e+00 2.753540039062500000e+01 1.572981137462131640e+00
3.214095846170037074e+00 2.711486816406250000e+01 1.581138493169680137e+00
3.283027418574428147e+00 2.670227050781250000e+01 1.589256537843851458e+00
3.353437341937084426e+00 2.629760742187500000e+01 1.597337446435935560e+00
3.425357321926099985e+00 2.590286254882812500e+01 1.605428511225138744e+00
3.498819744189773928e+00 2.551684570312500000e+01 1.613507328421563081e+00
3.573857688939904076e+00 2.513916015625000000e+01 1.621568392208520448e+00
3.650504945847848237e+00 2.476980590820312500e+01 1.629615262394599418e+00
3.728796029260047717e+00 2.440917968750000000e+01 1.637661362466363846e+00
3.808766193739875128e+00 2.405609130859375000e+01 1.645681723185556722e+00
3.890451449942806672e+00 2.371093750000000000e+01 1.653689569475530918e+00
3.973888580832062090e+00 2.337332153320312500e+01 1.661678727682576850e+00
4.059115158242012633e+00 2.304284667968750000e+01 1.669642422126583980e+00
4.146169559796820003e+00 2.272070312500000000e+01 1.677615489570310370e+00
4.235090986191923257e+00 2.240411376953125000e+01 1.685528426795384505e+00
4.325919478846161681e+00 2.209625244140625000e+01 1.693469474546714260e+00
4.418695937932465512e+00 2.179473876953125000e+01 1.701378690524957271e+00
4.513462140795250654e+00 2.150115966796875000e+01 1.709303715418268865e+00
4.610260760762803223e+00 2.121154785156250000e+01 1.717136858330762683e+00
4.709135386363136000e+00 2.093185424804687500e+01 1.725050478683868738e+00
4.810130540951939260e+00 2.065612792968750000e+01 1.732878366490732347e+00
4.913291702761506841e+00 2.038833618164062500e+01 1.740739117506305167e+00
5.018665325379631170e+00 2.012570190429687500e+01 1.748555117070723197e+00
5.126298858667706959e+00 1.986901855468750000e+01 1.756353201466275271e+00
5.236240770127466249e+00 1.961907958984375000e+01 1.764161570872703200e+00
5.348540566725932699e+00 1.937469482421875000e+01 1.771947915112941141e+00
5.463248817188474327e+00 1.913586425781250000e+01 1.779715806871170258e+00
5.580417174769965349e+00 1.890258789062500000e+01 1.787468944987470554e+00
5.700098400514288066e+00 1.867486572265625000e+01 1.795211145542582543e+00
5.822346387012704128e+00 1.845269775390625000e+01 1.802946331816510428e+00
5.947216182671742679e+00 1.823608398437500000e+01 1.810678523076807878e+00
6.074764016501559283e+00 1.802581787109375000e+01 1.818438200663490933e+00
6.205047323435934459e+00 1.781753540039062500e+01 1.826083818550730209e+00
6.338124770195272539e+00 1.761718750000000000e+01 1.833817869513774346e+00
6.474056281704298144e+00 1.742080688476562500e+01 1.841511267004578123e+00
6.612903068076330548e+00 1.722839355468750000e+01 1.849166960896614365e+00
6.754727652176245378e+00 1.704193115234375000e+01 1.856856947901120325e+00
6.899593897774605189e+00 1.685943603515625000e+01 1.864516547722345763e+00
7.047567038305582621e+00 1.668090820312500000e+01 1.872148976709206547e+00
7.198713706241649746e+00 1.650753784179687500e+01 1.879799829102285935e+00
7.353101963098266580e+00 1.633813476562500000e+01 1.887430775499517432e+00
7.510801330082038874e+00 1.617309570312500000e+01 1.895059519940422321e+00
7.671882819396203423e+00 1.601321411132812500e+01 1.902718530083078230e+00
7.836418966217521209e+00 1.585769653320312500e+01 1.910383158014461458e+00
8.004483861358920649e+00 1.570495605468750000e+01 1.917999109198096130e+00
8.176153184632690696e+00 1.555618286132812500e+01 1.925613053509849681e+00
8.351504238929187807e+00 1.541336059570312500e+01 1.933301822813838333e+00
8.530615985026402726e+00 1.527252197265625000e+01 1.940922926564391027e+00
8.713569077146109620e+00 1.513584899902343750e+01 1.948560264954420695e+00
8.900445899272524386e+00 1.500393676757812500e+01 1.956239715550461167e+00
9.091330602249923842e+00 1.487480163574218750e+01 1.963890989326168013e+00
9.286309141675875622e+00 1.474844360351562500e+01 1.971517351800147644e+00
9.485469316607117563e+00 1.462763977050781250e+01 1.979226294513739770e+00
9.688900809095580158e+00 1.450961303710937500e+01 1.986917329651552766e+00
9.896695224572328087e+00 1.439436340332031250e+01 1.994593805345990623e+00
1.010894613309756984e+01 1.428327941894531250e+01 2.002311289967425356e+00
1.032574911149538543e+01 1.417497253417968750e+01 2.010021034793939787e+00
1.054720178639205663e+01 1.407083129882812500e+01 2.017778568349650747e+00
1.077340387817744194e+01 1.396926879882812500e+01 2.025527664572824627e+00
1.100445724590923113e+01 1.387008666992187500e+01 2.033264341881845461e+00
1.124046593318012732e+01 1.377586364746093750e+01 2.041088398191173159e+00
1.148153621496882870e+01 1.368362426757812500e+01 2.048891857124601756e+00
1.172777664549577281e+01 1.359436035156250000e+01 2.056715160443012724e+00
1.197929810710521714e+01 1.350906372070312500e+01 2.064598269514982931e+00
1.223621386019568469e+01 1.342674255371093750e+01 2.072507484687117874e+00
1.249863959422125248e+01 1.334640502929687500e+01 2.080409697724569185e+00
1.276669347978663005e+01 1.327003479003906250e+01 2.088380844776201783e+00
1.304049622185956636e+01 1.319564819335937500e+01 2.096351675075704080e+00
1.332017111412435639e+01 1.312423706054687500e+01 2.104361581694893069e+00
1.360584409450117604e+01 1.305679321289062500e+01 2.112448955419006236e+00
1.389764380185606463e+01 1.299133300781250000e+01 2.120545784056411698e+00
1.419570163392713980e+01 1.292785644531250000e+01 2.128655839773402114e+00
1.450015180649315916e+01 1.286834716796875000e+01 2.136851785427443140e+00
1.481113141381102949e+01 1.281082153320312500e+01 2.145067245609479922e+00
1.512878049034949512e+01 1.275527954101562500e+01 2.153306004752268965e+00
1.545324207384687476e+01 1.270370483398437500e+01 2.161638512798869538e+00
1.578466226972102682e+01 1.265411376953125000e+01 2.170000361248461740e+00
1.612319031686084614e+01 1.260749816894531250e+01 2.178427789306696560e+00
1.646897865482868895e+01 1.256250915527343714e+01 2.186879709435748609e+00
1.682218299250407867e+01 1.252140808105468750e+01 2.195432308808863642e+00
1.718296237819959060e+01 1.248252868652343750e+01 2.204034411004439864e+00
1.755147927128049190e+01 1.244503784179687500e+01 2.212663746837344458e+00
1.792789961532034582e+01 1.241032409667968750e+01 2.221366998642842372e+00
1.831239291282568615e+01 1.237894287109375036e+01 2.230163124329761271e+00
1.870513230156304729e+01 1.234922790527343750e+01 2.239005071864193397e+00
1.910629463252320193e+01 1.232284545898437500e+01 2.247944613802732139e+00
1.951606054955732006e+01 1.229785156250000000e+01 2.256928814901473679e+00
1.993461457072111287e+01 1.227563476562500000e+01 2.266000337558359501e+00
2.036214517136350821e+01 1.225619506835937500e+01 2.275161377378886574e+00
2.079884486899733176e+01 1.223953247070312500e+01 2.284414056794436210e+00
2.124491030999012509e+01 1.222425842285156250e+01 2.293725444390491752e+00
2.170054235811431198e+01 1.221176147460937500e+01 2.303134514095825924e+00
2.216594618499626890e+01 1.220134735107421875e+01 2.312626785916034766e+00
2.264133136250540446e+01 1.219371032714843750e+01 2.322221755409997535e+00
2.312691195712461223e+01 1.218815612792968750e+01 2.331905917273803031e+00
2.362290662634462635e+01 1.218468475341796875e+01 2.341682790392666913e+00
2.412953871712575449e+01 1.218399047851562500e+01 2.351570275693420697e+00
2.464703636647125862e+01 1.218537902832031250e+01 2.361556457374972773e+00
2.517563260415766990e+01 1.218954467773437500e+01 2.371658117683818290e+00
2.571556545766849311e+01 1.219509887695312500e+01 2.381851832422005710e+00
2.626707805937806128e+01 1.220343017578125000e+01 2.392167064135433119e+00
2.683041875603445092e+01 1.221453857421875000e+01 2.402605673764872662e+00
2.740584122059025773e+01 1.222842407226562500e+01 2.413169501374288206e+00
2.799360456643182360e+01 1.224369812011718750e+01 2.423839975501861144e+00
2.859397346405829055e+01 1.226174926757812500e+01 2.434641856190636222e+00
2.920721826026301571e+01 1.228118896484375000e+01 2.445559154444215011e+00
2.983361509987101456e+01 1.230479431152343750e+01 2.456630824251964107e+00
3.047344605008740004e+01 1.232978820800781250e+01 2.467824339706753634e+00
3.112699922751240322e+01 1.235736083984375000e+01 2.479157572050757707e+00
3.179456892788070022e+01 1.251732177734375107e+01 3.225027422266107391e-01
3.247645575858309996e+01 1.241905212402343750e+01 2.502243903388873925e+00
3.317296677403039240e+01 1.245376586914062500e+01 2.514008911210064756e+00
3.388441561392027523e+01 1.255572509765625000e+01 3.240093600332987767e-01
3.461112264446969533e+01 0.000000000000000000e+00 0.000000000000000000e+00
3.535341510267606679e+01 0.000000000000000000e+00 0.000000000000000000e+00
3.611162724367259358e+01 1.261697998046875036e+01 2.562608726536158343e+00
3.688610049124355328e+01 1.266403198242187500e+01 2.575160886129606475e+00
3.767718359156791053e+01 1.266601562500000000e+01 3.270861050228854872e-01
3.848523277026011158e+01 1.276519775390625000e+01 2.600771362676332910e+00
3.931061189277888701e+01 1.281974792480468750e+01 2.613837345195266781e+00
4.015369262827624652e+01 0.000000000000000000e+00 0.000000000000000000e+00
4.101485461696054102e+01 1.293777465820312500e+01 2.640504433922474803e+00
4.189448564104883843e+01 1.300025939941406250e+01 2.654114317459888905e+00
4.279298179938584923e+01 1.306552124023437500e+01 2.667912321384314112e+00
4.371074768580744063e+01 1.313286590576171875e+01 2.681905954277127968e+00
4.464819657132985498e+01 1.320368194580078125e+01 2.696091242317927961e+00
4.560575059024611022e+01 1.327697753906250000e+01 2.710477616733674378e+00
4.658384093021349059e+01 1.335334777832031250e+01 2.725064479733660061e+00
4.758290802641782591e+01 1.343246337890624886e+01 2.739858188985136778e+00
4.860340175990216238e+01 1.351394348144531143e+01 2.754867148783748387e+00
4.964578166014835858e+01 0.000000000000000000e+00 0.000000000000000000e+00
5.071051711200398415e+01 1.368640136718750000e+01 2.785522076544747261e+00
5.179808756704677108e+01 1.377721252441406108e+01 2.801177154096154531e+00
5.290898275948217844e+01 1.387107849121093750e+01 2.817055937008777100e+00
5.404370292667131537e+01 1.396827697753906250e+01 2.833158210229798524e+00
5.520275903438833609e+01 1.406805419921875000e+01 2.849500311284423937e+00
5.638667300690894280e+01 1.417080688476562500e+01 2.866081144367682576e+00
5.759597796203338760e+01 1.427703094482421875e+01 2.882896407611065914e+00
5.883121845115028492e+01 1.438603210449218750e+01 2.899963657892081326e+00
6.009295070444834863e+01 1.449919891357421875e+01 2.917260142230197140e+00
6.138174288138770862e+01 1.461514282226562500e+01 2.934818256892815391e+00
6.269817532654271020e+01 1.473455810546875000e+01 2.952628783570428794e+00
6.404284083093170921e+01 1.485744476318359375e+01 2.970696467073730584e+00
6.541634489895159277e+01 1.498380279541015625e+01 2.989026310181667423e+00
6.681930602103692252e+01 1.511363220214843750e+01 3.007623551847248500e+00
6.825235595216727802e+01 1.524693298339843750e+01 3.026493680119323848e+00
6.971613999634672609e+01 1.538426055908203338e+01 3.045627419061957220e+00
7.121131729718527481e+01 1.552603149414062500e+01 3.065017709653515166e+00
7.273856113471188678e+01 0.000000000000000000e+00 0.000000000000000000e+00
7.429855922855324479e+01 1.581881713867187500e+01 3.104704242650770496e+00
7.589201404761467984e+01 1.597155761718750000e+01 3.124963302855642944e+00
7.751964312640275523e+01 1.612796783447265625e+01 3.145523906002982262e+00
7.918217938813175749e+01 1.628834533691406250e+01 3.166383371570923533e+00
8.088037147475988320e+01 1.645278930664062500e+01 3.187544850524214546e+00
8.261498408410382410e+01 1.662239074707031250e+01 3.208978244641339739e+00
8.438679831418257038e+01 1.679496765136718750e+01 3.230762591804322348e+00
8.619661201494710667e+01 1.697270202636718750e+01 3.252831031669330297e+00
8.804524014755297401e+01 1.715529632568359375e+01 3.275199154720330519e+00
8.993351515133829821e+01 1.734146118164062500e+01 3.297919869364202672e+00
9.186228731867210229e+01 1.753288269042968750e+01 3.320939617974722147e+00
9.383242517784185566e+01 1.772827148437500000e+01 3.344312894235440758e+00
9.584481588415307840e+01 1.792861938476562500e+01 3.368010320878902508e+00
9.790036561941587934e+01 1.813471984863281250e+01 3.392007988685816322e+00
1.000000000000000000e+02 1.834508514404296875e+01 3.416370848512003011e+00
