# Neutral stability data for gamma=1.4
# Columns: heat release $Q$, activation energy $E_{act}$, frequency $\omega$
4.466835921509631491e-01 3.070957763671874829e+01 1.941003831640573385e-01
4.562634565507439621e-01 3.036899414062499858e+01 1.956423521294753942e-01
4.660487769008458403e-01 3.002685546875000000e+01 1.971867534900956787e-01
4.760439595420853376e-01 2.969249267578125284e+01 1.987340988971896816e-01
4.862535053165060739e-01 2.936590576171875000e+01 2.002842595147756866e-01
4.966820115941127933e-01 2.904931640625000000e+01 2.018373699897598184e-01
5.073341743430724859e-01 2.873250488281249915e+01 2.033920363311357005e-01
5.182147902443138276e-01 2.841835937499999787e+01 2.049482710575152022e-01
5.293287588514786757e-01 2.811510009765624574e+01 2.065070958266707613e-01
5.406810847971956768e-01 2.781628417968750000e+01 2.080674207603270820e-01
5.522768800466728578e-01 2.752746582031250000e+01 2.096300528163787535e-01
5.641213661996208328e-01 2.723864746093750000e+01 2.111930438586890890e-01
5.762198768415452976e-01 2.696093750000000000e+01 2.127583134698795564e-01
5.885778599454665194e-01 2.668322753906250000e+01 2.143235181654663257e-01
6.012008803251476241e-01 2.641107177734375000e+01 2.158895703140447375e-01
6.140946221409366856e-01 2.614685058593750000e+01 2.174569095688696774e-01
6.272648914593508263e-01 2.588666015624999872e+01 2.190245100495993857e-01
6.407176188675538508e-01 2.563072265625000057e+01 2.205922570994222343e-01
6.544588621439068055e-01 2.537878417968750000e+01 2.221599197132988202e-01
6.684948089857926101e-01 2.513217773437499858e+01 2.237277217110485716e-01
6.828317797959425617e-01 2.489223632812500142e+01 2.252959662667323171e-01
6.974762305285213682e-01 2.465229492187499716e+01 2.268625035403576962e-01
7.124347555962505796e-01 2.442568359374999787e+01 2.284314337241159787e-01
7.277140908398798125e-01 2.419907226562499858e+01 2.299984356498564197e-01
7.433211165613433646e-01 2.397246093750000284e+01 2.315632669859878368e-01
7.592628606219685716e-01 2.375695800781250000e+01 2.331296981943060398e-01
7.755465016071291240e-01 2.354256591796874787e+01 2.346941519423886291e-01
7.921793720587704257e-01 2.333261718749999858e+01 2.362577277045862234e-01
8.091689617772611642e-01 2.312733398437499943e+01 2.378204619051508539e-01
8.265229211940597898e-01 2.292827148437499574e+01 2.393829492645737633e-01
8.442490648167112477e-01 2.273387451171874574e+01 2.409445508555731474e-01
8.623553747477293863e-01 2.253947753906249574e+01 2.425032833419609180e-01
8.808500042789467743e-01 2.235285644531249361e+01 2.440623635950823211e-01
8.997412815629505234e-01 2.216623535156249503e+01 2.456184424849290060e-01
9.190377133632594564e-01 2.198739013671874432e+01 2.471749239987234281e-01
9.387479888849292742e-01 2.180854492187499716e+01 2.487283167698582653e-01
9.588809836873111170e-01 2.163747558593749787e+01 2.502822127850887757e-01
9.794457636807262224e-01 2.146640624999999858e+01 2.518329823993439853e-01
1.000451589208855463e+00 2.130311279296874716e+01 2.533843968272670444e-01
1.021907919218682403e+00 2.113981933593749929e+01 2.549327013324607094e-01
1.043824415519868820e+00 2.098430175781249929e+01 2.564818282568570029e-01
1.066210947135476594e+00 2.082989501953125000e+01 2.580284938938475769e-01
1.089077594746002076e+00 2.068215332031250142e+01 2.595756087170024151e-01
1.112434655228716540e+00 2.053441162109375284e+01 2.611198396107893283e-01
1.136292646294361885e+00 2.039055786132812997e+01 2.626632702767328631e-01
1.160662311223288112e+00 2.025447998046875142e+01 2.642080714637657368e-01
1.185554623703164223e+00 2.011451416015624716e+01 2.657482258733651626e-01
1.210980792770442349e+00 1.998232421874999787e+01 2.672900198464772670e-01
1.236952267857799548e+00 1.985402221679687429e+01 2.688315504342851381e-01
1.263480743949829899e+00 1.972572021484374716e+01 2.703708648515090740e-01
1.290578166849310149e+00 1.960797119140625000e+01 2.719138487327685816e-01
1.318256738556407237e+00 1.948577880859375000e+01 2.734525787884259374e-01
1.346528922763253311e+00 1.936914062500000000e+01 2.749926242103580276e-01
1.375407450466360260e+00 1.925805664062500000e+01 2.765342048039179934e-01
1.404905325699401963e+00 1.915252685546875000e+01 2.780774748031386023e-01
1.435035831388945082e+00 1.904699707031250000e+01 2.796197250182335114e-01
1.465812535335766498e+00 1.894146728515625000e+01 2.811612411695288416e-01
1.497249296324448364e+00 1.884149169921875000e+01 2.827051461929288023e-01
1.529360270364005014e+00 1.874707031250000000e+01 2.842516668713747086e-01
1.562159917062349912e+00 1.865264892578125000e+01 2.857982392908148261e-01
1.595663006137474360e+00 1.856378173828125000e+01 2.873479321274829412e-01
1.629884624068265842e+00 1.847491455078125000e+01 2.888982952302208140e-01
1.664840180887968035e+00 1.839160156250000000e+01 2.904523304217856428e-01
1.700545417123336955e+00 1.831384277343750000e+01 2.920102406615848190e-01
1.737016410882616491e+00 1.823608398437500000e+01 2.935697972460998839e-01
1.774269585095529456e+00 1.815832519531250000e+01 2.951314363459734413e-01
1.812321714908540438e+00 1.808929443359375000e+01 2.966992326059766927e-01
1.851189935238725104e+00 1.802185058593750000e+01 2.982704132070828074e-01
1.890891748489641699e+00 1.795532714843749744e+01 2.998451675650897763e-01
1.931445032432682396e+00 1.789134277343750057e+01 3.014245270706170099e-01
1.972868048257454321e+00 1.783135742187499773e+01 3.030093889965149723e-01
2.015179448794815364e+00 1.777537109374999957e+01 3.046000791395533369e-01
2.058398286916263586e+00 1.772271728515625000e+01 3.061967108926659242e-01
2.102544024113466747e+00 1.767272949218749645e+01 3.077997458062816105e-01
2.147636539261793764e+00 1.762607421874999858e+01 3.094091997445643227e-01
2.193696137571796267e+00 1.757941894531249716e+01 3.110249957964635881e-01
2.240743559732667922e+00 1.753942871093749645e+01 3.126490954291410995e-01
2.288799991251797117e+00 1.749943847656249929e+01 3.142804784006180685e-01
2.337887071994626975e+00 1.746611328124999929e+01 3.159207753679552644e-01
2.388026905929113042e+00 1.743278808593749929e+01 3.175693466111904617e-01
2.439242071079163132e+00 1.740279541015625142e+01 3.192271656413115943e-01
2.491555629691545981e+00 1.737557983398437500e+01 3.208946205436114529e-01
2.544991138620848137e+00 1.735003051757812287e+01 3.225721495243397685e-01
2.599572659937152697e+00 1.733059082031249787e+01 3.242603249870535387e-01
2.655324771761218283e+00 1.731503906249999858e+01 3.259593636757880386e-01
2.712272579332029032e+00 1.729782104492187500e+01 3.276701096768689370e-01
2.770441726311717368e+00 1.728671264648437500e+01 3.293926214538074881e-01
2.829858406332932397e+00 1.727838134765625000e+01 3.311275545028612988e-01
2.890549374793863979e+00 1.727282714843750000e+01 3.328754241424992655e-01
2.952541960906223117e+00 1.726749511718750085e+01 3.346373177032251345e-01
3.015864080001623648e+00 1.726749511718750085e+01 3.364127253180267396e-01
3.080544246101883932e+00 1.727216064453125099e+01 3.382020966263239448e-01
3.146611584758924884e+00 1.727682617187500114e+01 3.400073071478705300e-01
3.214095846170037074e+00 1.728615722656250142e+01 3.418274941984313364e-01
3.283027418574428147e+00 1.730015380859375185e+01 3.436629878812567096e-01
3.353437341937084426e+00 1.731415039062500227e+01 3.455162408500505600e-01
3.425357321926099985e+00 1.733281249999999929e+01 3.473858523773888374e-01
3.498819744189773928e+00 1.735614013671875000e+01 3.492721619719325044e-01
3.573857688939904076e+00 1.737946777343750071e+01 3.511782304816039590e-01
3.650504945847848237e+00 1.740946044921874858e+01 3.531008402914670996e-01
3.728796029260047717e+00 1.743945312500000000e+01 3.550445500975358826e-01
3.808766193739875128e+00 1.747611083984374858e+01 3.570055635426486185e-01
3.890451449942806672e+00 1.751276855468749716e+01 3.589890631398285903e-01
3.973888580832062090e+00 1.755275878906249787e+01 3.609933444338592756e-01
4.059115158242012633e+00 1.759941406249999574e+01 3.630161413103481505e-01
4.146169559796820003e+00 1.764606933593749716e+01 3.650635468929231964e-01
4.235090986191923257e+00 1.769938964843749929e+01 3.671302863221599377e-01
4.325919478846161681e+00 1.775270996093749787e+01 3.692231188373780171e-01
4.418695937932465512e+00 1.781136230468749915e+01 3.713375366974604463e-01
4.513462140795250654e+00 1.787134765624999844e+01 3.734782179865359097e-01
4.610260760762803223e+00 1.793533203124999886e+01 3.756430228709202734e-01
4.709135386363136000e+00 1.800331542968749687e+01 3.778324884312009857e-01
4.810130540951939260e+00 1.807739257812500000e+01 3.800446062753682908e-01
4.913291702761506841e+00 1.815277099609375000e+01 3.822856897738663995e-01
5.018665325379631170e+00 1.823052978515625000e+01 3.845552529369377637e-01
5.126298858667706959e+00 1.831384277343750000e+01 3.868497892025674623e-01
5.236240770127466249e+00 1.840270996093750000e+01 3.891696541995184333e-01
5.348540566725932699e+00 1.849157714843750000e+01 3.915232848332233506e-01
5.463248817188474327e+00 1.858599853515625000e+01 3.939035191150163095e-01
5.580417174769965349e+00 1.868597412109375000e+01 3.963107586337550892e-01
5.700098400514288066e+00 1.878594970703125000e+01 3.987542317969483552e-01
5.822346387012704128e+00 1.889425659179687500e+01 4.012215315613317790e-01
5.947216182671742679e+00 1.900256347656250000e+01 4.037266790117868265e-01
6.074764016501559283e+00 1.911920166015625000e+01 4.062565501513670796e-01
6.205047323435934459e+00 1.923583984375000000e+01 4.088259419077558410e-01
6.338124770195272539e+00 1.936080932617187500e+01 4.114210077131521537e-01
6.474056281704298144e+00 1.948577880859375000e+01 4.140573161998880036e-01
6.612903068076330548e+00 1.961907958984375000e+01 4.167203169533523210e-01
6.754727652176245378e+00 1.975515747070312500e+01 4.194209454024818706e-01
6.899593897774605189e+00 1.989678955078125000e+01 4.221545993786718909e-01
7.047567038305582621e+00 2.004119873046875000e+01 4.249274892954374439e-01
7.198713706241649746e+00 2.019116210937500000e+01 4.277347890429911148e-01
7.353101963098266580e+00 2.034390258789062500e+01 4.305829692306832324e-01
7.510801330082038874e+00 2.050219726562500000e+01 4.334670050371050576e-01
7.671882819396203423e+00 2.066604614257812500e+01 4.363875421763127593e-01
7.836418966217521209e+00 2.083544921875000000e+01 4.393452364907536323e-01
8.004483861358920649e+00 2.100762939453125000e+01 4.423470440730426501e-01
8.176153184632690696e+00 2.118536376953125000e+01 4.453875846904054026e-01
8.351504238929187807e+00 2.136865234375000000e+01 4.484675761352827639e-01
8.530615985026402726e+00 0.000000000000000000e+00 0.000000000000000000e+00
8.713569077146109620e+00 0.000000000000000000e+00 0.000000000000000000e+00
8.900445899272524386e+00 2.195239868164062358e+01 4.579503372167337272e-01
9.091330602249923842e+00 2.215845947265624716e+01 4.611942667140855323e-01
9.286309141675875622e+00 2.236840820312499289e+01 4.644856404213335010e-01
9.485469316607117563e+00 2.258613281249999716e+01 4.678155907403515057e-01
9.688900809095580158e+00 2.280774536132812713e+01 4.711947300743328237e-01
9.896695224572328087e+00 2.303768920898437500e+01 4.746125643440040065e-01
1.010894613309756984e+01 0.000000000000000000e+00 0.000000000000000000e+00
1.032574911149538543e+01 2.307934570312500000e+01 1.572969218274426068e-02
1.054720178639205663e+01 0.000000000000000000e+00 0.000000000000000000e+00
1.077340387817744194e+01 2.401324462890625000e+01 4.887586587800332727e-01
1.100445724590923113e+01 2.427238769531249929e+01 4.924149966676134027e-01
1.124046593318012732e+01 2.453565673828124716e+01 4.961265618557266222e-01
1.148153621496882870e+01 2.480892333984375142e+01 4.998781298711074683e-01
1.172777664549577281e+01 2.508752197265625128e+01 5.036834835159613721e-01
1.197929810710521714e+01 0.000000000000000000e+00 0.000000000000000000e+00
1.223621386019568469e+01 2.567071289062499773e+01 5.114313721677070657e-01
1.249863959422125248e+01 2.597063964843749773e+01 5.153890348348830752e-01
1.276669347978663005e+01 2.627777099609375000e+01 5.193992009036837443e-01
1.304049622185956636e+01 2.659436035156250000e+01 5.234563369604339211e-01
1.332017111412435639e+01 2.691650390625000000e+01 5.275727915900186860e-01
1.360584409450117604e+01 2.724975585937500000e+01 5.317333578926599635e-01
1.389764380185606463e+01 2.758856201171875000e+01 5.359553866895043761e-01
1.419570163392713980e+01 2.793292236328125000e+01 5.402400650867261733e-01
1.450015180649315916e+01 2.828839111328125000e+01 5.445719787514409216e-01
1.481113141381102949e+01 2.865496826171875000e+01 5.489521053650697757e-01
1.512878049034949512e+01 2.902709960937500000e+01 5.533982397995219626e-01
1.545324207384687476e+01 2.940478515625000000e+01 5.579116356902640295e-01
1.578466226972102682e+01 2.979746704101562571e+01 5.624648384138692947e-01
1.612319031686084614e+01 3.019403686523437358e+01 5.670927290747531657e-01
1.646897865482868895e+01 3.060227050781250213e+01 5.717728512587989531e-01
1.682218299250407867e+01 3.102216796875000071e+01 5.765063488753960907e-01
1.718296237819959060e+01 3.144828613281249829e+01 5.813111576054308394e-01
1.755147927128049190e+01 3.188751220703125000e+01 5.861673448104642858e-01
1.792789961532034582e+01 3.233406982421874432e+01 5.910939908560551848e-01
1.831239291282568615e+01 3.279284667968750000e+01 5.960772727288120576e-01
1.870513230156304729e+01 3.325939941406250000e+01 6.011322804819139165e-01
1.910629463252320193e+01 3.373761596679686647e+01 6.062482755391878086e-01
1.951606054955732006e+01 3.422749633789061363e+01 6.114265958393528821e-01
1.993461457072111287e+01 3.472904052734373437e+01 6.166686007448052287e-01
2.036214517136350821e+01 3.523991577148436249e+01 6.219829594542226614e-01
2.079884486899733176e+01 3.576310800781248389e+01 6.273617703629505993e-01
2.124491030999012509e+01 3.630132324218750028e+01 6.327980063420304280e-01
2.170054235811431198e+01 3.684718994140624204e+01 6.383161621020814191e-01
2.216594618499626890e+01 3.740425390624999125e+01 6.439066215367053037e-01
2.264133136250540446e+01 3.797824707031250568e+01 6.495529973685093550e-01
2.312691195712461223e+01 3.856477050781249716e+01 6.552705424648588295e-01
2.362290662634462635e+01 3.916129150390624147e+01 6.610687162725555899e-01
2.412953871712575449e+01 3.977114257812500142e+01 6.669386704542060729e-01
2.464703636647125862e+01 4.039965576171873352e+01 6.728654032667018559e-01
2.517563260415766990e+01 4.103749999999999432e+01 6.788796039990452336e-01
2.571556545766849311e+01 4.168934082031249488e+01 6.849683608372963972e-01
2.626707805937806128e+01 4.235877734374999193e+01 6.911221924478153644e-01
2.683041875603445092e+01 4.303875732421875000e+01 6.973646642883569724e-01
2.740584122059025773e+01 4.373858642578125000e+01 7.036686711534815286e-01
2.799360456643182360e+01 4.444952392578125000e+01 7.100629943505858410e-01
2.859397346405829055e+01 4.517712402343750000e+01 7.165322284174524547e-01
2.920721826026301571e+01 4.592305297851562784e+01 7.230730817307278180e-01
2.983361509987101456e+01 4.668120117187499574e+01 7.297061151354367059e-01
3.047344605008740004e+01 4.746034423828125171e+01 7.364063139383558720e-01
3.112699922751240322e+01 4.825748291015624858e+01 7.431847740181211082e-01
3.179456892788070022e+01 4.906617431640624716e+01 7.500629751255830646e-01
3.247645575858309996e+01 4.989819335937499289e+01 7.570070851422180391e-01
3.317296677403039240e+01 5.074576416015624858e+01 7.640426516290989012e-01
3.388441561392027523e+01 5.161075292968750006e+01 7.711659798341301553e-01
3.461112264446969533e+01 5.249533691406249858e+01 7.783725382175237240e-01
3.535341510267606679e+01 5.340231542968749778e+01 7.856560613405039195e-01
3.611162724367259358e+01 5.432600097656249716e+01 7.930355986765910137e-01
3.688610049124355328e+01 5.527077026367186363e+01 8.005002182590070792e-01
3.767718359156791053e+01 5.623886718749999147e+01 8.080454834460482072e-01
3.848523277026011158e+01 5.722096069335935908e+01 8.157010085701519309e-01
3.931061189277888701e+01 5.823182495117185908e+01 8.234256258333034761e-01
4.015369262827624652e+01 5.926057373046874233e+01 8.312534541266505261e-01
4.101485461696054102e+01 6.031109497070310965e+01 8.391753551471620165e-01
4.189448564104883843e+01 6.138774316406247777e+01 8.471810771126455641e-01
4.279298179938584923e+01 6.248600830078125057e+01 8.552859818517098978e-01
4.371074768580744063e+01 6.361040039062498863e+01 8.634795103258832150e-01
4.464819657132985498e+01 6.475252148437498079e+01 8.717879442621537800e-01
4.560575059024611022e+01 6.592983398437502274e+01 8.801642029652044785e-01
4.658384093021349059e+01 6.712287597656249716e+01 8.886657653784016953e-01
4.758290802641782591e+01 6.834657714843748977e+01 8.972530496189620175e-01
4.860340175990216238e+01 6.959560546874999432e+01 9.059435842767641356e-01
4.964578166014835858e+01 7.087395996093749773e+01 9.147288483413302806e-01
5.071051711200398415e+01 7.217897460937498977e+01 9.236188528498463501e-01
5.179808756704677108e+01 7.350665039062499773e+01 9.326270861089999142e-01
5.290898275948217844e+01 7.486907958984375000e+01 9.417231801264454027e-01
5.404370292667131537e+01 7.626080322265625000e+01 9.509248241788608169e-01
5.520275903438833609e+01 7.767712402343750000e+01 9.602473206830661745e-01
5.638667300690894280e+01 7.913065795898437216e+01 9.696596284162473101e-01
5.759597796203338760e+01 8.060974121093750000e+01 9.791956949753655159e-01
5.883121845115028492e+01 8.212603759765625000e+01 9.888274680331611277e-01
6.009295070444834863e+01 8.367421508789063012e+01 9.985719963827488499e-01
6.138174288138770862e+01 8.525660644531251364e+01 1.008426120137808413e+00
6.269817532654271020e+01 8.687265625000000568e+01 1.018394275698478957e+00
6.404284083093170921e+01 8.852114257812499432e+01 1.028482573462212502e+00
6.541634489895159277e+01 9.020073242187498863e+01 1.038697308375534201e+00
6.681930602103692252e+01 9.192386718749999375e+01 1.049009958444929724e+00
6.825235595216727802e+01 9.368525927734373226e+01 1.059437258920879144e+00
6.971613999634672609e+01 9.547588867187498352e+01 1.070004865339458933e+00
7.121131729718527481e+01 9.731410644531248977e+01 1.080670221768960326e+00
7.273856113471188678e+01 9.918853759765625000e+01 1.091464917026099934e+00
7.429855922855324479e+01 1.011014038085937301e+02 1.102386657157534700e+00
7.589201404761467984e+01 1.030593701171874983e+02 1.113422570302702974e+00
7.751964312640275523e+01 1.050602592773437323e+02 1.124581448962877817e+00
7.918217938813175749e+01 1.071004943847656392e+02 1.135875269430621559e+00
8.088037147475988320e+01 1.091852075195312466e+02 1.147295166105888997e+00
8.261498408410382410e+01 1.113123769531249962e+02 1.158849408918984025e+00
8.438679831418257038e+01 1.134883789062499915e+02 1.170526580940321137e+00
8.619661201494710667e+01 1.157091699218749881e+02 1.182339764953556083e+00
8.804524014755297401e+01 1.179866937499999722e+02 1.194265132240595051e+00
8.993351515133829821e+01 1.203000488281250000e+02 1.206354348442404190e+00
9.186228731867210229e+01 1.226728027343750114e+02 1.218557295458496226e+00
9.383242517784185566e+01 1.250882128906250017e+02 1.230915710412815223e+00
9.584481588415307840e+01 1.275676074218749960e+02 1.243385640324705443e+00
9.790036561941587934e+01 1.300869921875000159e+02 1.256024416541705380e+00
1.000000000000000000e+02 1.326679619140624595e+02 1.268788090429232795e+00
