# Neutral stability data for gamma=1.1
# Columns: heat release $Q$, activation energy $E_{act}$, frequency $\omega$
4.466835921509631491e-01 9.448679687499998181e+01 1.573506983008772231e-01
4.562634565507439621e-01 9.303115234374999432e+01 1.591471491944096983e-01
4.660487769008458403e-01 9.162705078124999147e+01 1.609630774445851009e-01
4.760439595420853376e-01 9.025849609375001137e+01 1.627953476357154872e-01
4.862535053165060739e-01 8.889438476562500568e+01 1.646357150370658107e-01
4.966820115941127933e-01 8.755693359375000284e+01 1.664902722314225425e-01
5.073341743430724859e-01 8.624169921875000000e+01 1.683578036188658755e-01
5.182147902443138276e-01 8.495312500000000000e+01 1.702396279938536150e-01
5.293287588514786757e-01 8.370009765624999432e+01 1.721386642630399477e-01
5.406810847971956768e-01 8.243729492187500796e+01 1.740390334450386822e-01
5.522768800466728578e-01 8.121625976562501137e+01 1.759577743569418207e-01
5.641213661996208328e-01 8.002099609375000000e+01 1.778889909043047668e-01
5.762198768415452976e-01 7.882128906250000000e+01 1.798203961401253770e-01
5.885778599454665194e-01 7.766601562500000000e+01 1.817581052086723326e-01
6.012008803251476241e-01 7.651074218750000000e+01 1.837207926839865002e-01
6.140946221409366856e-01 7.537768554687500000e+01 1.856803690399647655e-01
6.272648914593508263e-01 7.427606249999999477e+01 1.876532650383483936e-01
6.407176188675538508e-01 7.319472656249999432e+01 1.896212228068847594e-01
6.544588621439068055e-01 7.210699218749999773e+01 1.915995816844564548e-01
6.684948089857926101e-01 7.106191406250002274e+01 1.935975083571320754e-01
6.828317797959425617e-01 7.002216796874999716e+01 1.955960956778885484e-01
6.974762305285213682e-01 6.900908203125000284e+01 1.976061370188957889e-01
7.124347555962505796e-01 6.799599609374998010e+01 1.996066541544553041e-01
7.277140908398798125e-01 6.700957031249998863e+01 2.016296996838028710e-01
7.433211165613433646e-01 6.604980468750000000e+01 2.036579774189782865e-01
7.592628606219685716e-01 6.509448242187500000e+01 2.056834232612444469e-01
7.755465016071291240e-01 6.417026367187499147e+01 2.077225420610375461e-01
7.921793720587704257e-01 6.325582031249999204e+01 2.097614004460861548e-01
8.091689617772611642e-01 6.234137695312499261e+01 2.117923897648305853e-01
8.265229211940597898e-01 6.144870605468749147e+01 2.138299119950541893e-01
8.442490648167112477e-01 6.057780761718748863e+01 2.158740743443189891e-01
8.623553747477293863e-01 5.970690917968750000e+01 2.179079604205079734e-01
8.808500042789467743e-01 5.886711425781250284e+01 2.199551351005266941e-01
8.997412815629505234e-01 5.804287109374999432e+01 2.220034713092021161e-01
9.190377133632594564e-01 5.721862792968750000e+01 2.240392723743819259e-01
9.387479888849292742e-01 5.640993652343749432e+01 2.260746898203148114e-01
9.588809836873111170e-01 5.561679687499999147e+01 2.281093550106500500e-01
9.794457636807262224e-01 5.483920898437499858e+01 2.301429369910154843e-01
1.000451589208855463e+00 5.407717285156250853e+01 2.321750915857042907e-01
1.021907919218682403e+00 5.331958007812500000e+01 2.341944480992548261e-01
1.043824415519868820e+00 5.258642578125000000e+01 2.362203586668504274e-01
1.066210947135476594e+00 5.185771484375000284e+01 2.382322741875385896e-01
1.089077594746002076e+00 5.114233398437499289e+01 2.402387381902721109e-01
1.112434655228716540e+00 5.042695312499999716e+01 2.422245443747933213e-01
1.136292646294361885e+00 4.974267578125000000e+01 2.442239367873448030e-01
1.160662311223288112e+00 4.905839843749999574e+01 2.462015379418633909e-01
1.185554623703164223e+00 4.838967285156250853e+01 2.481746335986606544e-01
1.210980792770442349e+00 4.772094726562500000e+01 2.501237333091081427e-01
1.236952267857799548e+00 4.707666015625000000e+01 2.520784330359135961e-01
1.263480743949829899e+00 4.643237304687500000e+01 2.540074079751206138e-01
1.290578166849310149e+00 4.581030273437500000e+01 2.559388443013331238e-01
1.318256738556407237e+00 4.518823242187500000e+01 2.578409108694874607e-01
1.346528922763253311e+00 4.458837890625000000e+01 2.597468518539094995e-01
1.375407450466360260e+00 4.398852539062500000e+01 2.616238617049601034e-01
1.404905325699401963e+00 4.339978027343750000e+01 2.634868034630374334e-01
1.435035831388945082e+00 4.282214355468750000e+01 2.653353149137330225e-01
1.465812535335766498e+00 4.224609375000000000e+01 2.671535740688147365e-01
1.497249296324448364e+00 4.169333984374999602e+01 2.689754157954171165e-01
1.529360270364005014e+00 4.113347656249999318e+01 2.707531987274429675e-01
1.562159917062349912e+00 4.059760742187499005e+01 2.725357751333107315e-01
1.595663006137474360e+00 4.006440429687499005e+01 2.742886984491084146e-01
1.629884624068265842e+00 3.953120117187499716e+01 2.760068159509186936e-01
1.664840180887968035e+00 3.901132812499999147e+01 2.777096472407623029e-01
1.700545417123336955e+00 3.850478515624999432e+01 2.793986610180303476e-01
1.737016410882616491e+00 3.801157226562500568e+01 2.810738974896542786e-01
1.774269585095529456e+00 3.751391601562500000e+01 2.827031951569851653e-01
1.812321714908540438e+00 3.702914550781249403e+01 2.843170572434644550e-01
1.851189935238725104e+00 3.655326171874999375e+01 2.859080920992537189e-01
1.890891748489641699e+00 3.608670898437499375e+01 2.874763250175255691e-01
1.931445032432682396e+00 3.562326660156250568e+01 2.890113054718402297e-01
1.972868048257454321e+00 3.516448974609374289e+01 2.905144604075571291e-01
2.015179448794815364e+00 3.472126464843748295e+01 2.920047646680636877e-01
2.058398286916263586e+00 3.427803955078124432e+01 2.934542484158322306e-01
2.102544024113466747e+00 3.384259033203124289e+01 2.948772284525404963e-01
2.147636539261793764e+00 3.341491699218750000e+01 2.962734268315836972e-01
2.193696137571796267e+00 3.299501953124999432e+01 2.976433364896249878e-01
2.240743559732667922e+00 3.258289794921874716e+01 2.989853234801576054e-01
2.288799991251797117e+00 3.217077636718750000e+01 3.002840055681760822e-01
2.337887071994626975e+00 3.177087402343750000e+01 3.015647035688249766e-01
2.388026905929113042e+00 3.138296874999999986e+01 3.028271361548616758e-01
2.439242071079163132e+00 3.099106445312499858e+01 3.040371533251479130e-01
2.491555629691545981e+00 3.061004638671875000e+01 3.052264242933119820e-01
2.544991138620848137e+00 3.023236083984375000e+01 3.063787284677133571e-01
2.599572659937152697e+00 2.986022949218750000e+01 3.074988259772200583e-01
2.655324771761218283e+00 2.949920654296875000e+01 3.085988866027598587e-01
2.712272579332029032e+00 2.914040527343750142e+01 3.096603909713773195e-01
2.770441726311717368e+00 2.878271484375000000e+01 3.106792241884498429e-01
2.829858406332932397e+00 2.843835449218750000e+01 3.116833782106773754e-01
2.890549374793863979e+00 2.809399414062500000e+01 3.126437906600076921e-01
2.952541960906223117e+00 2.776074218750000000e+01 3.135845620894648356e-01
3.015864080001623648e+00 2.742749023437500000e+01 3.144814353242310068e-01
3.080544246101883932e+00 2.709979248046875000e+01 3.153473850048944538e-01
3.146611584758924884e+00 2.678320312500000000e+01 3.161948911332809753e-01
3.214095846170037074e+00 2.646661376953125000e+01 3.169995804651590809e-01
3.283027418574428147e+00 2.615478515625000000e+01 3.177714694338971135e-01
3.353437341937084426e+00 2.584666992187499801e+01 3.185093660467916421e-01
3.425357321926099985e+00 2.554674316406249801e+01 3.192233458899398912e-01
3.498819744189773928e+00 2.525214843750000426e+01 3.199076578450448238e-01
3.573857688939904076e+00 2.495888671875000142e+01 3.205526716668697929e-01
3.650504945847848237e+00 2.467229003906249929e+01 3.211721002448061912e-01
3.728796029260047717e+00 2.438569335937499716e+01 3.217518917535684420e-01
3.808766193739875128e+00 2.411242675781250000e+01 3.223203762447149345e-01
3.890451449942806672e+00 2.383916015624999929e+01 3.228489262557840966e-01
3.973888580832062090e+00 2.356811523437500000e+01 3.233437972070767885e-01
4.059115158242012633e+00 2.330462402343749773e+01 3.238157454203414165e-01
4.146169559796820003e+00 2.304335449218749687e+01 3.242550493930970168e-01
4.235090986191923257e+00 2.278830566406249858e+01 3.246696698974559925e-01
4.325919478846161681e+00 2.253170166015624432e+01 3.250461527825176944e-01
4.418695937932465512e+00 2.228287353515624858e+01 3.254018332415075654e-01
4.513462140795250654e+00 2.204071044921875000e+01 3.257349218265889190e-01
4.610260760762803223e+00 2.180187988281250000e+01 3.260401564034067223e-01
4.709135386363136000e+00 2.156304931640625000e+01 3.263119630295703288e-01
4.810130540951939260e+00 2.133532714843750000e+01 3.265710504396797664e-01
4.913291702761506841e+00 2.110205078125000000e+01 3.267905788536253908e-01
5.018665325379631170e+00 2.087988281250000000e+01 3.269958662261940319e-01
5.126298858667706959e+00 2.065771484375000000e+01 3.271718302262274225e-01
5.236240770127466249e+00 2.044110107421875000e+01 3.273264361349906282e-01
5.348540566725932699e+00 2.022686767578125000e+01 3.274571989026596186e-01
5.463248817188474327e+00 2.001898193359375000e+01 3.275688872830297971e-01
5.580417174769965349e+00 1.981347656250000000e+01 3.276573506456358365e-01
5.700098400514288066e+00 1.400000000000000000e+02 0.000000000000000000e+00
5.822346387012704128e+00 1.941357421875000000e+01 3.277718139118712681e-01
5.947216182671742679e+00 1.921362304687500000e+01 3.277944904687788985e-01
6.074764016501559283e+00 1.902478027343750000e+01 3.278043053084717107e-01
6.205047323435934459e+00 1.883593750000000000e+01 3.277927765515291081e-01
6.338124770195272539e+00 1.864709472656250000e+01 3.277614252664415306e-01
6.474056281704298144e+00 1.846936035156250000e+01 3.277170896457349270e-01
6.612903068076330548e+00 1.828607177734375000e+01 3.276519592438608686e-01
6.754727652176245378e+00 1.811309814453125000e+01 3.275737305207956918e-01
6.899593897774605189e+00 1.794250488281250000e+01 3.274795250742898456e-01
7.047567038305582621e+00 1.777137207031250199e+01 3.273700210285852563e-01
7.198713706241649746e+00 1.760607910156249645e+01 3.272469042185252586e-01
7.353101963098266580e+00 1.744278564453124858e+01 3.271105396332738557e-01
7.510801330082038874e+00 1.728282470703124574e+01 3.269615406152801551e-01
7.671882819396203423e+00 1.712619628906250213e+01 3.268005457717204632e-01
7.836418966217521209e+00 1.697290039062500000e+01 3.266281408584774670e-01
8.004483861358920649e+00 1.682293701171875000e+01 3.264448869943286091e-01
8.176153184632690696e+00 1.667297363281250000e+01 3.262535976541810490e-01
8.351504238929187807e+00 1.652856445312500000e+01 3.260515635537413748e-01
8.530615985026402726e+00 1.638970947265625000e+01 3.258385051253688269e-01
8.713569077146109620e+00 1.625085449218750000e+01 3.256198864809035087e-01
8.900445899272524386e+00 1.611199951171875000e+01 3.253974249050919920e-01
9.091330602249923842e+00 1.597869873046875000e+01 3.251656743805003691e-01
9.286309141675875622e+00 1.585095214843750000e+01 3.249242515793844821e-01
9.485469316607117563e+00 1.572320556640625000e+01 3.246813388300133774e-01
9.688900809095580158e+00 1.559545898437500000e+01 3.244386701994265709e-01
9.896695224572328087e+00 1.547659912109375036e+01 3.241818203828987777e-01
1.010894613309756984e+01 1.535662841796875000e+01 3.239284841193561526e-01
1.032574911149538543e+01 1.523999023437500000e+01 3.236715325482272254e-01
1.054720178639205663e+01 1.512335205078125000e+01 3.234187836154795992e-01
1.077340387817744194e+01 1.501226806640625000e+01 3.231587729621281380e-01
1.100445724590923113e+01 1.490673828125000000e+01 3.228908450287212295e-01
1.124046593318012732e+01 1.479843139648437500e+01 3.226366170744223716e-01
1.148153621496882870e+01 1.469567871093750000e+01 3.223755277589134827e-01
1.172777664549577281e+01 1.459570312500000000e+01 3.221151074269746339e-01
1.197929810710521714e+01 1.449572753906250000e+01 3.218645462610403296e-01
1.223621386019568469e+01 1.440130615234375000e+01 3.216073438132659446e-01
1.249863959422125248e+01 1.430688476562500000e+01 3.213617717736124701e-01
1.276669347978663005e+01 1.421801757812500000e+01 3.211096103772924648e-01
1.304049622185956636e+01 1.412915039062500000e+01 3.208708544654453876e-01
1.332017111412435639e+01 1.404266357421875000e+01 3.206379074489062453e-01
1.360584409450117604e+01 1.395935058593750000e+01 3.204081236549054523e-01
1.389764380185606463e+01 1.387635498046874893e+01 3.201938308864509808e-01
1.419570163392713980e+01 1.379970703124999787e+01 3.199700183265185016e-01
1.450015180649315916e+01 1.372305908203125036e+01 3.197643294726436047e-01
1.481113141381102949e+01 1.364974365234374964e+01 3.195626747771865839e-01
1.512878049034949512e+01 1.357976074218749929e+01 3.193650928621847296e-01
1.545324207384687476e+01 1.350977783203125071e+01 3.191886171896970992e-01
1.578466226972102682e+01 1.344201660156250000e+01 3.190232588765957167e-01
1.612319031686084614e+01 1.337814331054687500e+01 3.188605381513953119e-01
1.646897865482868895e+01 1.331427001953125000e+01 3.187219854042415701e-01
1.682218299250407867e+01 1.325595092773437500e+01 3.185771799856277342e-01
1.718296237819959060e+01 1.319763183593750000e+01 3.184580409734531492e-01
1.755147927128049190e+01 1.314486694335937500e+01 3.183321512166777945e-01
1.792789961532034582e+01 1.309210205078125000e+01 3.182334126171122990e-01
1.831239291282568615e+01 1.304211425781250000e+01 3.181454410554409584e-01
1.870513230156304729e+01 1.299212646484375000e+01 3.180870791928613328e-01
1.910629463252320193e+01 1.294769287109375000e+01 3.180218197275124226e-01
1.951606054955732006e+01 1.290325927734375000e+01 3.179875800941739938e-01
1.993461457072111287e+01 1.286160278320312500e+01 3.179659449283851469e-01
2.036214517136350821e+01 1.282272338867187500e+01 3.179571016095830704e-01
2.079884486899733176e+01 1.278662109375000000e+01 3.179612236558537752e-01
2.124491030999012509e+01 1.275051879882812500e+01 3.180007071542416686e-01
2.170054235811431198e+01 1.271997070312500000e+01 3.180317722372665301e-01
2.216594618499626890e+01 1.268942260742187500e+01 3.180990359723239180e-01
2.264133136250540446e+01 1.265887451171875000e+01 3.182042022941721227e-01
2.312691195712461223e+01 1.263665771484375000e+01 3.182777020657175382e-01
2.362290662634462635e+01 1.261166381835937500e+01 3.184137361723505255e-01
2.412953871712575449e+01 1.258944702148437500e+01 3.185659386063984244e-01
2.464703636647125862e+01 1.257000732421875000e+01 3.187344781296111429e-01
2.517563260415766990e+01 1.255334472656250000e+01 3.189195183628131258e-01
2.571556545766849311e+01 1.253945922851562500e+01 3.191212177787028925e-01
2.626707805937806128e+01 1.252835083007812500e+01 3.193397309939753348e-01
2.683041875603445092e+01 1.251724243164062500e+01 3.196026649262684316e-01
2.740584122059025773e+01 1.250891113281250000e+01 3.198838139118641566e-01
2.799360456643182360e+01 1.250335693359375000e+01 3.201833118744271123e-01
2.859397346405829055e+01 1.250057983398437500e+01 3.205013941559484714e-01
2.920721826026301571e+01 1.250057983398437500e+01 3.208382303239136757e-01
2.983361509987101456e+01 1.250057983398437500e+01 3.212240549614822638e-01
3.047344605008740004e+01 1.250335693359375000e+01 3.216300776175638476e-01
3.112699922751240322e+01 1.251129150390625000e+01 3.220299203450213699e-01
3.179456892788070022e+01 0.000000000000000000e+00 0.000000000000000000e+00
3.247645575858309996e+01 1.252795410156250000e+01 3.229762460004542701e-01
3.317296677403039240e+01 1.254104614257812500e+01 3.234748885595939427e-01
3.388441561392027523e+01 0.000000000000000000e+00 0.000000000000000000e+00
3.461112264446969533e+01 0.000000000000000000e+00 0.000000000000000000e+00
3.535341510267606679e+01 1.259190673828125107e+01 3.251646554329661321e-01
3.611162724367259358e+01 1.261523437500000000e+01 3.257637078238719841e-01
3.688610049124355328e+01 1.263824462890625000e+01 3.264252071621817630e-01
3.767718359156791053e+01 0.000000000000000000e+00 0.000000000000000000e+00
3.848523277026011158e+01 0.000000000000000000e+00 0.000000000000000000e+00
3.931061189277888701e+01 1.272552490234375000e+01 3.285391811570132492e-01
4.015369262827624652e+01 1.276123046875000000e+01 3.292808785924368764e-01
4.101485461696054102e+01 0.000000000000000000e+00 0.000000000000000000e+00
4.189448564104883843e+01 1.283660888671875000e+01 3.309020204527031161e-01
4.279298179938584923e+01 1.287826538085937500e+01 3.317565628253129617e-01
4.371074768580744063e+01 1.292388916015625000e+01 3.326227464122546995e-01
4.464819657132985498e+01 1.296752929687500000e+01 3.335845265371479296e-01
4.560575059024611022e+01 1.301989746093750000e+01 3.344919681237580877e-01
4.658384093021349059e+01 1.306988525390625000e+01 3.355030616144064060e-01
4.758290802641782591e+01 0.000000000000000000e+00 0.000000000000000000e+00
4.860340175990216238e+01 0.000000000000000000e+00 0.000000000000000000e+00
4.964578166014835858e+01 1.324039916992187571e+01 3.386705714659916100e-01
5.071051711200398415e+01 1.330316162109375000e+01 3.397862337340087358e-01
5.179808756704677108e+01 1.336981201171875000e+01 3.409191098175226031e-01
5.290898275948217844e+01 1.343646240234375000e+01 3.421288723480265248e-01
5.404370292667131537e+01 1.350977783203125071e+01 3.433147799439538739e-01
5.520275903438833609e+01 1.358309326171874964e+01 3.445797191962072237e-01
5.638667300690894280e+01 1.365974121093750071e+01 3.458734704447025132e-01
5.759597796203338760e+01 1.373972167968749858e+01 3.471967647521832512e-01
5.883121845115028492e+01 1.381970214843750000e+01 3.486035070467851105e-01
6.009295070444834863e+01 1.390768066406250014e+01 3.499672639831057364e-01
6.138174288138770862e+01 1.399505615234375000e+01 3.514263880814254559e-01
6.269817532654271020e+01 1.408749389648437500e+01 3.528908279359245781e-01
6.404284083093170921e+01 1.418191528320312500e+01 3.544114613329750196e-01
6.541634489895159277e+01 1.427911376953125000e+01 3.559766112444467390e-01
6.681930602103692252e+01 1.438186645507812500e+01 3.575413102354341177e-01
6.825235595216727802e+01 1.448461914062500000e+01 3.591988557949553074e-01
6.971613999634672609e+01 1.459292602539062500e+01 3.608578932834577424e-01
7.121131729718527481e+01 1.470401000976562500e+01 3.625659248227379727e-01
7.273856113471188678e+01 1.481787109375000000e+01 3.643243112299132114e-01
7.429855922855324479e+01 1.493728637695312500e+01 3.660869366643869638e-01
7.589201404761467984e+01 1.505892333984374964e+01 3.679118180212775924e-01
7.751964312640275523e+01 1.518444824218750000e+01 3.697717841005843664e-01
7.918217938813175749e+01 1.531219482421875000e+01 3.716970161349694157e-01
8.088037147475988320e+01 1.544549560546875000e+01 3.736310620009647421e-01
8.261498408410382410e+01 1.558157348632812500e+01 3.756235287679815515e-01
8.438679831418257038e+01 1.572153930664062571e+01 3.776565115234935543e-01
8.619661201494710667e+01 1.586539306640625036e+01 3.797314474223744130e-01
8.804524014755297401e+01 1.601313476562500071e+01 3.818498223943638803e-01
8.993351515133829821e+01 1.616476440429687500e+01 3.840131702963199278e-01
9.186228731867210229e+01 1.632222595214844318e+01 3.861884033302775965e-01
9.383242517784185566e+01 1.648202026367187756e+01 3.884394304506405549e-01
9.584481588415307840e+01 1.664764648437500227e+01 3.907053981071262339e-01
9.790036561941587934e+01 1.681738281250000000e+01 3.930187214929928841e-01
1.000000000000000000e+02 1.698956298828125000e+01 3.954112193172828471e-01
