# Neutral stability data for gamma=1.2
# Columns: heat release $Q$, activation energy $E_{act}$, frequency $\omega$
4.466835921509631491e-01 4.888732910156250000e+01 1.730162648144482063e-01
4.562634565507439621e-01 4.820305175781250284e+01 1.746652299048136181e-01
4.660487769008458403e-01 4.752099609375000000e+01 1.763166544694259041e-01
4.760439595420853376e-01 4.686782226562499432e+01 1.779782386362808166e-01
4.862535053165060739e-01 4.621464843749999574e+01 1.796409762299613355e-01
4.966820115941127933e-01 4.559257812500000284e+01 1.813147149146426274e-01
5.073341743430724859e-01 4.496606445312500000e+01 1.829874971848213239e-01
5.182147902443138276e-01 4.434399414062500000e+01 1.846670509756758727e-01
5.293287588514786757e-01 4.374414062500000000e+01 1.863490458437856434e-01
5.406810847971956768e-01 0.000000000000000000e+00 0.000000000000000000e+00
5.522768800466728578e-01 4.255554199218750000e+01 1.897146188965735669e-01
5.641213661996208328e-01 4.198126953124999261e+01 1.914031800123659754e-01
5.762198768415452976e-01 4.142140624999999687e+01 1.930956055125075954e-01
5.885778599454665194e-01 4.085087890624998863e+01 1.947794785872258849e-01
6.012008803251476241e-01 4.031767578125000284e+01 1.964781533690951321e-01
6.140946221409366856e-01 3.977914062499999659e+01 1.981710209555145596e-01
6.272648914593508263e-01 3.925126953125000284e+01 1.998652219962927246e-01
6.407176188675538508e-01 3.873139648437499716e+01 2.015589501936658479e-01
6.544588621439068055e-01 3.821152343749999858e+01 2.032471635643110786e-01
6.684948089857926101e-01 3.771831054687499574e+01 2.049446883124662333e-01
6.828317797959425617e-01 3.722509765625000000e+01 2.066359838163598639e-01
6.974762305285213682e-01 3.673988281249999943e+01 2.083252426896714526e-01
7.124347555962505796e-01 3.625466796874999886e+01 2.100068728464562495e-01
7.277140908398798125e-01 3.579433593749999432e+01 2.117002048344704679e-01
7.433211165613433646e-01 3.533462597656249216e+01 2.133803089250302931e-01
7.592628606219685716e-01 3.487522705078124829e+01 2.150522200670691719e-01
7.755465016071291240e-01 3.443355712890624432e+01 2.167301654266278743e-01
7.921793720587704257e-01 3.399810791015624289e+01 2.184010232870372825e-01
8.091689617772611642e-01 3.357043457031250000e+01 2.200673889635068881e-01
8.265229211940597898e-01 3.315053710937500142e+01 2.217289370499748447e-01
8.442490648167112477e-01 3.273063964843748863e+01 2.233789952974892801e-01
8.623553747477293863e-01 3.232629394531250000e+01 2.250298598004172590e-01
8.808500042789467743e-01 3.191528320312500000e+01 2.266624980390802846e-01
8.997412815629505234e-01 3.152293457031250057e+01 2.282982643469695649e-01
9.190377133632594564e-01 3.114036132812500313e+01 2.299294969406000810e-01
9.387479888849292742e-01 3.075778808593750213e+01 2.315469194302151312e-01
9.588809836873111170e-01 3.038454589843750142e+01 2.331587407359012876e-01
9.794457636807262224e-01 3.001130371093750071e+01 2.347556698652180640e-01
1.000451589208855463e+00 2.965361328124999929e+01 2.363526486975577878e-01
1.021907919218682403e+00 2.929592285156249787e+01 2.379339956152378976e-01
1.043824415519868820e+00 2.894934082031250000e+01 2.395106883552365062e-01
1.066210947135476594e+00 2.860498046875000000e+01 2.410732621575752410e-01
1.089077594746002076e+00 2.826062011718750000e+01 2.426187309227662015e-01
1.112434655228716540e+00 2.793292236328125000e+01 2.441651679437656375e-01
1.136292646294361885e+00 2.760522460937500000e+01 2.456939652322643330e-01
1.160662311223288112e+00 2.728308105468750000e+01 2.472109942771075763e-01
1.185554623703164223e+00 2.697204589843750000e+01 2.487226284887894545e-01
1.210980792770442349e+00 2.666101074218750000e+01 2.502155994172245990e-01
1.236952267857799548e+00 2.636108398437500000e+01 2.517029664511560294e-01
1.263480743949829899e+00 2.605957031250000000e+01 2.531691468526587885e-01
1.290578166849310149e+00 2.576668945312499659e+01 2.546264174801819435e-01
1.318256738556407237e+00 2.547875976562500000e+01 2.560701172478684895e-01
1.346528922763253311e+00 2.519216308593750142e+01 2.574954189909343660e-01
1.375407450466360260e+00 2.491223144531250000e+01 2.589089723114390562e-01
1.404905325699401963e+00 2.463896484374999929e+01 2.603107559016379913e-01
1.435035831388945082e+00 2.437236328124999929e+01 2.617007389653705496e-01
1.465812535335766498e+00 2.410576171874999929e+01 2.630698967916262343e-01
1.497249296324448364e+00 2.384582519531250000e+01 2.644270610692577295e-01
1.529360270364005014e+00 2.359033203125000000e+01 2.657691940516678786e-01
1.562159917062349912e+00 2.334194824218749886e+01 2.670999441684159814e-01
1.595663006137474360e+00 2.309934082031249858e+01 2.684174691544893299e-01
1.629884624068265842e+00 2.285828857421874716e+01 2.697158961711184633e-01
1.664840180887968035e+00 2.261723632812499574e+01 2.709929902124369461e-01
1.700545417123336955e+00 2.238395996093749574e+01 2.722596345212812685e-01
1.737016410882616491e+00 2.215845947265624716e+01 2.735159233875359419e-01
1.774269585095529456e+00 2.193295898437499858e+01 2.747509390408248708e-01
1.812321714908540438e+00 2.171134643554687216e+01 2.759702192093513307e-01
1.851189935238725104e+00 2.149750976562499716e+01 2.771793358013532882e-01
1.890891748489641699e+00 2.127978515625000000e+01 2.783619245294214894e-01
1.931445032432682396e+00 2.107372436523437642e+01 2.795400681690222711e-01
1.972868048257454321e+00 2.086877441406250000e+01 2.806989811369060561e-01
2.015179448794815364e+00 2.066815673828125099e+01 2.818433489320721907e-01
2.058398286916263586e+00 2.047220458984374858e+01 2.829737890961433466e-01
2.102544024113466747e+00 2.028002929687500000e+01 2.840892222558586977e-01
2.147636539261793764e+00 2.008563232421875000e+01 2.851816721396109311e-01
2.193696137571796267e+00 1.990234375000000000e+01 2.862695654732343997e-01
2.240743559732667922e+00 1.971905517578125000e+01 2.873379746854318739e-01
2.288799991251797117e+00 1.954132080078125000e+01 2.883946194956970022e-01
2.337887071994626975e+00 1.936358642578125000e+01 2.894324507411114022e-01
2.388026905929113042e+00 1.919140625000000000e+01 2.904590196431713345e-01
2.439242071079163132e+00 1.902478027343750000e+01 2.914744730267990747e-01
2.491555629691545981e+00 1.885815429687500000e+01 2.924721438648100191e-01
2.544991138620848137e+00 1.869708251953125000e+01 2.934592455940548406e-01
2.599572659937152697e+00 1.854156494140625000e+01 2.944358814574688510e-01
2.655324771761218283e+00 1.838604736328125000e+01 2.953959200705034149e-01
2.712272579332029032e+00 1.823052978515625000e+01 2.963400143559726252e-01
2.770441726311717368e+00 1.808532714843750000e+01 2.972797619370790567e-01
2.829858406332932397e+00 1.793533203124999886e+01 2.981993679117516116e-01
2.890549374793863979e+00 1.779536621093750171e+01 2.991146411822764306e-01
2.952541960906223117e+00 1.765273437499999787e+01 3.000132241570113156e-01
3.015864080001623648e+00 1.751943359374999787e+01 3.009069931704078660e-01
3.080544246101883932e+00 1.738613281250000142e+01 3.017875979950503940e-01
3.146611584758924884e+00 1.725283203124999787e+01 3.026558945193746353e-01
3.214095846170037074e+00 1.712619628906250213e+01 3.035177376083849077e-01
3.283027418574428147e+00 1.700289306640625142e+01 3.043706832979237720e-01
3.353437341937084426e+00 1.688403320312500000e+01 3.052157916803782678e-01
3.425357321926099985e+00 1.676184082031250000e+01 3.060488528761388105e-01
3.498819744189773928e+00 1.664764648437500227e+01 3.068771908007056903e-01
3.573857688939904076e+00 1.653567382812499886e+01 3.076977525913008327e-01
3.650504945847848237e+00 1.642525634765625142e+01 3.085108883147206771e-01
3.728796029260047717e+00 1.631639404296875284e+01 3.093173284794845102e-01
3.808766193739875128e+00 1.621141967773437642e+01 3.101183947150994991e-01
3.890451449942806672e+00 1.611199951171875000e+01 3.109146534433081532e-01
3.973888580832062090e+00 1.601202392578125000e+01 3.117053898257342026e-01
4.059115158242012633e+00 1.591760253906250000e+01 3.124919732337249068e-01
4.146169559796820003e+00 1.582318115234375000e+01 3.132746020184278835e-01
4.235090986191923257e+00 1.573153686523437500e+01 3.140540370366949885e-01
4.325919478846161681e+00 1.564266967773437500e+01 3.148307872701926469e-01
4.418695937932465512e+00 1.555657958984375000e+01 3.156053616403172168e-01
4.513462140795250654e+00 1.547326660156250000e+01 3.163782674223983293e-01
4.610260760762803223e+00 1.539550781250000000e+01 3.171486906482517965e-01
4.709135386363136000e+00 1.531774902343750000e+01 3.179195222021911071e-01
4.810130540951939260e+00 1.523999023437500000e+01 3.186920074410758419e-01
4.913291702761506841e+00 1.516778564453125000e+01 3.194632602262751364e-01
5.018665325379631170e+00 1.509835815429687500e+01 3.202353403368808915e-01
5.126298858667706959e+00 1.502893066406250000e+01 3.210113340552274708e-01
5.236240770127466249e+00 1.496505737304687500e+01 3.217868238800900005e-01
5.348540566725932699e+00 1.490118408203125000e+01 3.225677451292937592e-01
5.463248817188474327e+00 1.484286499023437500e+01 3.233486038427056952e-01
5.580417174769965349e+00 1.478454589843750000e+01 3.241364308712545994e-01
5.700098400514288066e+00 1.472900390625000000e+01 3.249285805802096805e-01
5.822346387012704128e+00 1.467901611328125000e+01 3.257212581434916210e-01
5.947216182671742679e+00 1.462902832031250000e+01 3.265232243678350965e-01
6.074764016501559283e+00 1.458181762695312500e+01 3.273309620589159863e-01
6.205047323435934459e+00 1.453460693359375000e+01 3.281501507832420006e-01
6.338124770195272539e+00 1.449572753906250000e+01 3.289656553469260114e-01
6.474056281704298144e+00 1.445407104492187500e+01 3.297994143103198383e-01
6.612903068076330548e+00 1.441796875000000000e+01 3.306353092206723021e-01
6.754727652176245378e+00 1.438186645507812500e+01 3.314858315555443968e-01
6.899593897774605189e+00 1.434854125976562500e+01 3.323456041275275052e-01
7.047567038305582621e+00 1.431799316406250000e+01 3.332151089546854239e-01
7.198713706241649746e+00 1.429022216796875000e+01 3.340948251081450326e-01
7.353101963098266580e+00 1.426522827148437500e+01 3.349852293127069669e-01
7.510801330082038874e+00 1.424301147460937500e+01 3.358867964234002468e-01
7.671882819396203423e+00 1.422357177734375000e+01 3.367999994762305715e-01
7.836418966217521209e+00 1.420413208007812500e+01 3.377340763302011384e-01
8.004483861358920649e+00 1.419024658203125000e+01 3.386723338886448720e-01
8.176153184632690696e+00 1.417636108398437500e+01 3.396330960635026708e-01
8.351504238929187807e+00 1.416802978515625000e+01 3.405983300827378768e-01
8.530615985026402726e+00 1.415969848632812500e+01 3.415877331345223422e-01
8.713569077146109620e+00 1.415414428710937500e+01 3.425923605571246644e-01
8.900445899272524386e+00 1.415136718750000000e+01 3.436127137030733913e-01
9.091330602249923842e+00 1.415136718750000000e+01 3.446492971147719908e-01
9.286309141675875622e+00 1.415136718750000000e+01 3.457140808248481689e-01
9.485469316607117563e+00 1.415692138671875000e+01 3.467850121756740345e-01
9.688900809095580158e+00 1.416525268554687500e+01 3.478737195276135341e-01
9.896695224572328087e+00 1.417358398437500000e+01 3.489932128352870033e-01
1.010894613309756984e+01 1.418746948242187500e+01 3.501194262545007096e-01
1.032574911149538543e+01 1.420135498046875000e+01 3.512781841701954622e-01
1.054720178639205663e+01 1.422079467773437500e+01 3.524440826463278720e-01
1.077340387817744194e+01 1.424023437500000000e+01 3.536443313345326578e-01
1.100445724590923113e+01 1.426245117187500000e+01 3.548663417853655799e-01
1.124046593318012732e+01 1.429022216796875000e+01 3.560962074191613147e-01
1.148153621496882870e+01 1.431799316406250000e+01 3.573631939271046387e-01
1.172777664549577281e+01 1.434854125976562500e+01 3.586537355359584733e-01
1.197929810710521714e+01 1.438186645507812500e+01 3.599685773710415426e-01
1.223621386019568469e+01 1.441796875000000000e+01 3.613080588868509135e-01
1.249863959422125248e+01 1.445684814453125000e+01 3.626730096211924215e-01
1.276669347978663005e+01 1.450128173828125000e+01 3.640476560737392897e-01
1.304049622185956636e+01 1.454515991210937287e+01 3.654686009676776925e-01
1.332017111412435639e+01 1.459181518554687429e+01 3.669171537339504519e-01
1.360584409450117604e+01 1.464569091796875000e+01 3.683661649153360251e-01
1.389764380185606463e+01 1.469845581054687500e+01 3.698680608670502079e-01
1.419570163392713980e+01 1.475399780273437500e+01 3.713996172232377768e-01
1.450015180649315916e+01 1.481231689453125000e+01 3.729615862749372512e-01
1.481113141381102949e+01 1.487619018554687500e+01 3.745361258627226686e-01
1.512878049034949512e+01 1.494006347656250000e+01 3.761609822142568671e-01
1.545324207384687476e+01 1.500949096679687500e+01 3.777994297801651746e-01
1.578466226972102682e+01 1.508169555664062500e+01 3.794709251502452196e-01
1.612319031686084614e+01 1.515667724609375000e+01 3.811763318552552349e-01
1.646897865482868895e+01 1.523471374511718679e+01 3.829145208927737798e-01
1.682218299250407867e+01 1.531497192382812500e+01 3.846924099228348215e-01
1.718296237819959060e+01 1.540106201171875000e+01 3.864844035253683918e-01
1.755147927128049190e+01 0.000000000000000000e+00 0.000000000000000000e+00
1.792789961532034582e+01 0.000000000000000000e+00 0.000000000000000000e+00
1.831239291282568615e+01 0.000000000000000000e+00 0.000000000000000000e+00
1.870513230156304729e+01 1.577230468749999659e+01 3.940384982270908609e-01
1.910629463252320193e+01 1.587316894531250000e+01 3.960183267281252584e-01
1.951606054955732006e+01 0.000000000000000000e+00 0.000000000000000000e+00
1.993461457072111287e+01 0.000000000000000000e+00 0.000000000000000000e+00
2.036214517136350821e+01 0.000000000000000000e+00 0.000000000000000000e+00
2.079884486899733176e+01 0.000000000000000000e+00 0.000000000000000000e+00
2.124491030999012509e+01 0.000000000000000000e+00 0.000000000000000000e+00
2.170054235811431198e+01 1.655689086914062358e+01 4.086457296221244762e-01
2.216594618499626890e+01 1.668408203125000000e+01 4.108821642194790957e-01
2.264133136250540446e+01 0.000000000000000000e+00 0.000000000000000000e+00
2.312691195712461223e+01 0.000000000000000000e+00 0.000000000000000000e+00
2.362290662634462635e+01 1.709033837890624952e+01 4.178197349191524745e-01
2.412953871712575449e+01 1.723283691406249929e+01 4.202217327782926115e-01
2.464703636647125862e+01 1.737946777343750071e+01 4.226650874195151397e-01
2.517563260415766990e+01 1.753276367187499574e+01 4.251285120404556528e-01
2.571556545766849311e+01 1.768939208984375000e+01 4.276423498333140061e-01
2.626707805937806128e+01 1.784735351562499872e+01 4.302258389648557224e-01
2.683041875603445092e+01 1.801531250000000028e+01 4.328024211808954580e-01
2.740584122059025773e+01 1.818331909179687500e+01 4.354627028782170894e-01
2.799360456643182360e+01 1.835827636718750000e+01 4.381455202764784618e-01
2.859397346405829055e+01 1.853601074218750000e+01 4.408900566707726898e-01
2.920721826026301571e+01 1.871929931640625000e+01 4.436721792440020962e-01
2.983361509987101456e+01 1.890814208984375000e+01 4.464930316325964599e-01
3.047344605008740004e+01 1.910253906250000000e+01 4.493537941057227370e-01
3.112699922751240322e+01 1.929971313476562500e+01 4.522816884579100583e-01
3.179456892788070022e+01 1.950244140625000000e+01 4.552522049485753786e-01
3.247645575858309996e+01 1.971350097656250000e+01 4.582404598784725058e-01
3.317296677403039240e+01 1.992456054687500000e+01 4.613263524858906561e-01
3.388441561392027523e+01 2.014672851562500000e+01 4.644063399483604471e-01
3.461112264446969533e+01 2.036889648437500000e+01 4.675871131229422106e-01
3.535341510267606679e+01 2.060050659179687216e+01 4.707804369084561125e-01
3.611162724367259358e+01 2.083611572265624901e+01 4.740395941285129311e-01
3.688610049124355328e+01 2.107955627441406676e+01 4.773294593839761402e-01
3.767718359156791053e+01 2.132644042968749787e+01 4.806936392845500561e-01
3.848523277026011158e+01 2.158304443359374858e+01 4.840733793208260027e-01
3.931061189277888701e+01 2.184353637695312145e+01 4.875263947503515327e-01
4.015369262827624652e+01 2.210791625976562358e+01 4.910544435783282258e-01
4.101485461696054102e+01 2.238007202148437003e+01 4.946216284881062020e-01
4.189448564104883843e+01 2.266000366210937145e+01 4.982296087414002650e-01
4.279298179938584923e+01 2.294771118164062429e+01 5.018800713678069902e-01
4.371074768580744063e+01 2.323930664062499574e+01 5.056124990224136750e-01
4.464819657132985498e+01 2.354023315429687102e+01 5.093758825196454953e-01
4.560575059024611022e+01 2.384582519531250000e+01 5.132173418022504263e-01
4.658384093021349059e+01 2.416241455078125000e+01 5.170772438969318818e-01
4.758290802641782591e+01 2.448233642578124858e+01 5.210319567353609571e-01
4.860340175990216238e+01 2.481225585937500000e+01 5.250186549256358193e-01
4.964578166014835858e+01 2.514884033203124858e+01 5.290716921784500704e-01
5.071051711200398415e+01 2.549208984375000142e+01 5.331930625501534182e-01
5.179808756704677108e+01 2.584666992187499801e+01 5.373395471492404818e-01
5.290898275948217844e+01 2.620635986328125000e+01 5.415735815079062432e-01
5.404370292667131537e+01 2.657492065429687500e+01 5.458607985568271204e-01
5.520275903438833609e+01 2.695260620117187500e+01 5.502009223100019497e-01
5.638667300690894280e+01 2.733862304687500000e+01 5.546038359816132246e-01
5.759597796203338760e+01 2.773297119140625000e+01 5.590717661635208335e-01
5.883121845115028492e+01 2.813565063476562500e+01 5.636069653402004942e-01
6.009295070444834863e+01 2.855054931640624716e+01 5.681743864525965471e-01
6.138174288138770862e+01 2.897155761718750000e+01 5.728351101400140921e-01
6.269817532654271020e+01 2.940089721679687429e+01 5.775700847507513336e-01
6.404284083093170921e+01 2.984412231445312713e+01 5.823287170017302783e-01
6.541634489895159277e+01 3.029512329101562429e+01 5.871718827577919742e-01
6.681930602103692252e+01 3.075778808593750213e+01 5.920650699198509725e-01
6.825235595216727802e+01 3.122900634765624872e+01 5.970404012669889848e-01
6.971613999634672609e+01 3.170955566406249915e+01 6.020930051593705867e-01
7.121131729718527481e+01 3.220187988281250568e+01 6.072024498350858668e-01
7.273856113471188678e+01 3.270731201171874147e+01 6.123590365274106384e-01
7.429855922855324479e+01 3.322052001953125000e+01 6.176155050629369425e-01
7.589201404761467984e+01 3.374927978515624005e+01 6.229019524214649550e-01
7.751964312640275523e+01 3.428737060546874460e+01 6.282793084631105307e-01
7.918217938813175749e+01 3.483712524414062273e+01 6.337286704506606139e-01
8.088037147475988320e+01 3.539994335937498704e+01 6.392400603462707886e-01
8.261498408410382410e+01 3.597473632812499034e+01 6.448265270904222080e-01
8.438679831418257038e+01 3.655792724609374034e+01 6.505237014088455227e-01
8.619661201494710667e+01 3.716071337890625159e+01 6.562324192327984029e-01
8.804524014755297401e+01 3.777163085937500142e+01 6.620602742469589019e-01
8.993351515133829821e+01 3.840147705078124574e+01 6.679126135237886119e-01
9.186228731867210229e+01 3.904132080078124289e+01 6.738733749417371577e-01
9.383242517784185566e+01 3.969516113281249403e+01 6.799096857980154729e-01
9.584481588415307840e+01 0.000000000000000000e+00 0.000000000000000000e+00
9.790036561941587934e+01 4.104949707031249773e+01 6.921810220822374182e-01
1.000000000000000000e+02 4.174932617187499773e+01 6.984289841210488126e-01
