# Columns: x, rho, u, p, lamdatime_step 2000
# time   1.0000000000000000e+01
 -4.0187499999999998e+00   6.8755756259684486e-04  -1.3055395413468726e-03   8.8905979691004128e-03  -1.6481623009093225e-15
 -4.0125000000000002e+00   6.8755756259684486e-04  -1.3055395413468726e-03   8.8905979691004128e-03  -1.6481623009093225e-15
 -4.0062499999999996e+00   6.8755756259684486e-04  -1.3055395413468726e-03   8.8905979691004128e-03  -1.6481623009093225e-15
 -4.0000000000000000e+00   6.8755756259684486e-04  -1.3055395413468726e-03   8.8905979691004128e-03  -1.6481623009093225e-15
 -3.9937499999999999e+00   6.9042615111048920e-04  -1.3105560844486480e-03   8.9247580652231737e-03  -1.6780339759819090e-15
 -3.9874999999999998e+00   6.9200777370261089e-04  -1.3131406907858948e-03   8.9423580009130570e-03  -1.7017825924357506e-15
 -3.9812499999999997e+00   6.9431097497855531e-04  -1.3171926254569785e-03   8.9699497424429592e-03  -1.7284474918838919e-15
 -3.9749999999999996e+00   6.9622243841055073e-04  -1.3204024427385232e-03   8.9918071438385271e-03  -1.7571596381302202e-15
 -3.9687500000000000e+00   6.9836689102713355e-04  -1.3241094092730917e-03   9.0170498936336455e-03  -1.7875061908775569e-15
 -3.9624999999999999e+00   7.0038133528240972e-04  -1.3275341176073689e-03   9.0403706162800138e-03  -1.8199197293586725e-15
 -3.9562499999999998e+00   7.0247845018969800e-04  -1.3311298116993741e-03   9.0648556602554390e-03  -1.8544523464937676e-15
 -3.9499999999999997e+00   7.0453369496487181e-04  -1.3346328069600638e-03   9.0887094688917088e-03  -1.8912535825720209e-15
 -3.9437499999999996e+00   7.0661966190849895e-04  -1.3381964145260021e-03   9.1129760127446110e-03  -1.9304829118994162e-15
 -3.9375000000000000e+00   7.0869408691335309e-04  -1.3417314050396167e-03   9.1370476881123073e-03  -1.9723015154142741e-15
 -3.9312499999999999e+00   7.1078150062487701e-04  -1.3452896188794956e-03   9.1612775023945815e-03  -2.0168856402384359e-15
 -3.9249999999999998e+00   7.1286760794902278e-04  -1.3488408452561526e-03   9.1854597364348870e-03  -2.0644225276052049e-15
 -3.9187499999999997e+00   7.1496068666893271e-04  -1.3524025965605919e-03   9.2097136406919591e-03  -2.1151122236506698e-15
 -3.9124999999999996e+00   7.1705588764697293e-04  -1.3559646275166021e-03   9.2339694501505937e-03  -2.1691683988042091e-15
 -3.9062500000000000e+00   7.1915599716000482e-04  -1.3595328371261339e-03   9.2582673339327813e-03  -2.2268192429456519e-15
 -3.8999999999999999e+00   7.2125936060839311e-04  -1.3631037340762484e-03   9.2825835180174315e-03  -2.2883084433258784e-15
 -3.8937499999999998e+00   7.2336690668949337e-04  -1.3666792882165879e-03   9.3069314160653185e-03  -2.3538962622896831e-15
 -3.8874999999999997e+00   7.2547806187469286e-04  -1.3702582926147489e-03   9.3313028094672082e-03  -2.4238606460415171e-15
 -3.8812499999999996e+00   7.2759312670853842e-04  -1.3738413876797711e-03   9.3557020589926741e-03  -2.4984984389642266e-15
 -3.8750000000000000e+00   7.2971189368953662e-04  -1.3774281389810153e-03   9.3801262062473256e-03  -2.5781266629443343e-15
 -3.8687499999999999e+00   7.3183445109636545e-04  -1.3810187367524107e-03   9.4045765464303259e-03  -2.6630838935798381e-15
 -3.8624999999999998e+00   7.3396071550994532e-04  -1.3846130074963022e-03   9.4290518979240259e-03  -2.7537317245750725e-15
 -3.8562499999999997e+00   7.3609070375236748e-04  -1.3882109889186019e-03   9.4535525174066128e-03  -2.8504563349601176e-15
 -3.8499999999999996e+00   7.3822437469581712e-04  -1.3918125954419090e-03   9.4780778223036016e-03  -2.9536701611602291e-15
 -3.8437500000000000e+00   7.4036172124998902e-04  -1.3954178126726223e-03   9.5026277151071797e-03  -3.0638136839507563e-15
 -3.8374999999999999e+00   7.4250271691069750e-04  -1.3990265843894306e-03   9.5272018137886119e-03  -3.1813573364266772e-15
 -3.8312499999999998e+00   7.4464734686271691e-04  -1.4026388783378817e-03   9.5517998995548088e-03  -3.3068035422105138e-15
 -3.8249999999999997e+00   7.4679558982436347e-04  -1.4062546479152078e-03   9.5764216554267943e-03  -3.4406888921892197e-15
 -3.8187499999999996e+00   7.4894742856703160e-04  -1.4098738544978436e-03   9.6010668176583960e-03  -3.5835864695432418e-15
 -3.8125000000000000e+00   7.5110284382096234e-04  -1.4134964546131978e-03   9.6257350879653970e-03  -3.7361083329681651e-15
 -3.8062499999999999e+00   7.5326181782430217e-04  -1.4171224074122149e-03   9.6504261845925844e-03  -3.8989081689702088e-15
 -3.7999999999999998e+00   7.5542433225857957e-04  -1.4207516701396276e-03   9.6751398125629381e-03  -4.0726841246793807e-15
 -3.7937499999999997e+00   7.5759036955001596e-04  -1.4243842005856743e-03   9.6998756823870550e-03  -4.2581818335074426e-15
 -3.7874999999999996e+00   7.5975991228491595e-04  -1.4280199554827346e-03   9.7246335016224553e-03  -4.4561976467555426e-15
 -3.7812500000000000e+00   7.6193294365977824e-04  -1.4316588911592420e-03   9.7494129813316954e-03  -4.6675820852009233e-15
 -3.7749999999999999e+00   7.6410944723538079e-04  -1.4353009629730143e-03   9.7742138325214341e-03  -4.8932435256235803e-15
 -3.7687499999999998e+00   7.6628940701595238e-04  -1.4389461258612758e-03   9.7990357672635853e-03  -5.1341521382616744e-15
 -3.7624999999999997e+00   7.6847280716388008e-04  -1.4425943346684880e-03   9.8238784945709878e-03  -5.3913440922663664e-15
 -3.7562499999999996e+00   7.7065963166607061e-04  -1.4462455449184668e-03   9.8487417155787103e-03  -5.6659260473996219e-15
 -3.7500000000000000e+00   7.7284986387028145e-04  -1.4498997136524470e-03   9.8736251168550816e-03  -5.9590799514373178e-15
 -3.7437499999999999e+00   7.7504348614916845e-04  -1.4535568003407062e-03   9.8985283655531279e-03  -6.2720681637529455e-15
 -3.7374999999999998e+00   7.7724047979868863e-04  -1.4572167670657439e-03   9.9234511079378251e-03  -6.6062389254223167e-15
 -3.7312499999999997e+00   7.7944082558544772e-04  -1.4608795772662055e-03   9.9483929772579364e-03  -6.9630321945066735e-15
 -3.7249999999999996e+00   7.8164450542661231e-04  -1.4645451921943612e-03   9.9733536179253818e-03  -7.3439858785612554e-15
 -3.7187500000000000e+00   7.8385150548923100e-04  -1.4682135644858401e-03   9.9983327301316465e-03  -7.7507426362775158e-15
 -3.7124999999999999e+00   7.8606182036103443e-04  -1.4718846292984436e-03   1.0023330129892139e-02  -8.1850580398819478e-15
 -3.7062499999999998e+00   7.8827545698200319e-04  -1.4755582959056375e-03   1.0048345805647830e-02  -8.6488119188062664e-15
 -3.6999999999999997e+00   7.9049243576490090e-04  -1.4792344453843217e-03   1.0073379934397641e-02  -9.1440185292652345e-15
 -3.6937499999999996e+00   7.9271278558133533e-04  -1.4829129413107879e-03   1.0098432809516144e-02  -9.6727720353367726e-15
 -3.6875000000000000e+00   7.9493653067357723e-04  -1.4865936574596401e-03   1.0123504652341823e-02  -1.0236822381736319e-14
 -3.6812499999999999e+00   7.9716367284847229e-04  -1.4902765157492766e-03   1.0148595355880096e-02  -1.0836180985156305e-14
 -3.6749999999999998e+00   7.9939418231460095e-04  -1.4939615056133056e-03   1.0173704352867512e-02  -1.1469224201281755e-14
 -3.6687499999999997e+00   8.0162801150400649e-04  -1.4976486531097539e-03   1.0198830814527422e-02  -1.2138869131466061e-14
 -3.6624999999999996e+00   8.0386511209103444e-04  -1.5013379868621805e-03   1.0223973895851569e-02  -1.2846961363776013e-14
 -3.6562500000000000e+00   8.0610544496645940e-04  -1.5050295158616292e-03   1.0249132879143160e-02  -1.3595618651534344e-14
 -3.6499999999999999e+00   8.0834898334579733e-04  -1.5087232236174080e-03   1.0274307218788055e-02  -1.4387151466551866e-14
 -3.6437499999999998e+00   8.1059571071848927e-04  -1.5124190721441616e-03   1.0299496511752680e-02  -1.5223957691042911e-14
 -3.6374999999999997e+00   8.1284561712806369e-04  -1.5161170099432407e-03   1.0324700444030355e-02  -1.6108542690962760e-14
 -3.6312499999999996e+00   8.1509869566986437e-04  -1.5198169792978277e-03   1.0349918740245418e-02  -1.7043577094344882e-14
 -3.6250000000000000e+00   8.1735494017410833e-04  -1.5235189213150067e-03   1.0375151130307769e-02  -1.8031869743511132e-14
 -3.6187499999999999e+00   8.1961434390973335e-04  -1.5272227786183499e-03   1.0400397330779323e-02  -1.9076377885831151e-14
 -3.6124999999999998e+00   8.2187689914278857e-04  -1.5309284962194203e-03   1.0425657038533822e-02  -2.0180220711732997e-14
 -3.6062499999999997e+00   8.2414259729492450e-04  -1.5346360212034149e-03   1.0450929933056678e-02  -2.1346666235962079e-14
 -3.5999999999999996e+00   8.2641142935097479e-04  -1.5383453019338091e-03   1.0476215682337984e-02  -2.2579167808283227e-14
 -3.5937500000000000e+00   8.2868338612866917e-04  -1.5420562874599952e-03   1.0501513946793347e-02  -2.3881345509718519e-14
 -3.5874999999999999e+00   8.3095845863419098e-04  -1.5457689266649938e-03   1.0526824384392107e-02  -2.5257044987820224e-14
 -3.5812499999999998e+00   8.3323663837067013e-04  -1.5494831676958190e-03   1.0552146655131791e-02  -2.6710283542936790e-14
 -3.5749999999999997e+00   8.3551791738760059e-04  -1.5531989578996942e-03   1.0577480421788655e-02  -2.8245310805470745e-14
 -3.5687499999999996e+00   8.3780228823249626e-04  -1.5569162438618155e-03   1.0602825349241837e-02  -2.9866567732335484e-14
 -3.5625000000000000e+00   8.4008974394911816e-04  -1.5606349713582766e-03   1.0628181104480718e-02  -3.1578778305846916e-14
 -3.5562499999999999e+00   8.4238027798606071e-04  -1.5643550856331867e-03   1.0653547355325371e-02  -3.3386874374103935e-14
 -3.5499999999999998e+00   8.4467388400617468e-04  -1.5680765318185305e-03   1.0678923767719655e-02  -3.5296044004164754e-14
 -3.5437499999999997e+00   8.4697055579291696e-04  -1.5717992550531325e-03   1.0704310004409976e-02  -3.7311723859935739e-14
 -3.5374999999999996e+00   8.4927028725704785e-04  -1.5755232004638863e-03   1.0729705725088506e-02  -3.9439656790851005e-14
 -3.5312500000000000e+00   8.5157307257877686e-04  -1.5792483129112521e-03   1.0755110588467882e-02  -4.1685908490328463e-14
 -3.5249999999999999e+00   8.5387890625246681e-04  -1.5829745369224822e-03   1.0780524252969506e-02  -4.4056786887375586e-14
 -3.5187499999999998e+00   8.5618778304452918e-04  -1.5867018166931313e-03   1.0805946376160650e-02  -4.6558947005640790e-14
 -3.5124999999999997e+00   8.5849969804810097e-04  -1.5904300959727940e-03   1.0831376615575081e-02  -4.9199388910310179e-14
 -3.5062499999999996e+00   8.6081464670924855e-04  -1.5941593180881944e-03   1.0856814629140862e-02  -5.1985446518417905e-14
 -3.5000000000000000e+00   8.6313262483400980e-04  -1.5978894258779450e-03   1.0882260075316721e-02  -5.4924875469831287e-14
 -3.4937499999999999e+00   8.6545362838671069e-04  -1.6016203621078697e-03   1.0907712610249325e-02  -5.8025724828106956e-14
 -3.4874999999999998e+00   8.6777765349634235e-04  -1.6053520694162854e-03   1.0933171887890517e-02  -6.1296469003979708e-14
 -3.4812499999999997e+00   8.7010469657209202e-04  -1.6090844901654783e-03   1.0958637561718124e-02  -6.4746014765206463e-14
 -3.4749999999999996e+00   8.7243475428496126e-04  -1.6128175664264696e-03   1.0984109284523006e-02  -6.8383702411395125e-14
 -3.4687500000000000e+00   8.7476782354671686e-04  -1.6165512399760550e-03   1.1009586708148923e-02  -7.2219296513417632e-14
 -3.4624999999999999e+00   8.7710390157584735e-04  -1.6202854521864076e-03   1.1035069484493157e-02  -7.6263085789701428e-14
 -3.4562499999999998e+00   8.7944298593101231e-04  -1.6240201440047505e-03   1.1060557266040600e-02  -8.0525804784159745e-14
 -3.4499999999999997e+00   8.8178507449281529e-04  -1.6277552559252029e-03   1.1086049705651829e-02  -8.5018708823836214e-14
 -3.4437499999999996e+00   8.8413016540768517e-04  -1.6314907280840021e-03   1.1111546455809061e-02  -8.9753564943853202e-14
 -3.4375000000000000e+00   8.8647825701498070e-04  -1.6352265004590098e-03   1.1137047167624068e-02  -9.4742727616075758e-14
 -3.4312499999999999e+00   8.8882934782704250e-04  -1.6389625129261034e-03   1.1162551490599901e-02  -9.9999055463407746e-14
 -3.4249999999999998e+00   8.9118343658912556e-04  -1.6426987050694288e-03   1.1188059073551936e-02  -1.0553603984889659e-13
 -3.4187499999999997e+00   8.9354052236628669e-04  -1.6464350159854249e-03   1.1213569565914855e-02  -1.1136782003715932e-13
 -3.4124999999999996e+00   8.9590060452280295e-04  -1.6501713843889141e-03   1.1239082617508601e-02  -1.1750911978589250e-13
 -3.4062500000000000e+00   8.9826368270553365e-04  -1.6539077486195572e-03   1.1264597878350798e-02  -1.2397535407220868e-13
 -3.3999999999999999e+00   9.0062975681561518e-04  -1.6576440466656765e-03   1.1290114998312317e-02  -1.3078260637417520e-13
 -3.3937499999999998e+00   9.0299882697722825e-04  -1.6613802162291713e-03   1.1315633626727281e-02  -1.3794762251928072e-13
 -3.3874999999999997e+00   9.0537089356564451e-04  -1.6651161947019483e-03   1.1341153412856086e-02  -1.4548789465506899e-13
 -3.3812499999999996e+00   9.0774595721752113e-04  -1.6688519191273797e-03   1.1366674006099350e-02  -1.5342169746912738e-13
 -3.3750000000000000e+00   9.1012401883088455e-04  -1.6725873261528761e-03   1.1392195056055921e-02  -1.6176803291780579e-13
 -3.3687499999999999e+00   9.1250507955678291e-04  -1.6763223520711102e-03   1.1417716212469278e-02  -1.7054668796434170e-13
 -3.3624999999999998e+00   9.1488914079539314e-04  -1.6800569328480680e-03   1.1443237125234327e-02  -1.7977825899340448e-13
 -3.3562499999999997e+00   9.1727620419350354e-04  -1.6837910040968464e-03   1.1468757444426179e-02  -1.8948420465875900e-13
 -3.3499999999999996e+00   9.1966627161423509e-04  -1.6875245011223341e-03   1.1494276819931712e-02  -1.9968676133668346e-13
 -3.3437500000000000e+00   9.2205934517892833e-04  -1.6912573588397045e-03   1.1519794902115498e-02  -2.1040906950182521e-13
 -3.3374999999999999e+00   9.2445542730916930e-04  -1.6949895117081995e-03   1.1545311342495118e-02  -2.2167516206348770e-13
 -3.3312499999999998e+00   9.2685452071015128e-04  -1.6987208937299968e-03   1.1570825793569321e-02  -2.3350993229950009e-13
 -3.3249999999999997e+00   9.2925662835894489e-04  -1.7024514384570944e-03   1.1596337908716335e-02  -2.4593920600842490e-13
 -3.3187499999999996e+00   9.3166175348116762e-04  -1.7061810790664456e-03   1.1621847341929111e-02  -2.5898971836138837e-13
 -3.3125000000000000e+00   9.3406989952308931e-04  -1.7099097484128609e-03   1.1647353747481434e-02  -2.7268907551352401e-13
 -3.3062499999999999e+00   9.3648107013180593e-04  -1.7136373790442184e-03   1.1672856779715697e-02  -2.8706585057282927e-13
 -3.2999999999999998e+00   9.3889526916608496e-04  -1.7173639031709560e-03   1.1698356093268011e-02  -3.0214951127662244e-13
 -3.2937499999999997e+00   9.4131250072335560e-04  -1.7210892526257867e-03   1.1723851343531178e-02  -3.1797049134271760e-13
 -3.2874999999999996e+00   9.4373276917143062e-04  -1.7248133587849540e-03   1.1749342187181135e-02  -3.3456007063664805e-13
 -3.2812500000000000e+00   9.4615607917552852e-04  -1.7285361524873948e-03   1.1774828282641306e-02  -3.5195050917882140e-13
 -3.2749999999999999e+00   9.4858243567956209e-04  -1.7322575640816953e-03   1.1800309289887635e-02  -3.7017489805761703e-13
 -3.2687499999999998e+00   9.5101184388862042e-04  -1.7359775234603724e-03   1.1825784870268330e-02  -3.8926717313777824e-13
 -3.2624999999999997e+00   9.5344430924494791e-04  -1.7396959601061941e-03   1.1851254686235768e-02  -4.0926209190899187e-13
 -3.2562499999999996e+00   9.5587983742458917e-04  -1.7434128030770000e-03   1.1876718401371601e-02  -4.3019516986508290e-13
 -3.2500000000000000e+00   9.5831843435055172e-04  -1.7471279809853596e-03   1.1902175680654053e-02  -4.5210264036611743e-13
 -3.2437499999999999e+00   9.6076010621775059e-04  -1.7508414219373856e-03   1.1927626190892385e-02  -4.7502143224014807e-13
 -3.2374999999999998e+00   9.6320485948006497e-04  -1.7545530535582603e-03   1.1953069600619903e-02  -4.9898901096503875e-13
 -3.2312499999999997e+00   9.6565270084163983e-04  -1.7582628029915149e-03   1.1978505580045032e-02  -5.2404336599643851e-13
 -3.2249999999999996e+00   9.6810363726426013e-04  -1.7619705968893278e-03   1.2003933801236251e-02  -5.5022287314808962e-13
 -3.2187500000000000e+00   9.7055767597298054e-04  -1.7656763613923866e-03   1.2029353938282054e-02  -5.7756615161001995e-13
 -3.2124999999999999e+00   9.7301482446601945e-04  -1.7693800220972874e-03   1.2054765667512736e-02  -6.0611199640569523e-13
 -3.2062499999999998e+00   9.7547509050313077e-04  -1.7730815040794608e-03   1.2080168667413554e-02  -6.3589914816876789e-13
 -3.1999999999999997e+00   9.7793848208887796e-04  -1.7767807319247063e-03   1.2105562618464991e-02  -6.6696616818177927e-13
 -3.1937499999999996e+00   9.8040500749465870e-04  -1.7804776296699613e-03   1.2130947203538793e-02  -6.9935123445496111e-13
 -3.1875000000000000e+00   9.8287467528459745e-04  -1.7841721207434973e-03   1.2156322108353613e-02  -7.3309192456835516e-13
 -3.1812499999999999e+00   9.8534749430942447e-04  -1.7878641279767179e-03   1.2181687021469250e-02  -7.6822489714998215e-13
 -3.1749999999999998e+00   9.8782347370013281e-04  -1.7915535736085517e-03   1.2207041634276865e-02  -8.0478566252241331e-13
 -3.1687499999999997e+00   9.9030262286742515e-04  -1.7952403792781037e-03   1.2232385641074622e-02  -8.4280827645138222e-13
 -3.1624999999999996e+00   9.9278495150206879e-04  -1.7989244660177252e-03   1.2257718739155647e-02  -8.8232490612985093e-13
 -3.1562500000000000e+00   9.9527046958142163e-04  -1.8026057542370774e-03   1.2283040628986372e-02  -9.2336551695142296e-13
 -3.1499999999999999e+00   9.9775918737623841e-04  -1.8062841637013218e-03   1.2308351014388241e-02  -9.6595735345513215e-13
 -3.1437499999999998e+00   1.0002511154545593e-03  -1.8099596135103576e-03   1.2333649602679027e-02  -1.0101245255935810e-12
 -3.1374999999999997e+00   1.0027462646763500e-03  -1.8136320221099568e-03   1.2358936104680831e-02  -1.0558873573127966e-12
 -3.1312499999999996e+00   1.0052446462036067e-03  -1.8173013072644766e-03   1.2384210234950489e-02  -1.1032618528951321e-12
 -3.1250000000000000e+00   1.0077462715124513e-03  -1.8209673860242691e-03   1.2409471712040446e-02  -1.1522590083998543e-12
 -3.1187499999999999e+00   1.0102511523980642e-03  -1.8246301747019715e-03   1.2434720258655932e-02  -1.2028840502693226e-12
 -3.1124999999999998e+00   1.0127593009760937e-03  -1.8282895888713005e-03   1.2459955601762721e-02  -1.2551356184933718e-12
 -3.1062499999999997e+00   1.0152707296970662e-03  -1.8319455433304678e-03   1.2485177472880521e-02  -1.3090048525116749e-12
 -3.0999999999999996e+00   1.0177854513511535e-03  -1.8355979520832514e-03   1.2510385608240651e-02  -1.3644744019835261e-12
 -3.0937500000000000e+00   1.0203034790653603e-03  -1.8392467283324838e-03   1.2535579748833165e-02  -1.4215173112004151e-12
 -3.0874999999999999e+00   1.0228248263086594e-03  -1.8428917844717342e-03   1.2560759640569180e-02  -1.4800958216914289e-12
 -3.0812499999999998e+00   1.0253495069006153e-03  -1.8465330320625883e-03   1.2585925034493873e-02  -1.5401600401920276e-12
 -3.0750000000000002e+00   1.0278775350162507e-03  -1.8501703818101249e-03   1.2611075686946078e-02  -1.6016464886201099e-12
 -3.0687499999999996e+00   1.0304089251944126e-03  -1.8538037435367029e-03   1.2636211359767601e-02  -1.6644764347139313e-12
 -3.0625000000000000e+00   1.0329436923479016e-03  -1.8574330261641651e-03   1.2661331820539841e-02  -1.7285542425175134e-12
 -3.0562499999999999e+00   1.0354818517650875e-03  -1.8610581377051321e-03   1.2686436842697345e-02  -1.7937653691783466e-12
 -3.0499999999999998e+00   1.0380234191230062e-03  -1.8646789852163859e-03   1.2711526205806359e-02  -1.8599742923907759e-12
 -3.0437500000000002e+00   1.0405684105090709e-03  -1.8682954747516268e-03   1.2736599695969054e-02  -1.9270221951179619e-12
 -3.0374999999999996e+00   1.0431168424448562e-03  -1.8719075113119989e-03   1.2761657106256936e-02  -1.9947244736348927e-12
 -3.0312500000000000e+00   1.0456687318920832e-03  -1.8755149988261121e-03   1.2786698236889158e-02  -2.0628679443378135e-12
 -3.0249999999999999e+00   1.0482240962464606e-03  -1.8791178401464772e-03   1.2811722895235855e-02  -2.1312078491328757e-12
 -3.0187499999999998e+00   1.0507829533415052e-03  -1.8827159370409326e-03   1.2836730895965050e-02  -2.1994645523256540e-12
 -3.0125000000000002e+00   1.0533453214579208e-03  -1.8863091901750338e-03   1.2861722061271039e-02  -2.2673200139767554e-12
 -3.0062499999999996e+00   1.0559112193354431e-03  -1.8898974990735353e-03   1.2886696221137587e-02  -2.3344138405276767e-12
 -3.0000000000000000e+00   1.0584806661937153e-03  -1.8934807620629749e-03   1.2911653213731717e-02  -2.4003390658041779e-12
 -2.9937499999999999e+00   1.0610536817528330e-03  -1.8970588762323379e-03   1.2936592885793253e-02  -2.4646374435181594e-12
 -2.9874999999999998e+00   1.0636302862487102e-03  -1.9006317373978113e-03   1.2961515092950229e-02  -2.5267944915477059e-12
 -2.9812500000000002e+00   1.0662105004439564e-03  -1.9041992400656048e-03   1.2986419699969371e-02  -2.5862338893187119e-12
 -2.9749999999999996e+00   1.0687943456438422e-03  -1.9077612773883289e-03   1.3011306581080542e-02  -2.6423115972263758e-12
 -2.9687500000000000e+00   1.0713818437098192e-03  -1.9113177411428793e-03   1.3036175620266419e-02  -2.6943092422603267e-12
 -2.9624999999999999e+00   1.0739730170746798e-03  -1.9148685216896814e-03   1.3061026711575476e-02  -2.7414271201138323e-12
 -2.9562499999999998e+00   1.0765678887548855e-03  -1.9184135079341300e-03   1.3085859759395187e-02  -2.7827764641882780e-12
 -2.9500000000000002e+00   1.0791664823682232e-03  -1.9219525872837863e-03   1.3110674678801471e-02  -2.8173710549433153e-12
 -2.9437499999999996e+00   1.0817688221581847e-03  -1.9254856456008603e-03   1.3135471396005773e-02  -2.8441182120823937e-12
 -2.9375000000000000e+00   1.0843749330134954e-03  -1.9290125671512068e-03   1.3160249848732153e-02  -2.8618088292624597e-12
 -2.9312499999999999e+00   1.0869848404858810e-03  -1.9325332345535564e-03   1.3185009986569438e-02  -2.8691066836805967e-12
 -2.9249999999999998e+00   1.0895985708131051e-03  -1.9360475287311493e-03   1.3209751771399538e-02  -2.8645368405367727e-12
 -2.9187500000000002e+00   1.0922161509431274e-03  -1.9395553288615393e-03   1.3234475177841909e-02  -2.8464730018704256e-12
 -2.9124999999999996e+00   1.0948376085510914e-03  -1.9430565123287967e-03   1.3259180193595267e-02  -2.8131237856548850e-12
 -2.9062500000000000e+00   1.0974629720594828e-03  -1.9465509546701309e-03   1.3283866819825015e-02  -2.7625179420694756e-12
 -2.8999999999999999e+00   1.1000922706647753e-03  -1.9500385295237687e-03   1.3308535071644140e-02  -2.6924881743990587e-12
 -2.8937499999999998e+00   1.1027255343661632e-03  -1.9535191085649204e-03   1.3333184978624475e-02  -2.6006537181525645e-12
 -2.8875000000000002e+00   1.1053627939912555e-03  -1.9569925614383254e-03   1.3357816585264585e-02  -2.4844014485590803e-12
 -2.8812499999999996e+00   1.1080040812207607e-03  -1.9604587557007481e-03   1.3382429951442860e-02  -2.3408652662671186e-12
 -2.8750000000000000e+00   1.1106494286179788e-03  -1.9639175567620799e-03   1.3407025152940497e-02  -2.1669040411172692e-12
 -2.8687499999999999e+00   1.1132988696573145e-03  -1.9673688278197890e-03   1.3431602281949957e-02  -1.9590774247718838e-12
 -2.8624999999999998e+00   1.1159524387500124e-03  -1.9708124297918381e-03   1.3456161447544194e-02  -1.7136198571630130e-12
 -2.8562500000000002e+00   1.1186101712766397e-03  -1.9742482212457050e-03   1.3480702776242732e-02  -1.4264124072484770e-12
 -2.8499999999999996e+00   1.1212721036222124e-03  -1.9776760583279465e-03   1.3505226412615891e-02  -1.0929521524990204e-12
 -2.8437500000000000e+00   1.1239382732063426e-03  -1.9810957946925492e-03   1.3529732519817992e-02  -7.0831923083150004e-13
 -2.8374999999999999e+00   1.1266087185175999e-03  -1.9845072814168264e-03   1.3554221280180514e-02  -2.6714106163062219e-13
 -2.8312499999999998e+00   1.1292834791503787e-03  -1.9879103669259912e-03   1.3578692895842277e-02   2.3644627994323961e-13
 -2.8250000000000002e+00   1.1319625958429367e-03  -1.9913048969129737e-03   1.3603147589395754e-02   8.0883995268361462e-13
 -2.8187499999999996e+00   1.1346461105131811e-03  -1.9946907142546059e-03   1.3627585604501842e-02   1.4570154708294386e-12
 -2.8125000000000000e+00   1.1373340662969593e-03  -1.9980676589229068e-03   1.3652007206539999e-02   2.1885757117474990e-12
 -2.8062499999999999e+00   1.1400265075921605e-03  -2.0014355678946165e-03   1.3676412683342600e-02   3.0118036760958797e-12
 -2.7999999999999998e+00   1.1427234801023730e-03  -2.0047942750583852e-03   1.3700802345922853e-02   3.9357196364866419e-12
 -2.7937500000000002e+00   1.1454250308799714e-03  -2.0081436111148441e-03   1.3725176529194199e-02   4.9701429261043412e-12
 -2.7874999999999996e+00   1.1481312083704575e-03  -2.0114834034795455e-03   1.3749535592708218e-02   6.1257586068258927e-12
 -2.7812500000000000e+00   1.1508420624594872e-03  -2.0148134761859447e-03   1.3773879921430915e-02   7.4141895803919600e-12
 -2.7749999999999999e+00   1.1535576445195373e-03  -2.0181336497848384e-03   1.3798209926514007e-02   8.8480744170398322e-12
 -2.7687499999999998e+00   1.1562780074585452e-03  -2.0214437412340957e-03   1.3822526046094394e-02   1.0441151433689582e-11
 -2.7625000000000002e+00   1.1590032057694050e-03  -2.0247435637946168e-03   1.3846828746106161e-02   1.2208349563210649e-11
 -2.7562499999999996e+00   1.1617332955865874e-03  -2.0280329269109498e-03   1.3871118521194784e-02   1.4165886318268390e-11
 -2.7500000000000000e+00   1.1644683347429147e-03  -2.0313116360900062e-03   1.3895395895633855e-02   1.6331373701168232e-11
 -2.7437499999999999e+00   1.1672083828264605e-03  -2.0345794927754176e-03   1.3919661424243307e-02   1.8723932446902963e-11
 -2.7374999999999998e+00   1.1699535012403171e-03  -2.0378362942234281e-03   1.3943915693348886e-02   2.1364315387078509e-11
 -2.7312500000000002e+00   1.1727037532650168e-03  -2.0410818333716362e-03   1.3968159321779736e-02   2.4275040521698491e-11
 -2.7249999999999996e+00   1.1754592041186881e-03  -2.0443158987102847e-03   1.3992392961833383e-02   2.7480534649714437e-11
 -2.7187500000000000e+00   1.1782199210196372e-03  -2.0475382741473348e-03   1.4016617300275281e-02   3.1007288382894102e-11
 -2.7124999999999999e+00   1.1809859732530761e-03  -2.0507487388710366e-03   1.4040833059398143e-02   3.4884023251372746e-11
 -2.7062499999999998e+00   1.1837574322392849e-03  -2.0539470672072844e-03   1.4065040998101720e-02   3.9141872076414132e-11
 -2.7000000000000002e+00   1.1865343716061497e-03  -2.0571330284640272e-03   1.4089241913035398e-02   4.3814573403539976e-11
 -2.6937499999999996e+00   1.1893168672627518e-03  -2.0603063867776746e-03   1.4113436639755802e-02   4.8938681335547194e-11
 -2.6875000000000000e+00   1.1921049974773570e-03  -2.0634669009511695e-03   1.4137626053947428e-02   5.4553791680815352e-11
 -2.6812499999999999e+00   1.1948988429550634e-03  -2.0666143242932646e-03   1.4161811072638524e-02   6.0702785786650591e-11
 -2.6749999999999998e+00   1.1976984869162904e-03  -2.0697484044514981e-03   1.4185992655428468e-02   6.7432093584319512e-11
 -2.6687500000000002e+00   1.2005040151787786e-03  -2.0728688832426594e-03   1.4210171805765904e-02   7.4791976868574809e-11
 -2.6624999999999996e+00   1.2033155162446260e-03  -2.0759754964736247e-03   1.4234349572298900e-02   8.2836834811235585e-11
 -2.6562500000000000e+00   1.2061330813877035e-03  -2.0790679737608653e-03   1.4258527050230506e-02   9.1625533314899631e-11
 -2.6499999999999999e+00   1.2089568047434147e-03  -2.0821460383415686e-03   1.4282705382707820e-02   1.0122175975821375e-10
 -2.6437499999999998e+00   1.2117867834042406e-03  -2.0852094068770236e-03   1.4306885762294101e-02   1.1169440533797331e-10
 -2.6375000000000002e+00   1.2146231175169393e-03  -2.0882577892549314e-03   1.4331069432464528e-02   1.2311797709744226e-10
 -2.6312499999999996e+00   1.2174659103807073e-03  -2.0912908883864191e-03   1.4355257689115629e-02   1.3557304173269608e-10
 -2.6250000000000000e+00   1.2203152685473619e-03  -2.0943083999981210e-03   1.4379451882103574e-02   1.4914670373556670e-10
 -2.6187499999999999e+00   1.2231713019269456e-03  -2.0973100124160875e-03   1.4403653416860316e-02   1.6393312042839016e-10
 -2.6124999999999998e+00   1.2260341238974045e-03  -2.1002954063440602e-03   1.4427863756068231e-02   1.8003405672415290e-10
 -2.6062500000000002e+00   1.2289038514161847e-03  -2.1032642546338588e-03   1.4452084421362168e-02   1.9755948256072256e-10
 -2.5999999999999996e+00   1.2317806051337307e-03  -2.1062162220513020e-03   1.4476316995058790e-02   2.1662821623311990e-10
 -2.5937500000000000e+00   1.2346645095103479e-03  -2.1091509650394942e-03   1.4500563121934078e-02   2.3736861729217369e-10
 -2.5874999999999999e+00   1.2375556929364821e-03  -2.1120681314770909e-03   1.4524824511049963e-02   2.5991933252991105e-10
 -2.5812499999999998e+00   1.2404542878575037e-03  -2.1149673604224373e-03   1.4549102937645811e-02   2.8443009893520333e-10
 -2.5750000000000002e+00   1.2433604309023099e-03  -2.1178482818503103e-03   1.4573400245084640e-02   3.1106260845497375e-10
 -2.5687499999999996e+00   1.2462742630146594e-03  -2.1207105163882278e-03   1.4597718346838725e-02   3.3999143868857213e-10
 -2.5625000000000000e+00   1.2491959295883846e-03  -2.1235536750451259e-03   1.4622059228531048e-02   3.7140505466727824e-10
 -2.5562499999999999e+00   1.2521255806041058e-03  -2.1263773589334173e-03   1.4646424949998352e-02   4.0550688719749464e-10
 -2.5499999999999998e+00   1.2550633707706781e-03  -2.1291811589809759e-03   1.4670817647422505e-02   4.4251649319685730e-10
 -2.5437500000000002e+00   1.2580094596725570e-03  -2.1319646556376688e-03   1.4695239535547168e-02   4.8267080458229800e-10
 -2.5374999999999996e+00   1.2609640119201748e-03  -2.1347274185748413e-03   1.4719692909938022e-02   5.2622547206957088e-10
 -2.5312500000000000e+00   1.2639271973024547e-03  -2.1374690063760927e-03   1.4744180149274075e-02   5.7345631115216830e-10
 -2.5249999999999999e+00   1.2668991909437035e-03  -2.1401889662211893e-03   1.4768703717702392e-02   6.2466085777239951e-10
 -2.5187499999999998e+00   1.2698801734653037e-03  -2.1428868335661962e-03   1.4793266167262320e-02   6.8016004207375837e-10
 -2.5125000000000002e+00   1.2728703311506036e-03  -2.1455621318149710e-03   1.4817870140356380e-02   7.4029998896239537e-10
 -2.5062499999999996e+00   1.2758698561133454e-03  -2.1482143719794965e-03   1.4842518372272708e-02   8.0545395491721957e-10
 -2.5000000000000000e+00   1.2788789464705974e-03  -2.1508430523351305e-03   1.4867213693773078e-02   8.7602441138496198e-10
 -2.4937499999999999e+00   1.2818978065199593e-03  -2.1534476580718350e-03   1.4891959033743459e-02   9.5244528558357421e-10
 -2.4874999999999998e+00   1.2849266469208474e-03  -2.1560276609337912e-03   1.4916757421904223e-02   1.0351843704838187e-09
 -2.4812500000000002e+00   1.2879656848790648e-03  -2.1585825188504479e-03   1.4941611991569013e-02   1.1247459164564464e-09
 -2.4749999999999996e+00   1.2910151443363139e-03  -2.1611116755618546e-03   1.4966525982476055e-02   1.2216734184558731e-09
 -2.4687500000000000e+00   1.2940752561643282e-03  -2.1636145602380815e-03   1.4991502743687574e-02   1.3265526129599318e-09
 -2.4624999999999999e+00   1.2971462583616065e-03  -2.1660905870901038e-03   1.5016545736528429e-02   1.4400147004756308e-09
 -2.4562499999999998e+00   1.3002283962535550e-03  -2.1685391549732297e-03   1.5041658537575881e-02   1.5627398101899013e-09
 -2.4500000000000002e+00   1.3033219226981064e-03  -2.1709596469840693e-03   1.5066844841730436e-02   1.6954607249295969e-09
 -2.4437499999999996e+00   1.3064270982955169e-03  -2.1733514300510265e-03   1.5092108465349419e-02   1.8389668857438213e-09
 -2.4375000000000000e+00   1.3095441916009766e-03  -2.1757138545162678e-03   1.5117453349423812e-02   1.9941086966679211e-09
 -2.4312499999999999e+00   1.3126734793408317e-03  -2.1780462537115000e-03   1.5142883562810270e-02   2.1618021522130952e-09
 -2.4249999999999998e+00   1.3158152466335347e-03  -2.1803479435282538e-03   1.5168403305534695e-02   2.3430338112899800e-09
 -2.4187500000000002e+00   1.3189697872139135e-03  -2.1826182219825273e-03   1.5194016912147505e-02   2.5388661432579688e-09
 -2.4124999999999996e+00   1.3221374036604793e-03  -2.1848563687713778e-03   1.5219728855126862e-02   2.7504432737183412e-09
 -2.4062500000000000e+00   1.3253184076263598e-03  -2.1870616448244795e-03   1.5245543748338914e-02   2.9789971595770720e-09
 -2.3999999999999999e+00   1.3285131200739787e-03  -2.1892332918513227e-03   1.5271466350557126e-02   3.2258542250045086e-09
 -2.3937499999999998e+00   1.3317218715120562e-03  -2.1913705318844998e-03   1.5297501569020707e-02   3.4924424926951870e-09
 -2.3875000000000002e+00   1.3349450022351295e-03  -2.1934725668171420e-03   1.5323654463035781e-02   3.7802992464148851e-09
 -2.3812499999999996e+00   1.3381828625658966e-03  -2.1955385779376148e-03   1.5349930247623954e-02   4.0910792647308894e-09
 -2.3750000000000000e+00   1.3414358131004270e-03  -2.1975677254608031e-03   1.5376334297219834e-02   4.4265636674686140e-09
 -2.3687499999999999e+00   1.3447042249552362e-03  -2.1995591480565000e-03   1.5402872149403642e-02   4.7886694204349887e-09
 -2.3624999999999998e+00   1.3479884800159086e-03  -2.2015119623751294e-03   1.5429549508665173e-02   5.1794595467777118e-09
 -2.3562500000000002e+00   1.3512889711870695e-03  -2.2034252625738105e-03   1.5456372250197128e-02   5.6011540970951215e-09
 -2.3499999999999996e+00   1.3546061026434781e-03  -2.2052981198423154e-03   1.5483346423715291e-02   6.0561419340747304e-09
 -2.3437500000000000e+00   1.3579402900819181e-03  -2.2071295819283986e-03   1.5510478257302042e-02   6.5469933915422273e-09
 -2.3374999999999999e+00   1.3612919609731038e-03  -2.2089186726647492e-03   1.5537774161262929e-02   7.0764738724716158e-09
 -2.3312499999999998e+00   1.3646615548130888e-03  -2.2106643914999342e-03   1.5565240731989996e-02   7.6475584547418980e-09
 -2.3250000000000002e+00   1.3680495233740469e-03  -2.2123657130326204e-03   1.5592884755831229e-02   8.2634475787822942e-09
 -2.3187499999999996e+00   1.3714563309536638e-03  -2.2140215865501934e-03   1.5620713212956603e-02   8.9275838965342145e-09
 -2.3125000000000000e+00   1.3748824546227407e-03  -2.2156309355732817e-03   1.5648733281216166e-02   9.6436703671401453e-09
 -2.3062499999999999e+00   1.3783283844698870e-03  -2.2171926574093797e-03   1.5676952339975705e-02   1.0415689690610743e-08
 -2.2999999999999998e+00   1.3817946238423597e-03  -2.2187056227161461e-03   1.5705377973918071e-02   1.1247925177854307e-08
 -2.2937500000000002e+00   1.3852816895825741e-03  -2.2201686750756792e-03   1.5734017976804938e-02   1.2144983162207015e-08
 -2.2874999999999996e+00   1.3887901122596256e-03  -2.2215806305821068e-03   1.5762880355191571e-02   1.3111817065623520e-08
 -2.2812500000000000e+00   1.3923204363947162e-03  -2.2229402774444425e-03   1.5791973332080617e-02   1.4153753240696500e-08
 -2.2749999999999999e+00   1.3958732206791570e-03  -2.2242463756065901e-03   1.5821305350498048e-02   1.5276518718609452e-08
 -2.2687499999999998e+00   1.3994490381841985e-03  -2.2254976563868540e-03   1.5850885076982808e-02   1.6486271002639907e-08
 -2.2625000000000002e+00   1.4030484765617185e-03  -2.2266928221397527e-03   1.5880721404978811e-02   1.7789630056865779e-08
 -2.2562499999999996e+00   1.4066721382338461e-03  -2.2278305459431024e-03   1.5910823458104347e-02   1.9193712650893731e-08
 -2.2500000000000000e+00   1.4103206405703362e-03  -2.2289094713122929e-03   1.5941200593284719e-02   2.0706169232728676e-08
 -2.2437499999999999e+00   1.4139946160528431e-03  -2.2299282119450222e-03   1.5971862403739177e-02   2.2335223515125750e-08
 -2.2374999999999998e+00   1.4176947124241194e-03  -2.2308853515005957e-03   1.6002818721796961e-02   2.4089714973398931e-08
 -2.2312500000000002e+00   1.4214215928202399e-03  -2.2317794434161820e-03   1.6034079621518937e-02   2.5979144467938415e-08
 -2.2249999999999996e+00   1.4251759358841307e-03  -2.2326090107643521e-03   1.6065655421103848e-02   2.8013723219640292e-08
 -2.2187500000000000e+00   1.4289584358589159e-03  -2.2333725461559594e-03   1.6097556685062131e-02   3.0204425383200793e-08
 -2.2124999999999999e+00   1.4327698026588068e-03  -2.2340685116923921e-03   1.6129794226129052e-02   3.2563044481559584e-08
 -2.2062499999999998e+00   1.4366107619150999e-03  -2.2346953389710249e-03   1.6162379106887007e-02   3.5102253983091880e-08
 -2.2000000000000002e+00   1.4404820549949085e-03  -2.2352514291503036e-03   1.6195322641067982e-02   3.7835672324576987e-08
 -2.1937499999999996e+00   1.4443844389904711e-03  -2.2357351530790863e-03   1.6228636394510897e-02   4.0777932704417879e-08
 -2.1875000000000000e+00   1.4483186866761956e-03  -2.2361448514950071e-03   1.6262332185738942e-02   4.3944757994625473e-08
 -2.1812499999999999e+00   1.4522855864306482e-03  -2.2364788352970725e-03   1.6296422086123183e-02   4.7353041145126804e-08
 -2.1749999999999998e+00   1.4562859421208823e-03  -2.2367353858995269e-03   1.6330918419602009e-02   5.1020931481873535e-08
 -2.1687500000000002e+00   1.4603205729455315e-03  -2.2369127556739507e-03   1.6365833761912384e-02   5.4967927328758097e-08
 -2.1624999999999996e+00   1.4643903132329186e-03  -2.2370091684856949e-03   1.6401180939287024e-02   5.9214975415150461e-08
 -2.1562500000000000e+00   1.4684960121909569e-03  -2.2370228203318818e-03   1.6436973026579853e-02   6.3784577564623744e-08
 -2.1499999999999999e+00   1.4726385336052072e-03  -2.2369518800896188e-03   1.6473223344776515e-02   6.8700905196338704e-08
 -2.1437499999999998e+00   1.4768187554807463e-03  -2.2367944903820425e-03   1.6509945457837488e-02   7.3989922209939827e-08
 -2.1375000000000002e+00   1.4810375696232938e-03  -2.2365487685705693e-03   1.6547153168818985e-02   7.9679516865653525e-08
 -2.1312500000000001e+00   1.4852958811555090e-03  -2.2362128078825911e-03   1.6584860515224328e-02   8.5799643317015199e-08
 -2.1250000000000000e+00   1.4895946079636463e-03  -2.2357846786848811e-03   1.6623081763528790e-02   9.2382473501046532e-08
 -2.1187499999999999e+00   1.4939346800688996e-03  -2.2352624299127222e-03   1.6661831402809583e-02   9.9462560142591645e-08
 -2.1124999999999998e+00   1.4983170389180876e-03  -2.2346440906652236e-03   1.6701124137418401e-02   1.0707701168491652e-07
 -2.1062500000000002e+00   1.5027426365882399e-03  -2.2339276719787835e-03   1.6740974878633286e-02   1.1526568001805248e-07
 -2.1000000000000001e+00   1.5072124348988864e-03  -2.2331111687907052e-03   1.6781398735217237e-02   1.2407136194046286e-07
 -2.0937500000000000e+00   1.5117274044254543e-03  -2.2321925621050370e-03   1.6822411002806181e-02   1.3354001535807671e-07
 -2.0874999999999999e+00   1.5162885234069512e-03  -2.2311698213744765e-03   1.6864027152047007e-02   1.4372099129884256e-07
 -2.0812499999999998e+00   1.5208967765408218e-03  -2.2300409071128366e-03   1.6906262815403708e-02   1.5466728289938433e-07
 -2.0750000000000002e+00   1.5255531536573568e-03  -2.2288037737524559e-03   1.6949133772543833e-02   1.6643579260638393e-07
 -2.0687500000000001e+00   1.5302586482652805e-03  -2.2274563727625093e-03   1.6992655934207984e-02   1.7908761892607140e-07
 -2.0625000000000000e+00   1.5350142559601948e-03  -2.2259966560446019e-03   1.7036845324467993e-02   1.9268836415346737e-07
 -2.0562499999999999e+00   1.5398209726868938e-03  -2.2244225796234944e-03   1.7081718061271327e-02   2.0730846461938803e-07
 -2.0499999999999998e+00   1.5446797928459338e-03  -2.2227321076507046e-03   1.7127290335162634e-02   2.2302354510517623e-07
 -2.0437500000000002e+00   1.5495917072344851e-03  -2.2209232167401099e-03   1.7173578386069775e-02   2.3991479919869506e-07
 -2.0375000000000001e+00   1.5545577008108530e-03  -2.2189939006561302e-03   1.7220598478035570e-02   2.5806939749529756e-07
 -2.0312500000000000e+00   1.5595787502714600e-03  -2.2169421753757681e-03   1.7268366871769626e-02   2.7758092568851253e-07
 -2.0249999999999999e+00   1.5646558214283243e-03  -2.2147660845467849e-03   1.7316899794886969e-02   2.9854985474708812e-07
 -2.0187499999999998e+00   1.5697898663744752e-03  -2.2124637053657255e-03   1.7366213409694346e-02   3.2108404553788066e-07
 -2.0125000000000002e+00   1.5749818204243277e-03  -2.2100331549002499e-03   1.7416323778382113e-02   3.4529929042917303e-07
 -2.0062500000000001e+00   1.5802325988149915e-03  -2.2074725968819191e-03   1.7467246825468026e-02   3.7131989459807552e-07
 -2.0000000000000000e+00   1.5855430931537154e-03  -2.2047802489965750e-03   1.7518998297331542e-02   3.9927929996827466e-07
 -1.9937499999999999e+00   1.5909141675960158e-03  -2.2019543907009563e-03   1.7571593718671990e-02   4.2932075492277232e-07
 -1.9874999999999998e+00   1.5963466547380626e-03  -2.1989933715958142e-03   1.7625048345713764e-02   4.6159803317128167e-07
 -1.9812500000000002e+00   1.6018413512059477e-03  -2.1958956203872075e-03   1.7679377115973029e-02   4.9627620540495543e-07
 -1.9750000000000001e+00   1.6073990129235884e-03  -2.1926596544688342e-03   1.7734594594392309e-02   5.3353246764352957e-07
 -1.9687500000000000e+00   1.6130203500398133e-03  -2.1892840901607332e-03   1.7790714915637395e-02   5.7355703047302595e-07
 -1.9624999999999999e+00   1.6187060214943197e-03  -2.1857676536407140e-03   1.7847751722344297e-02   6.1655407368783131e-07
 -1.9562499999999998e+00   1.6244566292009193e-03  -2.1821091926070820e-03   1.7905718099091875e-02   6.6274277119161533e-07
 -1.9500000000000002e+00   1.6302727118250953e-03  -2.1783076887131169e-03   1.7964626501862067e-02   7.1235839137774302e-07
 -1.9437500000000001e+00   1.6361547381316868e-03  -2.1743622708160501e-03   1.8024488682739467e-02   7.6565347860489338e-07
 -1.9375000000000000e+00   1.6421030998771374e-03  -2.1702722290853674e-03   1.8085315609589897e-02   8.2289912180888087e-07
 -1.9312499999999999e+00   1.6481181042193194e-03  -2.1660370300171927e-03   1.8147117380445232e-02   8.8438631675132645e-07
 -1.9249999999999998e+00   1.6541999656162023e-03  -2.1616563324041898e-03   1.8209903132305708e-02   9.5042742889983265e-07
 -1.9187500000000002e+00   1.6603487971830991e-03  -2.1571300043128744e-03   1.8273680944058415e-02   1.0213577644687025e-06
 -1.9125000000000001e+00   1.6665646014764075e-03  -2.1524581411231690e-03   1.8338457733195035e-02   1.0975372577242371e-06
 -1.9062500000000000e+00   1.6728472606696515e-03  -2.1476410846876502e-03   1.8404239145992679e-02   1.1793522832803479e-06
 -1.8999999999999999e+00   1.6791965260855690e-03  -2.1426794436712059e-03   1.8471029440804435e-02   1.2672176027806235e-06
 -1.8937499999999998e+00   1.6856120070460503e-03  -2.1375741151347318e-03   1.8538831364091242e-02   1.3615784560860787e-06
 -1.8875000000000002e+00   1.6920931589991879e-03  -2.1323263074302561e-03   1.8607646018804509e-02   1.4629128078703405e-06
 -1.8812500000000001e+00   1.6986392708801842e-03  -2.1269375644778678e-03   1.8677472724708245e-02   1.5717337613671414e-06
 -1.8750000000000000e+00   1.7052494516602206e-03  -2.1214097914990532e-03   1.8748308870208095e-02   1.6885921519273821e-06
 -1.8687499999999999e+00   1.7119226160344266e-03  -2.1157452822852846e-03   1.8820149755230130e-02   1.8140793340289697e-06
 -1.8624999999999998e+00   1.7186574691971238e-03  -2.1099467480843659e-03   1.8892988424669289e-02   1.9488301764465541e-06
 -1.8562500000000002e+00   1.7254524906490669e-03  -2.1040173481918683e-03   1.8966815491899186e-02   2.0935262814417835e-06
 -1.8500000000000001e+00   1.7323059169779211e-03  -2.0979607223399086e-03   1.9041618951807681e-02   2.2488994450793197e-06
 -1.8437500000000000e+00   1.7392157235494340e-03  -2.0917810249803802e-03   1.9117383982793612e-02   2.4157353771223924e-06
 -1.8374999999999999e+00   1.7461796050425909e-03  -2.0854829615651049e-03   1.9194092737127216e-02   2.5948777004198081e-06
 -1.8312499999999998e+00   1.7531949547576970e-03  -2.0790718269312271e-03   1.9271724119043907e-02   2.7872322512762250e-06
 -1.8250000000000002e+00   1.7602588426216903e-03  -2.0725535459062143e-03   1.9350253549906569e-02   2.9937717040067363e-06
 -1.8187500000000001e+00   1.7673679918098742e-03  -2.0659347162528597e-03   1.9429652719732775e-02   3.2155405447296563e-06
 -1.8125000000000000e+00   1.7745187538978436e-03  -2.0592226540816520e-03   1.9509889324343749e-02   3.4536604214584807e-06
 -1.8062499999999999e+00   1.7817070824516540e-03  -2.0524254418652177e-03   1.9590926787350606e-02   3.7093358997298274e-06
 -1.7999999999999998e+00   1.7889285049579686e-03  -2.0455519791968170e-03   1.9672723966148067e-02   3.9838606553629225e-06
 -1.7937500000000002e+00   1.7961780929891418e-03  -2.0386120364427164e-03   1.9755234841037254e-02   4.2786241385055788e-06
 -1.7875000000000001e+00   1.8034504304911805e-03  -2.0316163114469155e-03   1.9838408186551876e-02   4.5951187458975703e-06
 -1.7812500000000000e+00   1.8107395800747584e-03  -2.0245764894557205e-03   1.9922187224008837e-02   4.9349475412962722e-06
 -1.7749999999999999e+00   1.8180390471810161e-03  -2.0175053064386515e-03   2.0006509254246442e-02   5.2998325672814213e-06
 -1.7687499999999998e+00   1.8253417419850466e-03  -2.0104166159919355e-03   2.0091305269456239e-02   5.6916237952097710e-06
 -1.7625000000000002e+00   1.8326399388905285e-03  -2.0033254600215549e-03   2.0176499542954342e-02   6.1123087639524805e-06
 -1.7562500000000001e+00   1.8399252334585460e-03  -1.9962481434137040e-03   2.0262009195671699e-02   6.5640229622453908e-06
 -1.7500000000000000e+00   1.8471884966024400e-03  -1.9892023129116478e-03   2.0347743738072223e-02   7.0490610140459712e-06
 -1.7437499999999999e+00   1.8544198258687386e-03  -1.9822070404301546e-03   2.0433604586137695e-02   7.5698887312560124e-06
 -1.7374999999999998e+00   1.8616084936114920e-03  -1.9752829110514505e-03   2.0519484549984011e-02   8.1291561035696827e-06
 -1.7312500000000002e+00   1.8687428918534523e-03  -1.9684521159596987e-03   2.0605267293592987e-02   8.7297113010878397e-06
 -1.7250000000000001e+00   1.8758104736126689e-03  -1.9617385505846172e-03   2.0690826764060706e-02   9.3746157717409740e-06
 -1.7187500000000000e+00   1.8827976904571139e-03  -1.9551679182395493e-03   2.0776026588677179e-02   1.0067160522538355e-05
 -1.7124999999999999e+00   1.8896899260327370e-03  -1.9487678395544992e-03   2.0860719438061906e-02   1.0810883681259965e-05
 -1.7062499999999998e+00   1.8964714252917420e-03  -1.9425679680202576e-03   2.0944746353484978e-02   1.1609589443492737e-05
 -1.7000000000000002e+00   1.9031252191277978e-03  -1.9366001119760690e-03   2.1027936036404345e-02   1.2467368518945585e-05
 -1.6937500000000001e+00   1.9096330441032779e-03  -1.9308983633905808e-03   2.1110104098147703e-02   1.3388620200831817e-05
 -1.6875000000000000e+00   1.9159752569302491e-03  -1.9254992338035854e-03   2.1191052267560875e-02   1.4378076192860317e-05
 -1.6812499999999999e+00   1.9221307433415903e-03  -1.9204417978145711e-03   2.1270567554332726e-02   1.5440826340113335e-05
 -1.6749999999999998e+00   1.9280768209612759e-03  -1.9157678445232763e-03   2.1348421365592032e-02   1.6582346422905215e-05
 -1.6687500000000002e+00   1.9337891357532929e-03  -1.9115220373473131e-03   2.1424368573252944e-02   1.7808528186713238e-05
 -1.6625000000000001e+00   1.9392415515964616e-03  -1.9077520826625625e-03   2.1498146529461661e-02   1.9125711796566869e-05
 -1.6562500000000000e+00   1.9444060324976442e-03  -1.9045089077333152e-03   2.1569474027369466e-02   2.0540720920995362e-05
 -1.6499999999999999e+00   1.9492525169180588e-03  -1.9018468484211664e-03   2.1638050204327120e-02   2.2060900668906175e-05
 -1.6437499999999998e+00   1.9537487836462863e-03  -1.8998238471842036e-03   2.1703553384459649e-02   2.3694158622747096e-05
 -1.6375000000000002e+00   1.9578603086069135e-03  -1.8985016619012202e-03   2.1765639857442506e-02   2.5449009233157478e-05
 -1.6312500000000001e+00   1.9615501119451830e-03  -1.8979460860795647e-03   2.1823942590159118e-02   2.7334621864220867e-05
 -1.6250000000000000e+00   1.9647785946751255e-03  -1.8982271810293835e-03   2.1878069867776361e-02   2.9360872804588291e-05
 -1.6187499999999999e+00   1.9675033641209346e-03  -1.8994195206117593e-03   2.1927603860628236e-02   3.1538401588367285e-05
 -1.6124999999999998e+00   1.9696790473184042e-03  -1.9016024491931773e-03   2.1972099113150838e-02   3.3878672001002495e-05
 -1.6062500000000002e+00   1.9712570914746448e-03  -1.9048603534638725e-03   2.2011080950965697e-02   3.6394038179665922e-05
 -1.6000000000000001e+00   1.9721855505092502e-03  -1.9092829488026265e-03   2.2044043802062079e-02   3.9097816255216218e-05
 -1.5937500000000000e+00   1.9724088566181268e-03  -1.9149655808953275e-03   2.2070449427885976e-02   4.2004362023878133e-05
 -1.5874999999999999e+00   1.9718675757115548e-03  -1.9220095433388799e-03   2.2089725060005429e-02   4.5129155181774556e-05
 -1.5812499999999998e+00   1.9704981454799955e-03  -1.9305224119851826e-03   2.2101261437890797e-02   4.8488890704675083e-05
 -1.5750000000000002e+00   1.9682325947338463e-03  -1.9406183968016623e-03   2.2104410743228206e-02   5.2101578009200942e-05
 -1.5687500000000001e+00   1.9649982425458210e-03  -1.9524187120447071e-03   2.2098484426078174e-02   5.5986648590669896e-05
 -1.5625000000000000e+00   1.9607173755959613e-03  -1.9660519655594457e-03   2.2082750918103845e-02   6.0165072897233488e-05
 -1.5562499999999999e+00   1.9553069019783015e-03  -1.9816545680329269e-03   2.2056433228030022e-02   6.4659487270441585e-05
 -1.5499999999999998e+00   1.9486779795738190e-03  -1.9993711630367224e-03   2.2018706414462675e-02   6.9494331859388774e-05
 -1.5437500000000002e+00   1.9407356169250996e-03  -2.0193550786981734e-03   2.1968694931206425e-02   7.4696000499704002e-05
 -1.5375000000000001e+00   1.9313782443629011e-03  -2.0417688018353080e-03   2.1905469840275256e-02   8.0293003640427923e-05
 -1.5312500000000000e+00   1.9204972529318117e-03  -2.0667844753770514e-03   2.1828045887910860e-02   8.6316145501880691e-05
 -1.5249999999999999e+00   1.9079764984400605e-03  -2.0945844198656336e-03   2.1735378439119081e-02   9.2798716756595524e-05
 -1.5187499999999998e+00   1.8936917677154180e-03  -2.1253616797991810e-03   2.1626360266524810e-02   9.9776704143910309e-05
 -1.5125000000000002e+00   1.8775102038831818e-03  -2.1593205955163920e-03   2.1499818189749741e-02   1.0728901855751740e-04
 -1.5062500000000001e+00   1.8592896871916459e-03  -2.1966774012480011e-03   2.1354509562061495e-02   1.1537774328478702e-04
 -1.5000000000000000e+00   1.8388781675931674e-03  -2.2376608498570565e-03   2.1189118601756967e-02   1.2408840422759317e-04
 -1.4937499999999999e+00   1.8161129449428836e-03  -2.2825128646562260e-03   2.1002252566661460e-02   1.3347026409719735e-04
 -1.4874999999999998e+00   1.7908198923001859e-03  -2.3314892185190873e-03   2.0792437771290966e-02   1.4357664275090013e-04
 -1.4812500000000002e+00   1.7628126174081579e-03  -2.3848602402860557e-03   2.0558115447688548e-02   1.5446526602591856e-04
 -1.4750000000000001e+00   1.7318915569813423e-03  -2.4429115481951541e-03   2.0297637452765745e-02   1.6619864562633646e-04
 -1.4687500000000000e+00   1.6978429979504792e-03  -2.5059448097323948e-03   2.0009261827227506e-02   1.7884449283176557e-04
 -1.4624999999999999e+00   1.6604380192926291e-03  -2.5742785268834628e-03   1.9691148213916064e-02   1.9247616902090927e-04
 -1.4562499999999998e+00   1.6194313475151030e-03  -2.6482488452627528e-03   1.9341353146774227e-02   2.0717317623838934e-04
 -1.4500000000000002e+00   1.5745601182612179e-03  -2.7282103849798184e-03   1.8957825225717841e-02   2.2302169127714507e-04
 -1.4437500000000001e+00   1.5255425358651851e-03  -2.8145370903561247e-03   1.8538400197656634e-02   2.4011514699873580e-04
 -1.4375000000000000e+00   1.4720764220035052e-03  -2.9076230947021244e-03   1.8080795969870767e-02   2.5855486486614547e-04
 -1.4312499999999999e+00   1.4138376438738200e-03  -3.0078835952773520e-03   1.7582607589126723e-02   2.7845074291292087e-04
 -1.4249999999999998e+00   1.3504784115839147e-03  -3.1157557322507891e-03   1.7041302228519770e-02   2.9992200361160092e-04
 -1.4187500000000002e+00   1.2816254336605124e-03  -3.2316994639157736e-03   1.6454214234318157e-02   3.2309800632402254e-04
 -1.4125000000000001e+00   1.2068779188002285e-03  -3.3561984285470927e-03   1.5818540297355053e-02   3.4811912920397112e-04
 -1.4062500000000000e+00   1.1258054111983199e-03  -3.4897607810643228e-03   1.5131334828117500e-02   3.7513772556293005e-04
 -1.3999999999999999e+00   1.0379454460251077e-03  -3.6329199900227492e-03   1.4389505632021255e-02   4.0431915978204978e-04
 -1.3937499999999998e+00   9.4280101090248058e-04  -3.7862355773196207e-03   1.3589810001902463e-02   4.3584292783207043e-04
 -1.3875000000000002e+00   8.3983779860015591e-04  -3.9502937792962227e-03   1.2728851369038939e-02   4.6990386731508789e-04
 -1.3812500000000001e+00   7.2848123567117778e-04  -4.1257081035406739e-03   1.1803076682651759e-02   5.0671346162672729e-04
 -1.3750000000000000e+00   6.0811327144055598e-04  -4.3131197505444268e-03   1.0808774721532681e-02   5.4650124230312279e-04
 -1.3687499999999999e+00   4.7806891172994599e-04  -4.5131978633143931e-03   9.7420755809865152e-03   5.8951629280035861e-04
 -1.3624999999999998e+00   3.3763248204749039e-04  -4.7266395609552835e-03   8.5989516245622514e-03   6.3602885577579123e-04
 -1.3562500000000002e+00   1.8603360582572723e-04  -4.9541697039597963e-03   7.3752202440608913e-03   6.8633204430391958e-04
 -1.3500000000000001e+00   2.2442884816691249e-05  -5.1965403293092972e-03   6.0665488341340593e-03   7.4074365524543959e-04
 -1.3437500000000000e+00  -1.5403272884018446e-04  -5.4545296823126877e-03   4.6684624605981637e-03   7.9960808005233297e-04
 -1.3374999999999999e+00  -3.4435487581514133e-04  -5.7289407592034042e-03   3.1763547856183752e-03   8.6329830445956485e-04
 -1.3312500000000003e+00  -5.4955904997739822e-04  -6.0205992596747684e-03   1.5855029094281187e-03   9.3221798357537051e-04
 -1.3250000000000002e+00  -7.7076017102819118e-04  -6.3303508315665120e-03  -1.0891310151668279e-04   1.0068035725871137e-03
 -1.3187500000000001e+00  -1.0091584551938496e-03  -6.6590574706386048e-03  -1.9117851049682952e-03   1.0875264853529654e-03
 -1.3125000000000000e+00  -1.2660455575950410e-03  -7.0075929166341913e-03  -3.8280451560974318e-03   1.1748952432060248e-03
 -1.3062499999999999e+00  -1.5428109440066811e-03  -7.3768368625519321e-03  -5.8626259706185497e-03   1.2694575639588088e-03
 -1.3000000000000003e+00  -1.8409484292308753e-03  -7.7676677672231581e-03  -8.0204122118251210e-03   1.3718023259101607e-03
 -1.2937500000000002e+00  -2.1620627931586678e-03  -8.1809540320678525e-03  -1.0306181047423271e-02   1.4825613231205339e-03
 -1.2875000000000001e+00  -2.5078763525357138e-03  -8.6175432716378165e-03  -1.2724530221490015e-02   1.6024107057905764e-03
 -1.2812500000000000e+00  -2.8802353249996688e-03  -9.0782493748892204e-03  -1.5279791678325870e-02   1.7320719726838971e-03
 -1.2749999999999999e+00  -3.2811157704291630e-03  -9.5638370211015740e-03  -1.7975928565562196e-02   1.8723123506181585e-03
 -1.2687500000000003e+00  -3.7126288311258586e-03  -1.0075003282554087e-02  -2.0816413244342382e-02   2.0239443586084534e-03
 -1.2625000000000002e+00  -4.1770249147470382e-03  -1.0612355917765678e-02  -2.3804083760149659e-02   2.1878243109172261e-03
 -1.2562500000000001e+00  -4.6766963700035878e-03  -1.1176387937492661e-02  -2.6940976100385816e-02   2.3648494639249944e-03
 -1.2500000000000000e+00  -5.2141780927298991e-03  -1.1767448015095348e-02  -3.0228129513216739e-02   2.5559534566638761e-03
 -1.2437499999999999e+00  -5.7921453670196346e-03  -1.2385706319079336e-02  -3.3665362224959111e-02   2.7620996349380341e-03
 -1.2375000000000003e+00  -6.4134080912289712e-03  -1.3031115376025896e-02  -3.7251015120026265e-02   2.9842717859616817e-03
 -1.2312500000000002e+00  -7.0809003612888298e-03  -1.3703365636135816e-02  -4.0981661400697207e-02   3.2234617473800718e-03
 -1.2250000000000001e+00  -7.7976641850992122e-03  -1.4401835522758913e-02  -4.4851781000369538e-02   3.4806532960678228e-03
 -1.2187500000000000e+00  -8.5668258855091835e-03  -1.5125535915311782e-02  -4.8853399674551906e-02   3.7568016750487354e-03
 -1.2124999999999999e+00  -9.3915635229687971e-03  -1.5873049257663835e-02  -5.2975694342750075e-02   4.0528080907815773e-03
 -1.2062500000000003e+00  -1.0275063445086568e-02  -1.6642463818594608e-02  -5.7204568514657918e-02   4.3694885206676231e-03
 -1.2000000000000002e+00  -1.1220463868842973e-02  -1.7431304074736850e-02  -6.1522204619559581e-02   4.7075362283608823e-03
 -1.1937500000000001e+00  -1.2230783251074068e-02  -1.8236458755184034e-02  -6.5906603869555075e-02   5.0674775124794754e-03
 -1.1875000000000000e+00  -1.3308831144337875e-02  -1.9054108791413681e-02  -7.0331128992064618e-02   5.4496204361966401e-03
 -1.1812499999999999e+00  -1.4457099321852700e-02  -1.9879658257734474e-02  -7.4764070767811344e-02   5.8539966266728232e-03
 -1.1750000000000003e+00  -1.5677631254402750e-02  -2.0707672352135269e-02  -7.9168265705770596e-02   6.2802967198335551e-03
 -1.1687500000000002e+00  -1.6971868614761493e-02  -2.1531827518523620e-02  -8.3500799121703217e-02   6.7278006786640103e-03
 -1.1625000000000001e+00  -1.8340474461508306e-02  -2.2344879881246758e-02  -8.7712834898869982e-02   7.1953050425174947e-03
 -1.1562500000000000e+00  -1.9783134205312060e-02  -2.3138659144844847e-02  -9.1749619574033478e-02   7.6810501626466375e-03
 -1.1499999999999999e+00  -2.1298337464420669e-02  -2.3904095854732365e-02  -9.5550713085587879e-02   8.1826516080737068e-03
 -1.1437500000000003e+00  -2.2883146514158105e-02  -2.4631290221032037e-02  -9.9050500219099002e-02   8.6970411091243077e-03
 -1.1375000000000002e+00  -2.4532960204197769e-02  -2.5309630344174841e-02  -1.0217903392215347e-01   9.2204235175982301e-03
 -1.1312500000000001e+00  -2.6241285832711975e-02  -2.5927966397912353e-02  -1.0486325257558810e-01   9.7482571236137822e-03
 -1.1250000000000000e+00  -2.7999535266215497e-02  -2.6474844897026898e-02  -1.0702859651084570e-01   1.0275265052921876e-02
 -1.1187499999999999e+00  -2.9796865150839930e-02  -2.6938803456483973e-02  -1.0860102361036961e-01   1.0795485120712172e-02
 -1.1125000000000003e+00  -3.1620083777060229e-02  -2.7308721438064367e-02  -1.0950938979332560e-01   1.1302364195526837e-02
 -1.1062500000000002e+00  -3.3453648300357783e-02  -2.7574215802160709e-02  -1.0968811914354062e-01   1.1788900655213068e-02
 -1.1000000000000001e+00  -3.5279774799264071e-02  -2.7726064833926877e-02  -1.0908004380932125e-01   1.2247834859619037e-02
 -1.0937500000000000e+00  -3.7078679380061430e-02  -2.7756635978572589e-02  -1.0763925095071261e-01   1.2671882892393779e-02
 -1.0874999999999999e+00  -3.8828960815899399e-02  -2.7660288814918693e-02  -1.0533373981371077e-01   1.3054003558682555e-02
 -1.0812500000000003e+00  -4.0508124139738630e-02  -2.7433721324682529e-02  -1.0214767392704754e-01   1.3387683436096816e-02
 -1.0750000000000002e+00  -4.2093230963400792e-02  -2.7076228057219928e-02  -9.8083017993110796e-02   1.3667220507243482e-02
 -1.0687500000000001e+00  -4.3561647551453600e-02  -2.6589843144575430e-02  -9.3160380188004294e-02   1.3887984427077602e-02
 -1.0625000000000000e+00  -4.4891847907442717e-02  -2.5979349378712605e-02  -8.7418938023538881e-02   1.4046631504431027e-02
 -1.0562499999999999e+00  -4.6064218661201431e-02  -2.5252145977000269e-02  -8.0915404390983811e-02   1.4141255344594652e-02
 -1.0500000000000003e+00  -4.7061807493466806e-02  -2.4417980800479511e-02  -7.3722079996064588e-02   1.4171459641441094e-02
 -1.0437500000000002e+00  -4.7870958577454659e-02  -2.3488565765064494e-02  -6.5924126191874072e-02   1.4138347122599747e-02
 -1.0375000000000001e+00  -4.8481787296637616e-02  -2.2477105036717879e-02  -5.7616264904883002e-02   1.4044427020701097e-02
 -1.0312500000000000e+00  -4.8888461262826047e-02  -2.1397772715947637e-02  -4.8899159104825209e-02   1.3893451365002430e-02
 -1.0249999999999999e+00  -4.9089273239040568e-02  -2.0265179180166900e-02  -3.9875742095384442e-02   1.3690196663439383e-02
 -1.0187500000000003e+00  -4.9086511140579381e-02  -1.9093863015445193e-02  -3.0647746726043725e-02   1.3440211341009379e-02
 -1.0125000000000002e+00  -4.8886147978823360e-02  -1.7897839295999494e-02  -2.1312641885584363e-02   1.3149550297121827e-02
 -1.0062500000000001e+00  -4.8497388112938390e-02  -1.6690226196647038e-02  -1.1961122602819540e-02   1.2824516348993842e-02
 -1.0000000000000000e+00  -4.7932114131233328e-02  -1.5482962116446272e-02  -2.6752324957756168e-03   1.2471424756961566e-02
 -9.9374999999999991e-01  -4.7204280834058664e-02  -1.4286616108803675e-02   6.4728668990545295e-03   1.2096402314731403e-02
 -9.8750000000000027e-01  -4.6329299828718105e-02  -1.3110286555812128e-02   1.5421518788323775e-02   1.1705227481084702e-02
 -9.8125000000000018e-01  -4.5323451511431620e-02  -1.1961577320217933e-02   2.4119663070641936e-02   1.1303213431029756e-02
 -9.7500000000000009e-01  -4.4203352303214156e-02  -1.0846637220405339e-02   3.2526497320394761e-02   1.0895132180556193e-02
 -9.6875000000000000e-01  -4.2985495453098745e-02  -9.7702473993308402e-03   4.0610814518806999e-02   1.0485175305620705e-02
 -9.6249999999999991e-01  -4.1685874746077933e-02  -8.7359415675736900e-03   4.8350121734871951e-02   1.0076945235365713e-02
 -9.5625000000000027e-01  -4.0319692866205015e-02  -7.7461456733435349e-03   5.5729632579527566e-02   9.6734705074358572e-03
 -9.5000000000000018e-01  -3.8901150369345085e-02  -6.8023257847401371e-03   6.2741210475595111e-02   9.2772385085984604e-03
 -9.4375000000000009e-01  -3.7443307278506026e-02  -5.9051354415073703e-03   6.9382322483820577e-02   8.8902398479169531e-03
 -9.3750000000000000e-01  -3.5958007055354416e-02  -5.0545561369867813e-03   7.5655046702055334e-02   8.5140194061219983e-03
 -9.3124999999999991e-01  -3.4455851820253985e-02  -4.2500267307786265e-03   8.1565161431662703e-02   8.1497301009960856e-03
 -9.2500000000000027e-01  -3.2946217839250370e-02  -3.4905593697127334e-03   8.7121332043187810e-02   7.7981863820085762e-03
 -9.1875000000000018e-01  -3.1437301132621012e-02  -2.7748408822067814e-03   9.2334401938643146e-02   7.4599153420129467e-03
 -9.1250000000000009e-01  -2.9936184297071469e-02  -2.1013196297942228e-03   9.7216787041323804e-02   7.1352040711323960e-03
 -9.0625000000000000e-01  -2.8448917046687301e-02  -1.4682784973356158e-03   1.0178196850457846e-01   6.8241424669998668e-03
 -8.9999999999999991e-01  -2.6980604404528812e-02  -8.7389513924604131e-04   1.0604407540267344e-01   6.5266611630811064e-03
 -8.9375000000000027e-01  -2.5535497811927526e-02  -3.1629083275128101e-04   1.1001754763180008e-01   6.2425645597035985e-03
 -8.8750000000000018e-01  -2.4117085606116362e-02   2.0643062500800291e-04   1.1371686872947601e-01   5.9715591617480624e-03
 -8.8125000000000009e-01  -2.2728180322468844e-02   6.9615255550098507e-04   1.1715635849832874e-01   5.7132775643524633e-03
 -8.7500000000000000e-01  -2.1371001102090514e-02   1.1547222343684007e-03   1.2035001594306483e-01   5.4672985033283371e-03
 -8.6874999999999991e-01  -2.0047250140003137e-02   1.5839337053313671e-03   1.2331140390633923e-01   5.2331634173691461e-03
 -8.6250000000000027e-01  -1.8758182612809059e-02   1.9855154916015617e-03   1.2605356778242904e-01   5.0103899684462603e-03
 -8.5625000000000018e-01  -1.7504669899944827e-02   2.3611222659328320e-03   1.2858898170249489e-01   4.7984829458904369e-03
 -8.5000000000000009e-01  -1.6287256182138346e-02   2.7123296776195584e-03   1.3092951656071561e-01   4.5969429466932955e-03
 -8.4375000000000000e-01  -1.5106208685650272e-02   3.0406316617316315e-03   1.3308642515052521e-01   4.4052731854281107e-03
 -8.3749999999999991e-01  -1.3961561960016498e-02   3.3474396698947675e-03   1.3507034048611863e-01   4.2229847459785818e-03
 -8.3125000000000027e-01  -1.2853156646193645e-02   3.6340833619564971e-03   1.3689128409000681e-01   4.0496005466927791e-03
 -8.2500000000000018e-01  -1.1780673224306711e-02   3.9018123840483267e-03   1.3855868163418869e-01   3.8846582523347313e-03
 -8.1875000000000009e-01  -1.0743661236074266e-02   4.1517989316870061e-03   1.4008138383672233e-01   3.7277123312362596e-03
 -8.1250000000000000e-01  -9.7415644646340963e-03   4.3851408578553137e-03   1.4146769094589395e-01   3.5783354247903082e-03
 -8.0624999999999991e-01  -8.7737425301867653e-03   4.6028651368324050e-03   1.4272537950064337e-01   3.4361191689636170e-03
 -8.0000000000000027e-01  -7.8394893283169603e-03   4.8059315362955863e-03   1.4386173034833749e-01   3.3006745837116372e-03
 -7.9375000000000018e-01  -6.9380487024864870e-03   4.9952363842170376e-03   1.4488355713883083e-01   3.1716321257936769e-03
 -7.8750000000000009e-01  -6.0686277054739684e-03   5.1716163445474344e-03   1.4579723470564213e-01   3.0486414831860094e-03
 -7.8125000000000000e-01  -5.2304077681615789e-03   5.3358521376976348e-03   1.4660872689867452e-01   2.9313711747251002e-03
 -7.7499999999999991e-01  -4.4225540591613073e-03   5.4886721593445176e-03   1.4732361355488735e-01   2.8195080064341857e-03
 -7.6875000000000027e-01  -3.6442232860296724e-03   5.6307559649081598e-03   1.4794711638940078e-01   2.7127564258650812e-03
 -7.6250000000000018e-01  -2.8945701586284398e-03   5.7627375978606338e-03   1.4848412366451735e-01   2.6108378074215710e-03
 -7.5625000000000009e-01  -2.1727527077180062e-03   5.8852087484063250e-03   1.4893921355211182e-01   2.5134896947514728e-03
 -7.5000000000000000e-01  -1.4779366271359710e-03   5.9987217354965476e-03   1.4931667614912647e-01   2.4204650206641333e-03
 -7.4374999999999991e-01  -8.0929878583100581e-04   6.1037923099998342e-03   1.4962053413927420e-01   2.3315313204434270e-03
 -7.3750000000000027e-01  -1.6603003644316148e-04   6.2009022804652286e-03   1.4985456211874396e-01   2.2464699507067695e-03
 -7.3125000000000018e-01   4.5266257013906123e-04   6.2905019655503944e-03   1.5002230462156504e-01   2.1650753229586271e-03
 -7.2500000000000009e-01   1.0475540699604220e-03   6.3730124790509759e-03   1.5012709289279233e-01   2.0871541585758958e-03
 -7.1875000000000000e-01   1.6194002898727231e-03   6.4488278547328269e-03   1.5017206046602335e-01   2.0125247700364412e-03
 -7.1249999999999991e-01   2.1689369005868007e-03   6.5183170189708102e-03   1.5016015760690063e-01   1.9410163716724728e-03
 -7.0625000000000027e-01   2.6968787594092518e-03   6.5818256196459434e-03   1.5009416468695289e-01   1.8724684220238587e-03
 -7.0000000000000018e-01   3.2039194918579857e-03   6.6396777199331201e-03   1.4997670455298967e-01   1.8067299989221576e-03
 -6.9375000000000009e-01   3.6907312688696553e-03   6.6921773655927797e-03   1.4981025395676303e-01   1.7436592077039129e-03
 -6.8750000000000000e-01   4.1579647428109205e-03   6.7396100342156139e-03   1.4959715410811938e-01   1.6831226223904994e-03
 -6.8124999999999991e-01   4.6062491111177988e-03   6.7822439746013192e-03   1.4933962041268065e-01   1.6249947592477617e-03
 -6.7500000000000027e-01   5.0361922812307332e-03   6.8203314441136215e-03   1.4903975145243750e-01   1.5691575818243000e-03
 -6.6875000000000018e-01   5.4483811146725817e-03   6.8541098514689758e-03   1.4869953726468663e-01   1.5155000363401274e-03
 -6.6250000000000009e-01   5.8433817317235679e-03   6.8838028120048909e-03   1.4832086697163088e-01   1.4639176161393354e-03
 -6.5625000000000000e-01   6.2217398612613604e-03   6.9096211220502730e-03   1.4790553580978277e-01   1.4143119538165836e-03
 -6.4999999999999991e-01   6.5839812230253734e-03   6.9317636585951373e-03   1.4745525160514561e-01   1.3665904395659145e-03
 -6.4375000000000027e-01   6.9306119318916599e-03   6.9504182100385914e-03   1.4697164073704339e-01   1.3206658642719066e-03
 -6.3750000000000018e-01   7.2621189157605643e-03   6.9657622433876932e-03   1.4645625363047160e-01   1.2764560858600324e-03
 -6.3125000000000009e-01   7.5789703404068025e-03   6.9779636128894720e-03   1.4591056981396794e-01   1.2338837174391522e-03
 -6.2500000000000000e-01   7.8816160361592121e-03   6.9871812147067770e-03   1.4533600257727494e-01   1.1928758357995959e-03
 -6.1874999999999991e-01   8.1704879225960817e-03   6.9935655918970377e-03   1.4473390326049304e-01   1.1533637088715029e-03
 -6.1250000000000027e-01   8.4460004285887985e-03   6.9972594936223327e-03   1.4410556520400739e-01   1.1152825407971167e-03
 -6.0625000000000018e-01   8.7085509060233941e-03   6.9983983922095282e-03   1.4345222738621430e-01   1.0785712333253004e-03
 -6.0000000000000009e-01   8.9585200363947095e-03   6.9971109613903293e-03   1.4277507777397061e-01   1.0431721622949717e-03
 -5.9375000000000000e-01   9.1962722302164675e-03   6.9935195187825440e-03   1.4207525640873664e-01   1.0090309680351787e-03
 -5.8749999999999991e-01   9.4221560198342567e-03   6.9877404354245854e-03   1.4135385824957730e-01   9.7609635857221215e-04
 -5.8125000000000027e-01   9.6365044467767620e-03   6.9798845149448164e-03   1.4061193579251033e-01   9.4431992459782451e-04
 -5.7500000000000018e-01   9.8396354452413206e-03   6.9700573447343383e-03   1.3985050148415112e-01   9.1365596521680924e-04
 -5.6875000000000009e-01   1.0031852223688149e-02   6.9583596212955410e-03   1.3907052994617941e-01   8.8406132355658658e-04
 -5.6250000000000000e-01   1.0213443646817890e-02   6.9448874517580011e-03   1.3827296002584299e-01   8.5549523138581010e-04
 -5.5624999999999991e-01   1.0384684620432613e-02   6.9297326333872420e-03   1.3745869668650990e-01   8.2791916195321428e-04
 -5.5000000000000027e-01   1.0545836481833024e-02   6.9129829127593532e-03   1.3662861275117114e-01   8.0129669032185540e-04
 -5.4375000000000018e-01   1.0697147398486409e-02   6.8947222261346516e-03   1.3578355051077787e-01   7.7559336053746304e-04
 -5.3750000000000009e-01   1.0838852777711804e-02   6.8750309224355965e-03   1.3492432320836115e-01   7.5077655903272819e-04
 -5.3125000000000000e-01   1.0971175690072490e-02   6.8539859701170101e-03   1.3405171640902142e-01   7.2681539373187492e-04
 -5.2499999999999991e-01   1.1094327309042170e-02   6.8316611491098305e-03   1.3316648926508468e-01   7.0368057838168113e-04
 -5.1875000000000027e-01   1.1208507369322312e-02   6.8081272289220859e-03   1.3226937568499597e-01   6.8134432169600714e-04
 -5.1250000000000018e-01   1.1313904645935437e-02   6.7834521338919519e-03   1.3136108541385194e-01   6.5978022096066947e-04
 -5.0625000000000009e-01   1.1410697455905915e-02   6.7577010965070841e-03   1.3044230503285889e-01   6.3896315980386089e-04
 -5.0000000000000000e-01   1.1499054183969289e-02   6.7309367996310904e-03   1.2951369888443781e-01   6.1886920989396850e-04
 -4.9374999999999991e-01   1.1579133833327572e-02   6.7032195084116512e-03   1.2857590992917489e-01   5.9947553638120814e-04
 -4.8750000000000027e-01   1.1651086601996498e-02   6.6746071925847545e-03   1.2762956054033608e-01   5.8076030695157856e-04
 -4.8125000000000018e-01   1.1715054484777547e-02   6.6451556398353130e-03   1.2667525324121967e-01   5.6270260441083312e-04
 -4.7500000000000009e-01   1.1771171900339586e-02   6.6149185608256377e-03   1.2571357139021069e-01   5.4528234276199870e-04
 -4.6875000000000000e-01   1.1819566342320516e-02   6.5839476864593708e-03   1.2474507981802251e-01   5.2848018678200990e-04
 -4.6249999999999991e-01   1.1860359052766728e-02   6.5522928579091226e-03   1.2377032542125836e-01   5.1227747514079986e-04
 -4.5625000000000027e-01   1.1893665715627555e-02   6.5200021099008172e-03   1.2278983771610218e-01   4.9665614713927098e-04
 -4.5000000000000018e-01   1.1919597167423157e-02   6.4871217477162320e-03   1.2180412935564425e-01   4.8159867317054602e-04
 -4.4375000000000009e-01   1.1938260121618333e-02   6.4536964183470628e-03   1.2081369661406841e-01   4.6708798903140276e-04
 -4.3750000000000000e-01   1.1949757902672562e-02   6.4197691762087339e-03   1.1981901984066611e-01   4.5310743422752146e-04
 -4.3124999999999991e-01   1.1954191185209568e-02   6.3853815437997005e-03   1.1882056388640166e-01   4.3964069442686902e-04
 -4.2500000000000027e-01   1.1951658733268606e-02   6.3505735676719476e-03   1.1781877850552601e-01   4.2667174822005400e-04
 -4.1875000000000018e-01   1.1942258134175500e-02   6.3153838700603492e-03   1.1681409873452778e-01   4.1418481834473307e-04
 -4.1250000000000009e-01   1.1926086521214262e-02   6.2798496965023078e-03   1.1580694525051451e-01   4.0216432752316440e-04
 -4.0625000000000000e-01   1.1903241278999241e-02   6.2440069597643685e-03   1.1479772471093524e-01   3.9059485904790737e-04
 -3.9999999999999991e-01   1.1873820725251434e-02   6.2078902803790028e-03   1.1378683007638574e-01   3.7946112223070743e-04
 -3.9375000000000027e-01   1.1837924762578089e-02   6.1715330240822404e-03   1.1277464091808119e-01   3.6874792280411968e-04
 -3.8750000000000018e-01   1.1795655493847170e-02   6.1349673364311042e-03   1.1176152371143358e-01   3.5844013833487493e-04
 -3.8125000000000009e-01   1.1747117794841925e-02   6.0982241748686406e-03   1.1074783211703605e-01   3.4852269867292874e-04
 -3.7500000000000000e-01   1.1692419838077598e-02   6.0613333384935833e-03   1.0973390725023015e-01   3.3898057142121434e-04
 -3.6874999999999991e-01   1.1631673561962387e-02   6.0243234957810783e-03   1.0872007794031543e-01   3.2979875236907385e-04
 -3.6250000000000027e-01   1.1564995079886611e-02   5.9872222104904015e-03   1.0770666098035403e-01   3.2096226078798598e-04
 -3.5625000000000018e-01   1.1492505024323495e-02   5.9500559659850715e-03   1.0669396136842364e-01   3.1245613944240062e-04
 -3.5000000000000009e-01   1.1414328821616769e-02   5.9128501881799394e-03   1.0568227254108198e-01   3.0426545912214651e-04
 -3.4375000000000000e-01   1.1330596893806449e-02   5.8756292673189728e-03   1.0467187659972339e-01   2.9637532745691340e-04
 -3.3749999999999991e-01   1.1241444784595456e-02   5.8384165787760556e-03   1.0366304453043296e-01   2.8877090172867316e-04
 -3.3125000000000027e-01   1.1147013207375423e-02   5.8012345030595512e-03   1.0265603641787660e-01   2.8143740535549081e-04
 -3.2500000000000018e-01   1.1047448014097105e-02   5.7641044451893697e-03   1.0165110165370340e-01   2.7436014768087889e-04
 -3.1875000000000009e-01   1.0942900084676594e-02   5.7270468536029214e-03   1.0064847913988387e-01   2.6752454666748254e-04
 -3.1250000000000000e-01   1.0833525137557526e-02   5.6900812387336392e-03   9.9648397487358570e-02   2.6091615406319279e-04
 -3.0624999999999991e-01   1.0719483462987693e-02   5.6532261913927982e-03   9.8651075210329661e-02   2.5452068258243474e-04
 -3.0000000000000027e-01   1.0600939581499715e-02   5.6164994010720927e-03   9.7656720916492176e-02   2.4832403462591760e-04
 -2.9375000000000018e-01   1.0478061830994834e-02   5.5799176742710637e-03   9.6665533493469666e-02   2.4231233204899204e-04
 -2.8750000000000009e-01   1.0351021886701289e-02   5.5434969529399780e-03   9.5677702291692715e-02   2.3647194648225992e-04
 -2.8125000000000000e-01   1.0219994219099906e-02   5.5072523331152756e-03   9.4693407303937466e-02   2.3078952970838947e-04
 -2.7500000000000036e-01   1.0085155495665800e-02   5.4711980838112982e-03   9.3712819341722167e-02   2.2525204360624991e-04
 -2.6875000000000027e-01   9.9466839329547148e-03   5.4353476662188857e-03   9.2736100208747230e-02   2.1984678918740577e-04
 -2.6250000000000018e-01   9.8047586061542104e-03   5.3997137532484831e-03   9.1763402871552463e-02   2.1456143427046968e-04
 -2.5625000000000009e-01   9.6595587237151854e-03   5.3643082494430148e-03   9.0794871627558033e-02   2.0938403936546381e-04
 -2.5000000000000000e-01   9.5112628750702172e-03   5.3291423112737882e-03   8.9830642270649977e-02   2.0430308137270938e-04
 -2.4375000000000036e-01   9.3600482597271852e-03   5.2942263678213870e-03   8.8870842254469062e-02   1.9930747473828947e-04
 -2.3750000000000027e-01   9.2060899061959366e-03   5.2595701418328587e-03   8.7915590853560016e-02   1.9438658975014841e-04
 -2.3125000000000018e-01   9.0495598892613299e-03   5.2251826711366941e-03   8.6964999322539149e-02   1.8953026770466807e-04
 -2.2500000000000009e-01   8.8906265540586032e-03   5.1910723303880933e-03   8.6019171053440160e-02   1.8472883272230888e-04
 -2.1875000000000000e-01   8.7294537552394212e-03   5.1572468531089488e-03   8.5078201731400183e-02   1.7997310004178813e-04
 -2.1250000000000036e-01   8.5662001192440065e-03   5.1237133539798682e-03   8.4142179488851179e-02   1.7525438067444079e-04
 -2.0625000000000027e-01   8.4010183373225602e-03   5.0904783513354909e-03   8.3211185058386261e-02   1.7056448235301417e-04
 -2.0000000000000018e-01   8.2340544964859784e-03   5.0575477898092344e-03   8.2285291924472551e-02   1.6589570676134931e-04
 -1.9375000000000009e-01   8.0654474550208369e-03   5.0249270630695958e-03   8.1364566474186800e-02   1.6124084308239244e-04
 -1.8750000000000000e-01   7.8953282685871526e-03   4.9926210365871006e-03   8.0449068147151886e-02   1.5659315795099840e-04
 -1.8125000000000036e-01   7.7238196722410595e-03   4.9606340703689921e-03   7.9538849584855520e-02   1.5194638194433838e-04
 -1.7500000000000027e-01   7.5510356230000268e-03   4.9289700415976693e-03   7.8633956779533276e-02   1.4729469278578091e-04
 -1.6875000000000018e-01   7.3770809068080118e-03   4.8976323671088614e-03   7.7734429222799217e-02   1.4263269547733153e-04
 -1.6250000000000009e-01   7.2020508129746127e-03   4.8666240256462091e-03   7.6840300054206945e-02   1.3795539961064629e-04
 -1.5625000000000000e-01   7.0260308783680753e-03   4.8359475798305726e-03   7.5951596209922728e-02   1.3325819413691054e-04
 -1.5000000000000036e-01   6.8490967028489221e-03   4.8056051977847193e-03   7.5068338571689874e-02   1.2853681990124540e-04
 -1.4375000000000027e-01   6.6713138366506757e-03   4.7755986743570076e-03   7.4190542116259903e-02   1.2378734026759905e-04
 -1.3750000000000018e-01   6.4927377396572627e-03   4.7459294518913597e-03   7.3318216065461309e-02   1.1900611017523759e-04
 -1.3125000000000009e-01   6.3134138118030340e-03   4.7165986404948262e-03   7.2451364037071073e-02   1.1418974397799361e-04
 -1.2500000000000000e-01   6.1333774931397874e-03   4.6876070377586364e-03   7.1589984196647055e-02   1.0933508242247353e-04
 -1.1875000000000036e-01   5.9526544314831955e-03   4.6589551478934312e-03   7.0734069410471279e-02   1.0443915912165862e-04
 -1.1250000000000027e-01   5.7712607149754567e-03   4.6306432002444949e-03   6.9883607399745015e-02   9.9499166876023217e-05
 -1.0625000000000018e-01   5.5892031663862789e-03   4.6026711671580088e-03   6.9038580896166754e-02   9.4512424185765065e-05
 -1.0000000000000009e-01   5.4064796955249255e-03   4.5750387811747057e-03   6.8198967799013271e-02   8.9476342285368582e-05
 -9.3750000000000000e-02   5.2230797057541507e-03   4.5477455515326266e-03   6.7364741333831871e-02   8.4388393015926843e-05
 -8.7500000000000355e-02   5.0389845502839814e-03   4.5207907799659349e-03   6.6535870212840825e-02   7.9246077831876760e-05
 -8.1250000000000266e-02   4.8541680336788981e-03   4.4941735757918211e-03   6.5712318797119501e-02   7.4046898217524477e-05
 -7.5000000000000178e-02   4.6685969538356369e-03   4.4678928702823794e-03   6.4894047260656479e-02   6.8788327765430905e-05
 -6.8750000000000089e-02   4.4822316795794662e-03   4.4419474303233940e-03   6.4081011756316447e-02   6.3467786143867283e-05
 -6.2500000000000000e-02   4.2950267589782461e-03   4.4163358713661715e-03   6.3273164583769761e-02   5.8082615154600528e-05
 -5.6250000000000355e-02   4.1069315534789088e-03   4.3910566696811152e-03   6.2470454359381748e-02   5.2630057055670778e-05
 -5.0000000000000266e-02   3.9178908930433496e-03   4.3661081739272923e-03   6.1672826188083653e-02   4.7107235297011199e-05
 -4.3750000000000178e-02   3.7278457475986293e-03   4.3414886160612464e-03   6.0880221837350458e-02   4.1511137790213609e-05
 -3.7500000000000089e-02   3.5367339102360725e-03   4.3171961215977099e-03   6.0092579913114959e-02   3.5838602808206066e-05
 -3.1250000000000000e-02   3.3444906877439246e-03   4.2932287192212490e-03   5.9309836037096587e-02   3.0086307587348959e-05
 -2.5000000000000355e-02   3.1510495945133955e-03   4.2695843498263249e-03   5.8531923026613072e-02   2.4250759684445152e-05
 -1.8750000000000266e-02   2.9563430457897407e-03   4.2462608750791228e-03   5.7758771078233538e-02   1.8328291118529705e-05
 -1.2500000000000178e-02   2.7603030437783949e-03   4.2232560852242451e-03   5.6990307948725491e-02   1.2315055265346495e-05
 -6.2500000000005329e-03   2.5628618482295856e-03   4.2005677061074083e-03   5.6226459131083546e-02   6.2070262513907647e-06
  0.0000000000000000e+00   2.3639526286999193e-03   4.1781934070113640e-03   5.5467148054619102e-02   0.0000000000000000e+00
