# Columns: x, rho, u, p, lamdatime_step 1000
# time   1.0000000000000000e+01
 -2.0187499999999998e+00   3.6121058374913406e-03  -3.1048757747691295e-03   1.0331050433075448e-02   1.6972602891711026e-13
 -2.0124999999999997e+00   3.6121058374913406e-03  -3.1048757747691295e-03   1.0331050433075448e-02   1.6972602891711026e-13
 -2.0062499999999996e+00   3.6121058374913406e-03  -3.1048757747691295e-03   1.0331050433075448e-02   1.6972602891711026e-13
 -1.9999999999999998e+00   3.6121058374913406e-03  -3.1048757747691295e-03   1.0331050433075448e-02   1.6972602891711026e-13
 -1.9937499999999999e+00   3.6295429891568579e-03  -3.1171530083494675e-03   1.0371908939197944e-02   2.1249367651011957e-13
 -1.9874999999999998e+00   3.6400146808016746e-03  -3.1234982892505135e-03   1.0393049361697352e-02   2.5298067410095674e-13
 -1.9812499999999997e+00   3.6539345264086811e-03  -3.1334360781390598e-03   1.0426162490624398e-02   3.0307192270480023e-13
 -1.9749999999999999e+00   3.6662158953375689e-03  -3.1413300527958843e-03   1.0452492128470606e-02   3.6362683659615294e-13
 -1.9687499999999998e+00   3.6795113345691878e-03  -3.1504475407199352e-03   1.0482904470170256e-02   4.3589133059221646e-13
 -1.9624999999999999e+00   3.6922862960856308e-03  -3.1588897032239567e-03   1.0511078111675927e-02   5.2259972646794949e-13
 -1.9562499999999998e+00   3.7054550352601267e-03  -3.1677607776469485e-03   1.0540685272168669e-02   6.2652203266176900e-13
 -1.9499999999999997e+00   3.7184751552129325e-03  -3.1764192390175082e-03   1.0569591486191519e-02   7.5107276211742698e-13
 -1.9437499999999999e+00   3.7316651283393985e-03  -3.1852379139060746e-03   1.0599038240966394e-02   9.0034990138174103e-13
 -1.9374999999999998e+00   3.7448404325137559e-03  -3.1939999310489141e-03   1.0628305393271604e-02   1.0792518405878726e-12
 -1.9312499999999999e+00   3.7581087770861437e-03  -3.2028311283830335e-03   1.0657813017425645e-02   1.2936510349808805e-12
 -1.9249999999999998e+00   3.7714083412573357e-03  -3.2116581873615616e-03   1.0687318390839340e-02   1.5505813831075032e-12
 -1.9187499999999997e+00   3.7847756725507978e-03  -3.2205235782302604e-03   1.0716963897286293e-02   1.8584690414988170e-12
 -1.9124999999999999e+00   3.7981901606966352e-03  -3.2294024917597481e-03   1.0746668039609558e-02   2.2274071499298783e-12
 -1.9062499999999998e+00   3.8116644266653625e-03  -3.2383092153363668e-03   1.0776479470832200e-02   2.6694856013098931e-12
 -1.8999999999999999e+00   3.8251917980215398e-03  -3.2472352883038944e-03   1.0806371287965100e-02   3.1991863194589704e-12
 -1.8937499999999998e+00   3.8387768494466193e-03  -3.2561854374897089e-03   1.0836360621953482e-02   3.8338545713398826e-12
 -1.8874999999999997e+00   3.8524176536536016e-03  -3.2651566875073670e-03   1.0866439142566383e-02   4.5942653046663517e-12
 -1.8812499999999999e+00   3.8661160972922187e-03  -3.2741505023354727e-03   1.0896613448673202e-02   5.5053018590797526e-12
 -1.8749999999999998e+00   3.8798718846556690e-03  -3.2831657293724767e-03   1.0926881590698797e-02   6.5967649398405664e-12
 -1.8687499999999999e+00   3.8936860237178219e-03  -3.2922026994543991e-03   1.0957246720009133e-02   7.9043451384768013e-12
 -1.8624999999999998e+00   3.9075588021391531e-03  -3.3012608413580430e-03   1.0987709164139117e-02   9.4707855084551382e-12
 -1.8562499999999997e+00   3.9214909666530394e-03  -3.3103400647067492e-03   1.1018271044728658e-02   1.1347273801835328e-11
 -1.8499999999999999e+00   3.9354830417707267e-03  -3.3194399514851723e-03   1.1048933610041932e-02   1.3595108355527326e-11
 -1.8437499999999998e+00   3.9495357301671677e-03  -3.3285602209587161e-03   1.1079698802702695e-02   1.6287694517661673e-11
 -1.8374999999999999e+00   3.9636496842470649e-03  -3.3377004544066897e-03   1.1110568365357225e-02   1.9512933139669468e-11
 -1.8312499999999998e+00   3.9778256436200600e-03  -3.3468602497022841e-03   1.1141544379013888e-02   2.3376080086768916e-11
 -1.8249999999999997e+00   3.9920643602145475e-03  -3.3560391258816852e-03   1.1172628969862625e-02   2.8003169159286333e-11
 -1.8187499999999999e+00   4.0063666471874971e-03  -3.3652365724064202e-03   1.1203824500829223e-02   3.3545110922305302e-11
 -1.8124999999999998e+00   4.0207333565213024e-03  -3.3744520135982180e-03   1.1235133483877372e-02   4.0182597779193962e-11
 -1.8062499999999999e+00   4.0351653986078033e-03  -3.3836848218966593e-03   1.1266558656698594e-02   4.8131976359724527e-11
 -1.7999999999999998e+00   4.0496637378209504e-03  -3.3929343023022390e-03   1.1298102965371787e-02   5.7652276054518981e-11
 -1.7937499999999997e+00   4.0642294026344743e-03  -3.4021996927993538e-03   1.1329769603963353e-02   6.9053623683683557e-11
 -1.7874999999999999e+00   4.0788634881579701e-03  -3.4114801545486657e-03   1.1361562024424681e-02   8.2707313415597161e-11
 -1.7812499999999998e+00   4.0935671638589622e-03  -3.4207747672278894e-03   1.1393483966769492e-02   9.9057861232936986e-11
 -1.7749999999999999e+00   4.1083416789780662e-03  -3.4300825205181339e-03   1.1425539480210481e-02   1.1863743259493514e-10
 -1.7687499999999998e+00   4.1231883701263305e-03  -3.4394023068678981e-03   1.1457732952818243e-02   1.4208311107918557e-10
 -1.7624999999999997e+00   4.1381086685196959e-03  -3.4487329125764809e-03   1.1490069139735600e-02   1.7015756722121566e-10
 -1.7562499999999999e+00   4.1531041084497088e-03  -3.4580730086810041e-03   1.1522553196223223e-02   2.0377379485917486e-10
 -1.7499999999999998e+00   4.1681763361740018e-03  -3.4674211406505819e-03   1.1555190712320194e-02   2.4402471730361055e-10
 -1.7437499999999999e+00   4.1833271198086349e-03  -3.4767757173849311e-03   1.1587987751416865e-02   2.9221861970990802e-10
 -1.7374999999999998e+00   4.1985583598895416e-03  -3.4861349992695175e-03   1.1620950891420534e-02   3.4992155481994617e-10
 -1.7312499999999997e+00   4.2138721008337394e-03  -3.4954970853037530e-03   1.1654087269434862e-02   4.1900809312823097e-10
 -1.7249999999999999e+00   4.2292705433546419e-03  -3.5048598990981015e-03   1.1687404630160691e-02   5.0172205845921137e-10
 -1.7187499999999998e+00   4.2447560578681405e-03  -3.5142211738529985e-03   1.1720911378157403e-02   6.0074921270720913e-10
 -1.7124999999999999e+00   4.2603311989914926e-03  -3.5235784360477811e-03   1.1754616634386197e-02   7.1930423864306734e-10
 -1.7062499999999998e+00   4.2759987212380507e-03  -3.5329289878261228e-03   1.1788530297426563e-02   8.6123483483203525e-10
 -1.6999999999999997e+00   4.2917615959209019e-03  -3.5422698880387881e-03   1.1822663109430396e-02   1.0311462839875857e-09
 -1.6937499999999999e+00   4.3076230294111411e-03  -3.5515979317627690e-03   1.1857026727400372e-02   1.2345505218587545e-09
 -1.6874999999999998e+00   4.3235864827472935e-03  -3.5609096283355877e-03   1.1891633799772115e-02   1.4780445248794829e-09
 -1.6812499999999999e+00   4.3396556927133602e-03  -3.5702011777444956e-03   1.1926498048794230e-02   1.7695237774129540e-09
 -1.6749999999999998e+00   4.3558346944503733e-03  -3.5794684453496275e-03   1.1961634358959437e-02   2.1184377194633953e-09
 -1.6687499999999997e+00   4.3721278456725493e-03  -3.5887069347824217e-03   1.1997058871800359e-02   2.5360954229032549e-09
 -1.6624999999999999e+00   4.3885398525342735e-03  -3.5979117590559167e-03   1.2032789087243969e-02   3.0360313774315350e-09
 -1.6562499999999998e+00   4.4050757971931887e-03  -3.6070776098145498e-03   1.2068843971743473e-02   3.6344431980471278e-09
 -1.6499999999999999e+00   4.4217411671188204e-03  -3.6161987246610600e-03   1.2105244073415565e-02   4.3507153967170970e-09
 -1.6437499999999998e+00   4.4385418861494904e-03  -3.6252688525490375e-03   1.2142011644241120e-02   5.2080461399960132e-09
 -1.6374999999999997e+00   4.4554843472889233e-03  -3.6342812173158151e-03   1.2179170769353181e-02   6.2341972405383878e-09
 -1.6312499999999999e+00   4.4725754471944884e-03  -3.6432284793995466e-03   1.2216747503296245e-02   7.4623916142372276e-09
 -1.6249999999999998e+00   4.4898226222410695e-03  -3.6521026958539105e-03   1.2254770012884391e-02   8.9323872037316313e-09
 -1.6187499999999999e+00   4.5072338860206833e-03  -3.6608952788464112e-03   1.2293268726216597e-02   1.0691762068389646e-08
 -1.6124999999999998e+00   4.5248178680837086e-03  -3.6695969529225345e-03   1.2332276487211283e-02   1.2797452182181832e-08
 -1.6062499999999997e+00   4.5425838536259470e-03  -3.6781977113488052e-03   1.2371828714655957e-02   1.5317591643565966e-08
 -1.5999999999999999e+00   4.5605418237045807e-03  -3.6866867720155706e-03   1.2411963564317926e-02   1.8333714800934789e-08
 -1.5937499999999998e+00   4.5787024954748196e-03  -3.6950525335230646e-03   1.2452722092350545e-02   2.1943391505294314e-08
 -1.5874999999999999e+00   4.5970773617648210e-03  -3.7032825322843095e-03   1.2494148417584056e-02   2.6263380746526169e-08
 -1.5812499999999998e+00   4.6156787291131715e-03  -3.7113634016200927e-03   1.2536289879596424e-02   3.1433404717129927e-08
 -1.5749999999999997e+00   4.6345197531823690e-03  -3.7192808341222562e-03   1.2579197188692024e-02   3.7620665482328955e-08
 -1.5687499999999999e+00   4.6536144702021857e-03  -3.7270195488773557e-03   1.2622924562983180e-02   4.5025250527769383e-08
 -1.5624999999999998e+00   4.6729778227708393e-03  -3.7345632654943975e-03   1.2667529846585953e-02   5.3886602332808943e-08
 -1.5562499999999999e+00   4.6926256779290590e-03  -3.7418946873268703e-03   1.2713074601437613e-02   6.4491261704521122e-08
 -1.5499999999999998e+00   4.7125748349723722e-03  -3.7489954968298184e-03   1.2759624163619285e-02   7.7182136051898793e-08
 -1.5437499999999997e+00   4.7328430199334894e-03  -3.7558463666131068e-03   1.2807247653142012e-02   9.2369593449823694e-08
 -1.5374999999999999e+00   4.7534488629973771e-03  -3.7624269904888027e-03   1.2856017923728046e-02   1.1054474289062421e-07
 -1.5312500000000000e+00   4.7744118543240560e-03  -3.7687161397067423e-03   1.2906011436270676e-02   1.3229533248913365e-07
 -1.5249999999999999e+00   4.7957522728715165e-03  -3.7746917505951539e-03   1.2957308036484547e-02   1.5832478302115964e-07
 -1.5187499999999998e+00   4.8174910817180734e-03  -3.7803310510757626e-03   1.3009990613311062e-02   1.8947497685340035e-07
 -1.5124999999999997e+00   4.8396497821156584e-03  -3.7856107349225139e-03   1.3064144610091095e-02   2.2675354551496703e-07
 -1.5062499999999999e+00   4.8622502170375757e-03  -3.7905071943166828e-03   1.3119857355252279e-02   2.7136654702390628e-07
 -1.5000000000000000e+00   4.8853143132576047e-03  -3.7949968232028467e-03   1.3177217173083840e-02   3.2475760160477351e-07
 -1.4937499999999999e+00   4.9088637489838483e-03  -3.7990564062095307e-03   1.3236312227989728e-02   3.8865476762854663e-07
 -1.4874999999999998e+00   4.9329195317366044e-03  -3.8026636105026315e-03   1.3297229047315357e-02   4.6512669576983808e-07
 -1.4812499999999997e+00   4.9575014684592241e-03  -3.8057976009724230e-03   1.3360050658281684e-02   5.5664990729431714e-07
 -1.4749999999999999e+00   4.9826275067370784e-03  -3.8084398026154830e-03   1.3424854263587731e-02   6.6618941266676019e-07
 -1.4687500000000000e+00   5.0083129224031981e-03  -3.8105748379545870e-03   1.3491708367621780e-02   7.9729533221665153e-07
 -1.4624999999999999e+00   5.0345693246957963e-03  -3.8121916718648115e-03   1.3560669250879495e-02   9.5421871697518822e-07
 -1.4562499999999998e+00   5.0614034454338954e-03  -3.8132850013358937e-03   1.3631776673906811e-02   1.1420504139510264e-06
 -1.4499999999999997e+00   5.0888156733095323e-03  -3.8138569335356260e-03   1.3705048673622927e-02   1.3668875990177852e-06
 -1.4437499999999999e+00   5.1167982882950351e-03  -3.8139190021260483e-03   1.3780475294073027e-02   1.6360335402374689e-06
 -1.4375000000000000e+00   5.1453333442637939e-03  -3.8134945791737126e-03   1.3858011070359609e-02   1.9582372888925592e-06
 -1.4312499999999999e+00   5.1743901401194482e-03  -3.8126217482795104e-03   1.3937566058433146e-02   2.3439813663836838e-06
 -1.4249999999999998e+00   5.2039222109308229e-03  -3.8113567137687478e-03   1.4018995174403097e-02   2.8058271732658558e-06
 -1.4187499999999997e+00   5.2338637606793616e-03  -3.8097778310223281e-03   1.4102085574872355e-02   3.3588298543626440e-06
 -1.4124999999999999e+00   5.2641254471262550e-03  -3.8079903543518194e-03   1.4186541774301819e-02   4.0210367874930704e-06
 -1.4062500000000000e+00   5.2945894168569601e-03  -3.8061320113068867e-03   1.4271968156333453e-02   4.8140868168624835e-06
 -1.3999999999999999e+00   5.3251034746003290e-03  -3.8043795260289484e-03   1.4357848493094983e-02   5.7639309413523686e-06
 -1.3937499999999998e+00   5.3554742552607369e-03  -3.8029562293368339e-03   1.4443522039518365e-02   6.9016995358357810e-06
 -1.3874999999999997e+00   5.3854592495020835e-03  -3.8021409097570595e-03   1.4528155718273353e-02   8.2647465072611573e-06
 -1.3812499999999999e+00   5.4147575138764814e-03  -3.8022780778420614e-03   1.4610711854588414e-02   9.8979072863628538e-06
 -1.3750000000000000e+00   5.4429988740147027e-03  -3.8037898360475234e-03   1.4689910858433053e-02   1.1855015503900969e-05
 -1.3687499999999999e+00   5.4697314037917538e-03  -3.8071895684259217e-03   1.4764188183483283e-02   1.4200732938536855e-05
 -1.3624999999999998e+00   5.4944069339920038e-03  -3.8130976887801480e-03   1.4831644816883567e-02   1.7012759278725287e-05
 -1.3562499999999997e+00   5.5163643099845261e-03  -3.8222597131639269e-03   1.4889990469630063e-02   2.0384502949064120e-05
 -1.3499999999999999e+00   5.5348100781862815e-03  -3.8355669533358277e-03   1.4936478542512519e-02   2.4428312386539380e-05
 -1.3437500000000000e+00   5.5487962342171378e-03  -3.8540801627683099e-03   1.4967831834416780e-02   2.9279389564877056e-05
 -1.3374999999999999e+00   5.5571946098119662e-03  -3.8790565071096751e-03   1.4980157835125324e-02   3.5100535332816493e-05
 -1.3312499999999998e+00   5.5586674084136846e-03  -3.9119802779252000e-03   1.4968852299362505e-02   4.2087910621919679e-05
 -1.3249999999999997e+00   5.5516333179489062e-03  -3.9545978237617912e-03   1.4928489627445977e-02   5.0478040532554859e-05
 -1.3187499999999999e+00   5.5342285298041454e-03  -4.0089572381337250e-03   1.4852698373989587e-02   6.0556341945983221e-05
 -1.3125000000000000e+00   5.5042618707032923e-03  -4.0774534224113533e-03   1.4734019961706179e-02   7.2667522482458557e-05
 -1.3062499999999999e+00   5.4591631030471207e-03  -4.1628792357954435e-03   1.4563748383021956e-02   8.7228282983836409e-05
 -1.2999999999999998e+00   5.3959232618181353e-03  -4.2684835580573711e-03   1.4331748316888469e-02   1.0474286194636482e-04
 -1.2937499999999997e+00   5.3110256630350249e-03  -4.3980372274836817e-03   1.4026248659294908e-02   1.2582209452848244e-04
 -1.2874999999999999e+00   5.2003659283697537e-03  -4.5559079808488783e-03   1.3633607949789085e-02   1.5120682874291671e-04
 -1.2812500000000000e+00   5.0591590085821122e-03  -4.7471457188398465e-03   1.3138047558477089e-02   1.8179675734507505e-04
 -1.2749999999999999e+00   4.8818307371909786e-03  -4.9775796536528716e-03   1.2521347764614050e-02   2.1868599886837173e-04
 -1.2687499999999998e+00   4.6618908835402862e-03  -5.2539291693014757e-03   1.1762500997480860e-02   2.6320711221163007e-04
 -1.2624999999999997e+00   4.3917839745474920e-03  -5.5839305417193161e-03   1.0837315516735150e-02   3.1698567810807830e-04
 -1.2562499999999999e+00   4.0627132847799305e-03  -5.9764820239549682e-03   9.7179616877438903e-03   3.8200815601135290e-04
 -1.2500000000000000e+00   3.6644323168766066e-03  -6.4418101944679861e-03   8.3724517827049229e-03   4.6070646276149266e-04
 -1.2437499999999999e+00   3.1849967645953851e-03  -6.9916608758289677e-03   6.7640429713296986e-03   5.5606366614118863e-04
 -1.2374999999999998e+00   2.6104683201071928e-03  -7.6395183210257178e-03   4.8505519757296991e-03   6.7174640039345632e-04
 -1.2312499999999997e+00   1.9245597050806967e-03  -8.4008566699736095e-03   2.5835689690099722e-03   8.1227116401796776e-04
 -1.2249999999999999e+00   1.1082079255972095e-03  -9.2934277888329173e-03  -9.2441937758546208e-05   9.8321363925503013e-04
 -1.2187500000000000e+00   1.3905994507594380e-04  -1.0337589336890473e-02  -3.2411672494221549e-03   1.1914726766627973e-03
 -1.2124999999999999e+00  -1.0091482488403605e-03  -1.1556675964161212e-02  -6.9356020523370938e-03   1.4456037208074564e-03
 -1.2062499999999998e+00  -2.3673417298620942e-03  -1.2977414448996827e-02  -1.1259342703963357e-02   1.7562403030899000e-03
 -1.1999999999999997e+00  -3.9720119467924163e-03  -1.4630379567544514e-02  -1.6308002174796152e-02   2.1366268268467755e-03
 -1.1937499999999999e+00  -5.8663062305023836e-03  -1.6550480319554396e-02  -2.2190712247771124e-02   2.6032911088617401e-03
 -1.1875000000000000e+00  -8.1013314571529056e-03  -1.8777453918488108e-02  -2.9031636505127665e-02   3.1768906107114496e-03
 -1.1812499999999999e+00  -1.0737698678390415e-02  -2.1356324837864975e-02  -3.6971351899733974e-02   3.8832709904952833e-03
 -1.1749999999999998e+00  -1.3847324290467927e-02  -2.4337754019478342e-02  -4.6167851144804060e-02   4.7547774147593033e-03
 -1.1687499999999997e+00  -1.7515477203360996e-02  -2.7778153069337144e-02  -5.6796753633411169e-02   5.8318538663803526e-03
 -1.1624999999999999e+00  -2.1843008873819143e-02  -3.1739361327736464e-02  -6.9050061398740134e-02   7.1649458470722568e-03
 -1.1562500000000000e+00  -2.6948604636823057e-02  -3.6287568593263035e-02  -8.3132421522650560e-02   8.8166739654980866e-03
 -1.1499999999999999e+00  -3.2970720143218585e-02  -4.1490999913792001e-02  -9.9253315170946377e-02   1.0864147357941636e-02
 -1.1437499999999998e+00  -4.0068572362969727e-02  -4.7415652335712814e-02  -1.1761285829552875e-01   1.3401101125909053e-02
 -1.1374999999999997e+00  -4.8421085315640738e-02  -5.4118095420658395e-02  -1.3837800117138657e-01   1.6539220070738062e-02
 -1.1312499999999999e+00  -5.8221989109712609e-02  -6.1634067245008341e-02  -1.6164502008172485e-01   2.0407491349279723e-02
 -1.1250000000000000e+00  -6.9668309605468312e-02  -6.9961444852227189e-02  -1.8738372863183911e-01   2.5147669650365401e-02
 -1.1187499999999999e+00  -8.2938363125771367e-02  -7.9036420572094451e-02  -2.1535969302429095e-01   3.0902997178557653e-02
 -1.1124999999999998e+00  -9.8154540107758981e-02  -8.8702907158007632e-02  -2.4503463473375453e-01   3.7796518799501709e-02
 -1.1062499999999997e+00  -1.1532681510624881e-01  -9.8678172923317667e-02  -2.7545493563344181e-01   4.5895507347427915e-02
 -1.0999999999999999e+00  -1.3427723056312929e-01  -1.0852328711774141e-01  -3.0515655155023347e-01   5.5161194068496733e-02
 -1.0937500000000000e+00  -1.5455596739422864e-01  -1.1763459653027418e-01  -3.3214017312021377e-01   6.5390005176989355e-02
 -1.0874999999999999e+00  -1.7537588057057021e-01  -1.2527807473402713e-01  -3.5398957950876114e-01   7.6164182131728764e-02
 -1.0812499999999998e+00  -1.9560762846413018e-01  -1.3068367986565022e-01  -3.6819028993692682e-01   8.6841636183629056e-02
 -1.0750000000000000e+00  -2.1387692786456555e-01  -1.3319444519698245e-01  -3.7262907228385200e-01   9.6616082433129344e-02
 -1.0687499999999999e+00  -2.2877475381004062e-01  -1.3242970653178757e-01  -3.6613468452888770e-01   1.0465655090782762e-01
 -1.0625000000000000e+00  -2.3913441414052969e-01  -1.2839667860139417e-01  -3.4883742108066990e-01   1.1029187653832542e-01
 -1.0562499999999999e+00  -2.4427881488070630e-01  -1.2149614913584185e-01  -3.2217016240877511e-01   1.1316765932551363e-01
 -1.0499999999999998e+00  -2.4413936646421891e-01  -1.1241744206950911e-01  -2.8850393477931446e-01   1.1330646261427192e-01
 -1.0437500000000000e+00  -2.3920640867706891e-01  -1.0197151004719214e-01  -2.5058725661083286e-01   1.1105250579708709e-01
 -1.0374999999999999e+00  -2.3035112783918860e-01  -9.0930891959707424e-02  -2.1101666929680765e-01   1.0694149600758844e-01
 -1.0312500000000000e+00  -2.1860513047199143e-01  -7.9924474508933988e-02  -1.7189241673699460e-01   1.0156035845029082e-01
 -1.0249999999999999e+00  -2.0497478308956202e-01  -6.9397840607242814e-02  -1.3469153993268157e-01   9.5443838245319532e-02
 -1.0187499999999998e+00  -1.9032631098914005e-01  -5.9623017775457671e-02  -1.0030410826729264e-01   8.9021720219673320e-02
 -1.0125000000000000e+00  -1.7533932312090020e-01  -5.0733417343207278e-02  -6.9152680315803725e-02   8.2607001516524364e-02
 -1.0062499999999999e+00  -1.6050775404266893e-01  -4.2764609704576080e-02  -4.1330831508281353e-02   7.6408012210514367e-02
 -1.0000000000000000e+00  -1.4616556574372014e-01  -3.5690186409965179e-02  -1.6724816772553681e-02   7.0550138768028112e-02
 -9.9374999999999991e-01  -1.3252070966991694e-01  -2.9448910456366214e-02   4.8944274668338223e-03   6.5098350925765158e-02
 -9.8749999999999982e-01  -1.1968798029553951e-01  -2.3963292853340708e-02   2.3808462684263908e-02   6.0076438385258502e-02
 -9.8124999999999996e-01  -1.0771667963717620e-01  -1.9151306328330349e-02   4.0311874157870152e-02   5.5481790928766227e-02
 -9.7499999999999987e-01  -9.6612116062512465e-02  -1.4933196663604797e-02   5.4689451219924509e-02   5.1296000253242727e-02
 -9.6875000000000000e-01  -8.6351449335869274e-02  -1.1235049768848676e-02   6.7204364656476501e-02   4.7492088110403258e-02
 -9.6249999999999991e-01  -7.6894925068717396e-02  -7.9903376582939733e-03   7.8093174260651377e-02   4.4039227477776187e-02
 -9.5624999999999982e-01  -6.8193593131483807e-02  -5.1402759711813833e-03   8.7564835850291511e-02   4.0905698083159595e-02
 -9.4999999999999996e-01  -6.0194458213852171e-02  -2.6335293371359671e-03   9.5801888847794808e-02   3.8060645511995478e-02
 -9.4374999999999987e-01  -5.2843811221476397e-02  -4.2559507862303220e-04   1.0296270652265624e-01   3.5475054488127308e-02
 -9.3750000000000000e-01  -4.6089301652895126e-02   1.5219394878286654e-03   1.0918415052260970e-01   3.3122220676180779e-02
 -9.3124999999999991e-01  -3.9881155765152075e-02   3.2421562997325252e-03   1.1458426090517958e-01   3.0977912284937976e-02
 -9.2499999999999982e-01  -3.4172826154071967e-02   4.7635247160611530e-03   1.1926478955285240e-01   2.9020347229238755e-02
 -9.1874999999999996e-01  -2.8921270737589988e-02   6.1105519192767455e-03   1.2331348929266255e-01   2.7230066864747091e-02
 -9.1249999999999987e-01  -2.4086996436578544e-02   7.3043565546781616e-03   1.2680613055108958e-01   2.5589757412770073e-02
 -9.0625000000000000e-01  -1.9633958833216572e-02   8.3631662319858489e-03   1.2980824960169138e-01   2.4084050548997406e-02
 -8.9999999999999991e-01  -1.5529378603281940e-02   9.3027443446829453e-03   1.3237664850950673e-01   2.2699321910540630e-02
 -8.9374999999999982e-01  -1.1743514626460989e-02   1.0136753723148871e-02   1.3456067358998133e-01   2.1423498156846219e-02
 -8.8749999999999996e-01  -8.2494194861748270e-03   1.0877065154213673e-02   1.3640330072856405e-01   2.0245878120696628e-02
 -8.8124999999999987e-01  -5.0226935092267406e-03   1.1534018502823771e-02   1.3794205471742454e-01   1.9156970447182193e-02
 -8.7500000000000000e-01  -2.0412471113560602e-03   1.2116643487066932e-02   1.3920978729468295e-01   1.8148348241118398e-02
 -8.6874999999999991e-01   7.1492300359015011e-04   1.2632846327518687e-02   1.4023533563226667e-01   1.7212520167926137e-02
 -8.6249999999999982e-01   3.2639409931092067e-03   1.3089567647281140e-02   1.4104408005204946e-01   1.6342816880824458e-02
 -8.5624999999999996e-01   5.6222413362225932e-03   1.3492916207014595e-02   1.4165841697894038e-01   1.5533291385315626e-02
 -8.4999999999999987e-01   7.8047406629192075e-03   1.3848282349331989e-02   1.4209816066135705e-01   1.4778631876592407e-02
 -8.4375000000000000e-01   9.8249926666860166e-03   1.4160434408021781e-02   1.4238088503164617e-01   1.4074085617981340e-02
 -8.3749999999999991e-01   1.1695327178847468e-02   1.4433600807584183e-02   1.4252221523232289e-01   1.3415392519412579e-02
 -8.3124999999999982e-01   1.3426974659807104e-02   1.4671540130078119e-02   1.4253607677163521e-01   1.2798727193601566e-02
 -8.2499999999999996e-01   1.5030177418658232e-02   1.4877601049739488e-02   1.4243490896018857e-01   1.2220648395668544e-02
 -8.1874999999999987e-01   1.6514288854842091e-02   1.5054773721342948e-02   1.4222984818449444e-01   1.1678054878537816e-02
 -8.1250000000000000e-01   1.7887861954007246e-02   1.5205733946478648e-02   1.4193088566066897e-01   1.1168146815730300e-02
 -8.0624999999999991e-01   1.9158728184942429e-02   1.5332881224391161e-02   1.4154700355281211e-01   1.0688392052180761e-02
 -7.9999999999999982e-01   2.0334067848342834e-02   1.5438371613451666e-02   1.4108629271036718e-01   1.0236496541394748e-02
 -7.9374999999999996e-01   2.1420472829407986e-02   1.5524146179447510e-02   1.4055605475524521e-01   9.8103784136025548e-03
 -7.8749999999999987e-01   2.2424002609865646e-02   1.5591955682401145e-02   1.3996289081437666e-01   9.4081451951605870e-03
 -7.8125000000000000e-01   2.3350234303875766e-02   1.5643382050168925e-02   1.3931277883133553e-01   9.0280737651870242e-03
 -7.7499999999999991e-01   2.4204307397919136e-02   1.5679857100964274e-02   1.3861114108906944e-01   8.6685926923122363e-03
 -7.6874999999999982e-01   2.4990963797855509e-02   1.5702678905178565e-02   1.3786290332407755e-01   8.3282666435016677e-03
 -7.6249999999999996e-01   2.5714583716927704e-02   1.5713026116946728e-02   1.3707254660195747e-01   8.0057825991491204e-03
 -7.5624999999999987e-01   2.6379217876334501e-02   1.5711970555775088e-02   1.3624415294797884e-01   7.6999376449428808e-03
 -7.5000000000000000e-01   2.6988616434649709e-02   1.5700488276530873e-02   1.3538144557837919e-01   7.4096281421857828e-03
 -7.4374999999999991e-01   2.7546255013283037e-02   1.5679469330801939e-02   1.3448782445360941e-01   7.1338401050190688e-03
 -7.3749999999999982e-01   2.8055358141782071e-02   1.5649726392931499e-02   1.3356639776982046e-01   6.8716406359849904e-03
 -7.3124999999999996e-01   2.8518920408488236e-02   1.5612002398979525e-02   1.3262000991622480e-01   6.6221702911072721e-03
 -7.2499999999999987e-01   2.8939725568333324e-02   1.5566977325686489e-02   1.3165126635089541e-01   6.3846362626398760e-03
 -7.1875000000000000e-01   2.9320363829885562e-02   1.5515274218579027e-02   1.3066255578387376e-01   6.1583062822345965e-03
 -7.1249999999999991e-01   2.9663247517656314e-02   1.5457464563134366e-02   1.2965607000230733e-01   5.9425031598508305e-03
 -7.0624999999999982e-01   2.9970625282739333e-02   1.5394073079974363e-02   1.2863382162621315e-01   5.7365998845699184e-03
 -6.9999999999999996e-01   3.0244595014695317e-02   1.5325582014029429e-02   1.2759766004410752e-01   5.5400152228322159e-03
 -6.9374999999999987e-01   3.0487115589879588e-02   1.5252434978196077e-02   1.2654928574410471e-01   5.3522097577009533e-03
 -6.8750000000000000e-01   3.0700017575842686e-02   1.5175040403959504e-02   1.2549026322729423e-01   5.1726823197548073e-03
 -6.8124999999999991e-01   3.0885012997750507e-02   1.5093774644554784e-02   1.2442203266552962e-01   5.0009667662757086e-03
 -6.7500000000000004e-01   3.1043704260741267e-02   1.5008984770321917e-02   1.2334592044458384e-01   4.8366290706618820e-03
 -6.6874999999999996e-01   3.1177592311557898e-02   1.4920991090824409e-02   1.2226314871543251e-01   4.6792646885708278e-03
 -6.6249999999999987e-01   3.1288084113488900e-02   1.4830089433924292e-02   1.2117484406078417e-01   4.5284961712789232e-03
 -6.5625000000000000e-01   3.1376499500460897e-02   1.4736553208234743e-02   1.2008204537051055e-01   4.3839710002155849e-03
 -6.4999999999999991e-01   3.1444077468915310e-02   1.4640635272116079e-02   1.1898571100803296e-01   4.2453596196602847e-03
 -6.4375000000000004e-01   3.1491981959748408e-02   1.4542569629567795e-02   1.1788672533972291e-01   4.1123536472403369e-03
 -6.3749999999999996e-01   3.1521307176993106e-02   1.4442572970934760e-02   1.1678590469074751e-01   3.9846642441872856e-03
 -6.3124999999999987e-01   3.1533082484978693e-02   1.4340846074235664e-02   1.1568400278334043e-01   3.8620206293440490e-03
 -6.2500000000000000e-01   3.1528276921340088e-02   1.4237575081090689e-02   1.1458171570703839e-01   3.7441687227012959e-03
 -6.1874999999999991e-01   3.1507803359389137e-02   1.4132932659633488e-02   1.1347968646484760e-01   3.6308699058123788e-03
 -6.1250000000000004e-01   3.1472522349944701e-02   1.4027079065406657e-02   1.1237850913447155e-01   3.5218998878191630e-03
 -6.0624999999999996e-01   3.1423245669690292e-02   1.3920163110030942e-02   1.1127873267953477e-01   3.4170476670404284e-03
 -5.9999999999999987e-01   3.1360739600441327e-02   1.3812323046382045e-02   1.1018086444208440e-01   3.3161145791506400e-03
 -5.9375000000000000e-01   3.1285727961315207e-02   1.3703687378083798e-02   1.0908537334446579e-01   3.2189134239276906e-03
 -5.8749999999999991e-01   3.1198894913672417e-02   1.3594375600314703e-02   1.0799269282588077e-01   3.1252676633889919e-03
 -5.8125000000000004e-01   3.1100887556803312e-02   1.3484498878210746e-02   1.0690322353649259e-01   3.0350106848792695e-03
 -5.7499999999999996e-01   3.0992318330646609e-02   1.3374160668517614e-02   1.0581733580978663e-01   2.9479851233321073e-03
 -5.6874999999999987e-01   3.0873767240319462e-02   1.3263457289588908e-02   1.0473537193199266e-01   2.8640422375106355e-03
 -5.6250000000000000e-01   3.0745783915895417e-02   1.3152478444333338e-02   1.0365764822568477e-01   2.7830413355493079e-03
 -5.5624999999999991e-01   3.0608889519669381e-02   1.3041307700275168e-02   1.0258445696316802e-01   2.7048492455761198e-03
 -5.5000000000000004e-01   3.0463578512082982e-02   1.2930022930501207e-02   1.0151606812391337e-01   2.6293398275993602e-03
 -5.4374999999999996e-01   3.0310320286537934e-02   1.2818696718917911e-02   1.0045273100908893e-01   2.5563935232009844e-03
 -5.3749999999999987e-01   3.0149560682488561e-02   1.2707396732928830e-02   9.9394675725141601e-02   2.4858969398950798e-03
 -5.3125000000000000e-01   2.9981723385467410e-02   1.2596186066360721e-02   9.8342114547390821e-02   2.4177424672893353e-03
 -5.2499999999999991e-01   2.9807211222051939e-02   1.2485123555212760e-02   9.7295243173692592e-02   2.3518279224341450e-03
 -5.1875000000000004e-01   2.9626407357217010e-02   1.2374264068573721e-02   9.6254241877408844e-02   2.2880562219619663e-03
 -5.1249999999999996e-01   2.9439676401028559e-02   1.2263658776843999e-02   9.5219276568161731e-02   2.2263350788123033e-03
 -5.0624999999999987e-01   2.9247365431210995e-02   1.2153355399210761e-02   9.4190499768160171e-02   2.1665767215087650e-03
 -5.0000000000000000e-01   2.9049804937754723e-02   1.2043398432152590e-02   9.3168051511249086e-02   2.1086976341071410e-03
 -4.9374999999999991e-01   2.8847309695412084e-02   1.1933829360593812e-02   9.2152060171245234e-02   2.0526183150705096e-03
 -4.8750000000000004e-01   2.8640179569649659e-02   1.1824686853185707e-02   9.1142643225581910e-02   1.9982630534517752e-03
 -4.8124999999999996e-01   2.8428700261372623e-02   1.1716006943061616e-02   9.0139907959785770e-02   1.9455597208784044e-03
 -4.7499999999999987e-01   2.8213143995502718e-02   1.1607823195293684e-02   8.9143952117848230e-02   1.8944395779408609e-03
 -4.6875000000000000e-01   2.7993770158264854e-02   1.1500166862169965e-02   8.8154864503127803e-02   1.8448370936872713e-03
 -4.6249999999999991e-01   2.7770825887810924e-02   1.1393067027310954e-02   8.7172725534026788e-02   1.7966897770239688e-03
 -4.5625000000000004e-01   2.7544546622574568e-02   1.1286550739553470e-02   8.6197607758323871e-02   1.7499380189158573e-03
 -4.4999999999999996e-01   2.7315156611501999e-02   1.1180643137446522e-02   8.5229576329708664e-02   1.7045249443728759e-03
 -4.4374999999999987e-01   2.7082869390038875e-02   1.1075367565127675e-02   8.4268689449757295e-02   1.6603962732994798e-03
 -4.3750000000000000e-01   2.6847888225470670e-02   1.0970745680279271e-02   8.3314998778304200e-02   1.6175001893727677e-03
 -4.3124999999999991e-01   2.6610406534916559e-02   1.0866797554800559e-02   8.2368549814904185e-02   1.5757872162011754e-03
 -4.2500000000000004e-01   2.6370608278969632e-02   1.0763541768774570e-02   8.1429382253840027e-02   1.5352101000984709e-03
 -4.1874999999999996e-01   2.6128668333667039e-02   1.0660995498256345e-02   8.0497530314910193e-02   1.4957236988860970e-03
 -4.1249999999999987e-01   2.5884752843171602e-02   1.0559174597361920e-02   7.9573023052031205e-02   1.4572848762093821e-03
 -4.0625000000000000e-01   2.5639019555261572e-02   1.0458093675094713e-02   7.8655884641503818e-02   1.4198524009187074e-03
 -3.9999999999999991e-01   2.5391618141467624e-02   1.0357766167307155e-02   7.7746134651623805e-02   1.3833868511243974e-03
 -3.9375000000000004e-01   2.5142690503475649e-02   1.0258204404160344e-02   7.6843788295165236e-02   1.3478505225833623e-03
 -3.8749999999999996e-01   2.4892371067234978e-02   1.0159419673412703e-02   7.5948856666123249e-02   1.3132073411162965e-03
 -3.8124999999999987e-01   2.4640787066079337e-02   1.0061422279839756e-02   7.5061346961975722e-02   1.2794227787869261e-03
 -3.7500000000000000e-01   2.4388058814079877e-02   9.9642216010608943e-03   7.4181262692607983e-02   1.2464637736004311e-03
 -3.6874999999999991e-01   2.4134299970801722e-02   9.8678261400251457e-03   7.3308603876939049e-02   1.2142986524981590e-03
 -3.6250000000000004e-01   2.3879617798618108e-02   9.7722435743861011e-03   7.2443367228192543e-02   1.1828970574419074e-03
 -3.5624999999999996e-01   2.3624113413736554e-02   9.6774808029762155e-03   7.1585546328669855e-02   1.1522298743953439e-03
 -3.4999999999999987e-01   2.3367882032095135e-02   9.5835439895725141e-03   7.0735131794804090e-02   1.1222691650245760e-03
 -3.4375000000000000e-01   2.3111013211277252e-02   9.4904386041289347e-03   6.9892111433204812e-02   1.0929881009561597e-03
 -3.3749999999999991e-01   2.2853591089555383e-02   9.3981694616354725e-03   6.9056470388338106e-02   1.0643609004503700e-03
 -3.3125000000000004e-01   2.2595694623094818e-02   9.3067407587503481e-03   6.8228191282431697e-02   1.0363627673710667e-03
 -3.2499999999999996e-01   2.2337397822217928e-02   9.2161561083390891e-03   6.7407254348141959e-02   1.0089698323611158e-03
 -3.1874999999999987e-01   2.2078769987443739e-02   9.1264185720432850e-03   6.6593637554474047e-02   9.8215909616351489e-04
 -3.1250000000000000e-01   2.1819875945777448e-02   9.0375306909918976e-03   6.5787316726404782e-02   9.5590837506188020e-04
 -3.0624999999999991e-01   2.1560776287436519e-02   8.9494945147595359e-03   6.4988265658620412e-02   9.3019624844802181e-04
 -3.0000000000000004e-01   2.1301527602877280e-02   8.8623116286688196e-03   6.4196456223747658e-02   9.0500200855690466e-04
 -2.9374999999999996e-01   2.1042182719643449e-02   8.7759831795276733e-03   6.3411858475425395e-02   8.8030561243803503e-04
 -2.8749999999999987e-01   2.0782790938216854e-02   8.6905098998874587e-03   6.2634440746537540e-02   8.5608763625513631e-04
 -2.8125000000000000e-01   2.0523398265730755e-02   8.6058921309035558e-03   6.1864169742901570e-02   8.3232923202095110e-04
 -2.7499999999999991e-01   2.0264047646128124e-02   8.5221298438767773e-03   6.1101010632685727e-02   8.0901208687979428e-04
 -2.6875000000000004e-01   2.0004779185129117e-02   8.4392226605513564e-03   6.0344927131805656e-02   7.8611838504630954e-04
 -2.6249999999999996e-01   1.9745630368228663e-02   8.3571698722429699e-03   5.9595881585533791e-02   7.6363077249470964e-04
 -2.5624999999999987e-01   1.9486636269885716e-02   8.2759704578685995e-03   5.8853835046536782e-02   7.4153232446926259e-04
 -2.5000000000000000e-01   1.9227829752094704e-02   8.1956231009482836e-03   5.8118747349541595e-02   7.1980651585522293e-04
 -2.4374999999999991e-01   1.8969241650645095e-02   8.1161262056472644e-03   5.7390577182815740e-02   6.9843719441164064e-04
 -2.3750000000000004e-01   1.8710900947570639e-02   8.0374779119253403e-03   5.6669282156635289e-02   6.7740855682570252e-04
 -2.3124999999999996e-01   1.8452834928553222e-02   7.9596761098583591e-03   5.5954818868902592e-02   6.5670512750489363e-04
 -2.2499999999999987e-01   1.8195069324362826e-02   7.8827184531946072e-03   5.5247142968064919e-02   6.3631173998071220e-04
 -2.1875000000000000e-01   1.7937628435767249e-02   7.8066023722064542e-03   5.4546209213476346e-02   6.1621352075817996e-04
 -2.1249999999999991e-01   1.7680535241714597e-02   7.7313250858947894e-03   5.3851971533337213e-02   5.9639587541092571e-04
 -2.0625000000000004e-01   1.7423811490959527e-02   7.6568836136007455e-03   5.3164383080337600e-02   5.7684447669369946e-04
 -1.9999999999999996e-01   1.7167477777654691e-02   7.5832747860758139e-03   5.2483396285125425e-02   5.5754525442386132e-04
 -1.9374999999999987e-01   1.6911553601746634e-02   7.5104952560579316e-03   5.1808962907713599e-02   5.3848438687123556e-04
 -1.8750000000000000e-01   1.6656057415289898e-02   7.4385415083973571e-03   5.1141034086936189e-02   5.1964829339178032e-04
 -1.8124999999999991e-01   1.6401006656015085e-02   7.3674098697723662e-03   5.0479560388058453e-02   5.0102362804443955e-04
 -1.7500000000000004e-01   1.6146417769652678e-02   7.2970965180309787e-03   4.9824491848642322e-02   4.8259727394154748e-04
 -1.6874999999999996e-01   1.5892306222621753e-02   7.2275974911911759e-03   4.9175778022764911e-02   4.6435633810025116e-04
 -1.6249999999999987e-01   1.5638686506743851e-02   7.1589086961284772e-03   4.8533368023684721e-02   4.4628814658437835e-04
 -1.5625000000000000e-01   1.5385572137640262e-02   7.0910259169762804e-03   4.7897210565046797e-02   4.2838023975171399e-04
 -1.4999999999999991e-01   1.5132975648422309e-02   7.0239448232612125e-03   4.7267254000715478e-02   4.1062036744945226e-04
 -1.4375000000000004e-01   1.4880908580195737e-02   6.9576609777927557e-03   4.6643446363320483e-02   3.9299648402940656e-04
 -1.3749999999999996e-01   1.4629381470779655e-02   6.8921698443238141e-03   4.6025735401599197e-02   3.7549674308327499e-04
 -1.3125000000000009e-01   1.4378403842896098e-02   6.8274667949964687e-03   4.5414068616614754e-02   3.5810949182588558e-04
 -1.2500000000000000e-01   1.4127984192926086e-02   6.7635471175851681e-03   4.4808393296926839e-02   3.4082326508011560e-04
 -1.1874999999999991e-01   1.3878129981159124e-02   6.7004060225477075e-03   4.4208656552788418e-02   3.2362677884047972e-04
 -1.1250000000000004e-01   1.3628847624292340e-02   6.6380386498929144e-03   4.3614805349437839e-02   3.0650892341281208e-04
 -1.0624999999999996e-01   1.3380142490768332e-02   6.5764400758725654e-03   4.3026786539552053e-02   2.8945875614479210e-04
 -1.0000000000000009e-01   1.3132018899381931e-02   6.5156053195039596e-03   4.2444546894922192e-02   2.7246549377620184e-04
 -9.3750000000000000e-02   1.2884480121438882e-02   6.4555293489286540e-03   4.1868033137407973e-02   2.5551850444880926e-04
 -8.7499999999999911e-02   1.2637528386616463e-02   6.3962070876120271e-03   4.1297191969222283e-02   2.3860729942380026e-04
 -8.1250000000000044e-02   1.2391164892558910e-02   6.3376334203876219e-03   4.0731970102591178e-02   2.2172152455997556e-04
 -7.4999999999999956e-02   1.2145389818139739e-02   6.2798031993494966e-03   4.0172314288828684e-02   2.0485095160877143e-04
 -6.8750000000000089e-02   1.1900202340239481e-02   6.2227112495954317e-03   3.9618171346859909e-02   1.8798546938288488e-04
 -6.2500000000000000e-02   1.1655600653819060e-02   6.1663523748231039e-03   3.9069488191218756e-02   1.7111507485422086e-04
 -5.6249999999999911e-02   1.1411581995013458e-02   6.1107213627800581e-03   3.8526211859532603e-02   1.5422986423436040e-04
 -5.0000000000000044e-02   1.1168142666934227e-02   6.0558129905684951e-03   3.7988289539505601e-02   1.3732002408710047e-04
 -4.3749999999999956e-02   1.0925278067852897e-02   6.0016220298081636e-03   3.7455668595426268e-02   1.2037582251810465e-04
 -3.7500000000000089e-02   1.0682982721397442e-02   5.9481432516528317e-03   3.6928296594160595e-02   1.0338760048155365e-04
 -3.1250000000000000e-02   1.0441250308359330e-02   5.8953714316467443e-03   3.6406121330516281e-02   8.6345763238107075e-05
 -2.4999999999999911e-02   1.0200073699856260e-02   5.8433013544486375e-03   3.5889090852186528e-02   6.9240771993174202e-05
 -1.8750000000000044e-02   9.9594449916089057e-03   5.7919278184543448e-03   3.5377153484508997e-02   5.2063135742554451e-05
 -1.2500000000000178e-02   9.7193555383054270e-03   5.7412456401351973e-03   3.4870257853597084e-02   3.4803403363613234e-05
 -6.2500000000000888e-03   9.4797959874518573e-03   5.6912496580707210e-03   3.4368352907757409e-02   1.7452156026109077e-05
  0.0000000000000000e+00   9.2407563151518952e-03   5.6419347375670538e-03   3.3871387944462504e-02   0.0000000000000000e+00
