# Columns: x, rho, u, p, lamdatime_step 6000
# time   3.0000000000000000e+01
 -8.1500000000000004e+00   6.6371787537301614e+01  -1.2103794648562409e+02   8.2437968014057367e+02  -1.4011680024206010e-09
 -8.0999999999999996e+00   6.6371787537301614e+01  -1.2103794648562409e+02   8.2437968014057367e+02  -1.4011680024206010e-09
 -8.0500000000000007e+00   6.6371787537301614e+01  -1.2103794648562409e+02   8.2437968014057367e+02  -1.4011680024206010e-09
 -8.0000000000000000e+00   6.6371787537301614e+01  -1.2103794648562409e+02   8.2437968014057367e+02  -1.4011680024206010e-09
 -7.9500000000000002e+00   6.6532523236821106e+01  -1.2069319382564949e+02   8.2203215488028957e+02  -1.6727730085270546e-09
 -7.9000000000000004e+00   6.6731154166255095e+01  -1.2058631070823824e+02   8.2130438737122847e+02  -1.9412396584275271e-09
 -7.8500000000000005e+00   6.6914286106537091e+01  -1.2039342074428551e+02   8.1999072066523138e+02  -2.2810039164144136e-09
 -7.8000000000000007e+00   6.7167933222448809e+01  -1.2032085342532098e+02   8.1949593294712281e+02  -2.7029781508626099e-09
 -7.7500000000000000e+00   6.7427468238806796e+01  -1.2024469191937803e+02   8.1897633965032730e+02  -3.2209357652521072e-09
 -7.7000000000000002e+00   6.7733301354189152e+01  -1.2024344565809572e+02   8.1896740661676517e+02  -3.8597334571038765e-09
 -7.6500000000000004e+00   6.8062824964854514e+01  -1.2027166264148705e+02   8.1916138857657756e+02  -4.6469460921197344e-09
 -7.6000000000000005e+00   6.8430156329559992e+01  -1.2035934615436963e+02   8.1976483683609490e+02  -5.6160416554637402e-09
 -7.5500000000000007e+00   6.8827636212412514e+01  -1.2049066502262960e+02   8.2067151625554686e+02  -6.8022109812412276e-09
 -7.5000000000000000e+00   6.9260548378050174e+01  -1.2067770353907488e+02   8.2196334638050928e+02  -8.2325625656008534e-09
 -7.4500000000000002e+00   6.9726201240683011e+01  -1.2091581355565752e+02   8.2360729740651857e+02  -9.9613715919909693e-09
 -7.4000000000000004e+00   7.0226643541578383e+01  -1.2121044164438966e+02   8.2563918357937030e+02  -1.2049489909927454e-08
 -7.3500000000000005e+00   7.0761026750077406e+01  -1.2156088051421388e+02   8.2805356357535686e+02  -1.4570366489115607e-08
 -7.3000000000000007e+00   7.1330212934339599e+01  -1.2197000793937487e+02   8.3087005349828576e+02  -1.7612655841684470e-08
 -7.2500000000000000e+00   7.1934001484359513e+01  -1.2243846209699025e+02   8.3409340434910507e+02  -2.1282725321459573e-08
 -7.2000000000000002e+00   7.2572775312156338e+01  -1.2296815698807853e+02   8.3773717981412847e+02  -2.5708323125938203e-08
 -7.1500000000000004e+00   7.3246507353068353e+01  -1.2356020104018135e+02   8.4180943580567396e+02  -3.1042784525906352e-08
 -7.1000000000000005e+00   7.3955350268104340e+01  -1.2421614545020691e+02   8.4632119087270507e+02  -3.7470007246313101e-08
 -7.0500000000000007e+00   7.4699286866855431e+01  -1.2493723652237648e+02   8.5128137141088280e+02  -4.5210550993830218e-08
 -7.0000000000000000e+00   7.5478341841768724e+01  -1.2572485324299157e+02   8.5669983659166905e+02  -5.4528650139765187e-08
 -6.9500000000000002e+00   7.6292459569240307e+01  -1.2658024048202525e+02   8.6258559373081016e+02  -6.5740808786822362e-08
 -6.9000000000000004e+00   7.7141579502273373e+01  -1.2750466269084399e+02   8.6894785666551547e+02  -7.9225882501937450e-08
 -6.8500000000000005e+00   7.8025593756977415e+01  -1.2849930975490926e+02   8.7579540634605098e+02  -9.5437118246588854e-08
 -6.8000000000000007e+00   7.8944374442276313e+01  -1.2956535030613767e+02   8.8313695387011899e+02  -1.1491643150802190e-07
 -6.7500000000000000e+00   7.9897759988055199e+01  -1.3070389754977779e+02   8.9098091160999695e+02  -1.3831138970589032e-07
 -6.7000000000000002e+00   8.0885566065371663e+01  -1.3191602650837973e+02   8.9933551686153351e+02  -1.6639535077759086e-07
 -6.6500000000000004e+00   8.1907582340642776e+01  -1.3320276050859366e+02   9.0820875008225369e+02  -2.0009141492825640e-07
 -6.6000000000000005e+00   8.2963577850048026e+01  -1.3456507566043069e+02   9.1760837585495062e+02  -2.4050067608873896e-07
 -6.5500000000000007e+00   8.4053301515945577e+01  -1.3600389460892370e+02   9.2754191261948256e+02  -2.8893581830300345e-07
 -6.5000000000000000e+00   8.5176485746846183e+01  -1.3752008648876651e+02   9.3801664560024710e+02  -3.4696073817082236e-07
 -6.4500000000000002e+00   8.6332848404979046e+01  -1.3911446316947499e+02   9.4903961513649529e+02  -4.1643750761111219e-07
 -6.4000000000000004e+00   8.7522095899900862e+01  -1.4078777764292025e+02   9.6061762023552581e+02  -4.9958179268834923e-07
 -6.3500000000000005e+00   8.8743925839698036e+01  -1.4254072097375095e+02   9.7275721488328372e+02  -5.9902835039361148e-07
 -6.3000000000000007e+00   8.9998030149203913e+01  -1.4437391992578171e+02   9.8546471032382044e+02  -7.1790817863242514e-07
 -6.2500000000000000e+00   9.1284098119616971e+01  -1.4628793399714621e+02   9.9874617572534919e+02  -8.5993965391715983e-07
 -6.2000000000000002e+00   9.2601819693087052e+01  -1.4828325261059794e+02   1.0126074417320591e+03  -1.0295356495418937e-06
 -6.1500000000000004e+00   9.3950888803443831e+01  -1.5036029199355926e+02   1.0270541044669135e+03  -1.2319296926871755e-06
 -6.0999999999999996e+00   9.5331006884059320e+01  -1.5251939198237963e+02   1.0420915317241420e+03  -1.4733242360812048e-06
 -6.0500000000000007e+00   9.6741886481216241e+01  -1.5476081257672860e+02   1.0577248706119303e+03  -1.7610649030207824e-06
 -6.0000000000000000e+00   9.8183254987764087e+01  -1.5708473036472228e+02   1.0739590570075525e+03  -2.1038447120355162e-06
 -5.9500000000000002e+00   9.9654858505216822e+01  -1.5949123467910076e+02   1.0907988270998155e+03  -2.5119437689607772e-06
 -5.9000000000000004e+00   1.0115646584718959e+02  -1.6198032350110046e+02   1.1082487313601748e+03  -2.9975095999338990e-06
 -5.8499999999999996e+00   1.0268787266102071e+02  -1.6455189910422575e+02   1.1263131507719959e+03  -3.5748850814832313e-06
 -5.8000000000000007e+00   1.0424890569442172e+02  -1.6720576338113244e+02   1.1449963158681962e+03  -4.2609914643231159e-06
 -5.7500000000000000e+00   1.0583942721801880e+02  -1.6994161279978650e+02   1.1643023288990757e+03  -5.0757750870025086e-06
 -5.7000000000000002e+00   1.0745933959720297e+02  -1.7275903298982209e+02   1.1842351892027013e+03  -6.0427274963146765e-06
 -5.6500000000000004e+00   1.0910859002473578e+02  -1.7565749290939172e+02   1.2047988221114799e+03  -7.1894902002659459e-06
 -5.5999999999999996e+00   1.1078717543693355e+02  -1.7863633852732809e+02   1.2259971118919557e+03  -8.5485565262987695e-06
 -5.5500000000000007e+00   1.1249514762207342e+02  -1.8169478598188152e+02   1.2478339390103170e+03  -1.0158084242963618e-05
 -5.5000000000000000e+00   1.1423261854207632e+02  -1.8483191415148798e+02   1.2703132221953526e+03  -1.2062834807390806e-05
 -5.4500000000000002e+00   1.1599976589014048e+02  -1.8804665657162386e+02   1.2934389657909228e+03  -1.4315255591015969e-05
 -5.4000000000000004e+00   1.1779683890473346e+02  -1.9133779263603850e+02   1.3172153128566010e+03  -1.6976723518109965e-05
 -5.3499999999999996e+00   1.1962416446951529e+02  -1.9470393800220899e+02   1.3416466046040723e+03  -2.0118969146234418e-05
 -5.3000000000000007e+00   1.2148215353050549e+02  -1.9814353411857007e+02   1.3667374467788554e+03  -2.3825701104109969e-05
 -5.2500000000000000e+00   1.2337130786434238e+02  -2.0165483678657341e+02   1.3924927836294291e+03  -2.8194450170566864e-05
 -5.2000000000000002e+00   1.2529222724207632e+02  -2.0523590364892061e+02   1.4189179802543511e+03  -3.3338651459422498e-05
 -5.1500000000000004e+00   1.2724561703203395e+02  -2.0888458050011769e+02   1.4460189140993859e+03  -3.9389979599537974e-05
 -5.0999999999999996e+00   1.2923229629511957e+02  -2.1259848629434475e+02   1.4738020765130570e+03  -4.6500946653790430e-05
 -5.0500000000000007e+00   1.3125320642554291e+02  -2.1637499673066333e+02   1.5022746852569676e+03  -5.4847763220640616e-05
 -5.0000000000000000e+00   1.3330942040112271e+02  -2.2021122627162390e+02   1.5314448090215794e+03  -6.4633449446569632e-05
 -4.9500000000000002e+00   1.3540215271299829e+02  -2.2410400844377756e+02   1.5613215050724266e+03  -7.6091161929533097e-05
 -4.9000000000000004e+00   1.3753277004806884e+02  -2.2804987426260146e+02   1.5919149711944181e+03  -8.9487672663255438e-05
 -4.8499999999999996e+00   1.3970280280760426e+02  -2.3204502860623330e+02   1.6232367132396087e+03  -1.0512689359111413e-04
 -4.8000000000000007e+00   1.4191395755141815e+02  -2.3608532435326143e+02   1.6552997296610959e+03  -1.2335328105136218e-04
 -4.7500000000000000e+00   1.4416813046288837e+02  -2.4016623409081149e+02   1.6881187144921701e+03  -1.4455487164131297e-04
 -4.7000000000000002e+00   1.4646742193632986e+02  -2.4428281919018107e+02   1.7217102803110001e+03  -1.6916558809992996e-04
 -4.6500000000000004e+00   1.4881415239442208e+02  -2.4842969603866018e+02   1.7560932028122666e+03  -1.9766629962864973e-04
 -4.5999999999999996e+00   1.5121087945007227e+02  -2.5260099920702442e+02   1.7912886886957474e+03  -2.3058391219057904e-04
 -4.5500000000000007e+00   1.5366041653077548e+02  -2.5679034133007917e+02   1.8273206686282197e+03  -2.6848748345634964e-04
 -4.5000000000000000e+00   1.5616585308294859e+02  -2.6099076948537044e+02   1.8642161170213810e+03  -3.1197997957502964e-04
 -4.4500000000000002e+00   1.5873057647708004e+02  -2.6519471785424309e+02   1.9020054004138885e+03  -3.6168378881786087e-04
 -4.4000000000000004e+00   1.6135829573073056e+02  -2.6939395646624740e+02   1.9407226561902946e+03  -4.1821743667616877e-04
 -4.3499999999999996e+00   1.6405306715945977e+02  -2.7357953585031441e+02   1.9804062032731290e+03  -4.8216005998905867e-04
 -4.3000000000000007e+00   1.6681932205358092e+02  -2.7774172745213377e+02   2.0210989862577608e+03  -5.5399902293655078e-04
 -4.2500000000000000e+00   1.6966189646059610e+02  -2.8186995972547504e+02   2.0628490542154686e+03  -6.3405450948017810e-04
 -4.2000000000000002e+00   1.7258606312652108e+02  -2.8595274987376996e+02   2.1057100750312370e+03  -7.2237288776002119e-04
 -4.1500000000000004e+00   1.7559756561291769e+02  -2.8997763130793879e+02   2.1497418856555219e+03  -8.1857796533186839e-04
 -4.1000000000000005e+00   1.7870265455758167e+02  -2.9393107700439839e+02   2.1950110779977372e+03  -9.2166574439053750e-04
 -4.0499999999999998e+00   1.8190812598230619e+02  -2.9779841909925636e+02   2.2415916193325243e+03  -1.0297236941229759e-03
 -4.0000000000000000e+00   1.8522136146918794e+02  -3.0156376524500917e+02   2.2895655050083164e+03  -1.1395495580562008e-03
 -3.9500000000000002e+00   1.8865036992177033e+02  -3.0520991249691002e+02   2.3390234398657285e+03  -1.2461368878732030e-03
 -3.9000000000000004e+00   1.9220383049629760e+02  -3.0871825979238065e+02   2.3900655430626039e+03  -1.3419842998821649e-03
 -3.8500000000000005e+00   1.9589113612627264e+02  -3.1206872044969600e+02   2.4428020689008194e+03  -1.4161721836008876e-03
 -3.7999999999999998e+00   1.9972243686413955e+02  -3.1523963655369801e+02   2.4973541336835951e+03  -1.4531333498536661e-03
 -3.7500000000000000e+00   2.0370868202155521e+02  -3.1820769762792168e+02   2.5538544355397621e+03  -1.4310217166782124e-03
 -3.7000000000000002e+00   2.0786165979863642e+02  -3.2094786662456806e+02   2.6124479504772098e+03  -1.3195540863921505e-03
 -3.6500000000000004e+00   2.1219403274378007e+02  -3.2343331701368470e+02   2.6732925835765818e+03  -1.0771624140304907e-03
 -3.6000000000000005e+00   2.1671936697284380e+02  -3.2563538563030994e+02   2.7365597491612120e+03  -6.4724518618933453e-04
 -3.5499999999999998e+00   2.2145215259104722e+02  -3.2752354695790893e+02   2.8024348479135324e+03   4.6756637593502596e-05
 -3.5000000000000000e+00   2.2640781219426748e+02  -3.2906541569993357e+02   2.8711176022009563e+03   1.1078154351634448e-03
 -3.4500000000000002e+00   2.3160269366932201e+02  -3.3022678583042483e+02   2.9428222032890308e+03   2.6737666172879961e-03
 -3.4000000000000004e+00   2.3705404275692490e+02  -3.3097171582547020e+02   3.0177772156587403e+03   4.9283512810334119e-03
 -3.3499999999999996e+00   2.4277994997536001e+02  -3.3126267146841587e+02   3.0962251743120974e+03   8.1156281239605360e-03
 -3.2999999999999998e+00   2.4879926551683269e+02  -3.3106073949444971e+02   3.1784218008013308e+03   1.2558760359612406e-02
 -3.2500000000000000e+00   2.5513147460859074e+02  -3.3032592739525239e+02   3.2646347528351594e+03   1.8684480534441238e-02
 -3.2000000000000002e+00   2.6179652456028896e+02  -3.2901756693961022e+02   3.3551418108181906e+03   2.7054921268871539e-02
 -3.1500000000000004e+00   2.6881459327372960e+02  -3.2709484138117028e+02   3.4502283926986488e+03   3.8408999494211296e-02
 -3.0999999999999996e+00   2.7620578733778552e+02  -3.2451745892095960e+02   3.5501842761888947e+03   5.3716190422769081e-02
 -3.0499999999999998e+00   2.8398975591874614e+02  -3.2124649778551952e+02   3.6552993948864023e+03   7.4246370871359602e-02
 -3.0000000000000000e+00   2.9218520440939739e+02  -3.1724545130344535e+02   3.7658585621036882e+03   1.0166050977242193e-01
 -2.9500000000000002e+00   3.0080928910543651e+02  -3.1248150468220751e+02   3.8821349631925159e+03   1.3812841626032202e-01
 -2.9000000000000004e+00   3.0987687086782825e+02  -3.0692707892229646e+02   4.0043822434487834e+03   1.8648162811547767e-01
 -2.8499999999999996e+00   3.1939960155872274e+02  -3.0056168165449338e+02   4.1328250035387864e+03   2.5041197606954357e-01
 -2.7999999999999998e+00   3.2938481164946046e+02  -2.9337410995827992e+02   4.2676474964259969e+03   3.3472958026311400e-01
 -2.7500000000000000e+00   3.3983416027807874e+02  -2.8536505688345903e+02   4.4089802967716587e+03   4.4569827580517629e-01
 -2.7000000000000002e+00   3.5074199944825097e+02  -2.7655018213651721e+02   4.5568846823151380e+03   5.9147206387894424e-01
 -2.6500000000000004e+00   3.6209339098186183e+02  -2.6696371916690708e+02   4.7113344218622506e+03   7.8266360111189648e-01
 -2.5999999999999996e+00   3.7386169682850874e+02  -2.5666270700118110e+02   4.8721945993375903e+03   1.0330855938110530e+00
 -2.5499999999999998e+00   3.8600563841310935e+02  -2.4573195734796329e+02   5.0391970086534329e+03   1.3607190995654193e+00
 -2.5000000000000000e+00   3.9846568613792653e+02  -2.3428989794736293e+02   5.2119115179056780e+03   1.7889803084620346e+00
 -2.4500000000000002e+00   4.1115959220167372e+02  -2.2249547462715390e+02   5.3897126084869760e+03   2.3483809546969172e+00
 -2.4000000000000004e+00   4.2397681342512021e+02  -2.1055635037536007e+02   5.5717400267565708e+03   3.0787092537396212e+00
 -2.3499999999999996e+00   4.3677147877000886e+02  -1.9873871370853789e+02   5.7568521220126449e+03   4.0319011264560389e+00
 -2.2999999999999998e+00   4.4935342916624796e+02  -1.8737910454031760e+02   5.9435699634434013e+03   5.2758295067699592e+00
 -2.2500000000000000e+00   4.6147668221214877e+02  -1.7689878666354841e+02   6.1300097143272051e+03   6.8993182563998898e+00
 -2.2000000000000002e+00   4.7282443390179338e+02  -1.6782134239865687e+02   6.3137999934113222e+03   9.0187941156998495e+00
 -2.1500000000000004e+00   4.8298938029845351e+02  -1.6079433231493479e+02   6.4919801028283982e+03   1.1787135231486463e+01
 -2.0999999999999996e+00   4.9144769182020121e+02  -1.5661603777397073e+02   6.6608741352470815e+03   1.5405471276311632e+01
 -2.0499999999999998e+00   4.9752435633494366e+02  -1.5626845912608533e+02   6.8159352596212566e+03   2.0138954653094185e+01
 -2.0000000000000000e+00   5.0034676089335471e+02  -1.6095782710687004e+02   6.9515542328672955e+03   2.6337874455086141e+01
 -1.9500000000000002e+00   4.9878221969360868e+02  -1.7216380261833598e+02   7.0608269806483095e+03   3.4465944896519758e+01
 -1.9000000000000004e+00   4.9135357187756239e+02  -1.9169810035440108e+02   7.1352791037318548e+03   4.5138180933058621e+01
 -1.8499999999999996e+00   4.7612484974450922e+02  -2.2177211864393755e+02   7.1645526139226185e+03   5.9171463099590675e+01
 -1.7999999999999998e+00   4.5054623392283520e+02  -2.6507069646690513e+02   7.1360757798100458e+03   7.7651610508846545e+01
 -1.7500000000000000e+00   4.1124395574259233e+02  -3.2482444603569900e+02   7.0347661201103901e+03   1.0202128566865595e+02
 -1.7000000000000002e+00   3.5373651937263611e+02  -4.0486481078248130e+02   6.8428675687909954e+03   1.3419275972106084e+02
 -1.6500000000000004e+00   2.7205436466968411e+02  -5.0963149004863789e+02   6.5401108495239423e+03   1.7668715932910027e+02
 -1.5999999999999996e+00   1.5823875149847726e+02  -6.4407633688025578e+02   6.1045406090498318e+03   2.3279453729875951e+02
 -1.5499999999999998e+00   1.7044990235217203e+00  -8.1336433050969640e+02   5.5146166478967252e+03   3.0673147509604212e+02
 -1.5000000000000000e+00  -2.1151441831001367e+02  -1.0222058289123440e+03   4.7535937417285240e+03   4.0373485810525113e+02
 -1.4500000000000002e+00  -4.9952533631685668e+02  -1.2735701105162491e+03   3.8176603171589863e+03   5.2995596552728625e+02
 -1.4000000000000004e+00  -8.8501121411612212e+02  -1.5664504731882159e+03   2.7297097394351781e+03   6.9189077978596356e+02
 -1.3499999999999996e+00  -1.3945214676984247e+03  -1.8923383999344596e+03   1.5606047316385809e+03   8.9490795734951655e+02
 -1.2999999999999998e+00  -2.0549294256744415e+03  -2.2303364793953269e+03   4.5819456333785831e+02   1.1403228692973632e+03
 -1.2500000000000000e+00  -2.8843933629558251e+03  -2.5419735787321133e+03  -3.2262530979762289e+02   1.4207504644588362e+03
 -1.2000000000000002e+00  -3.8755367439243405e+03  -2.7694219849001265e+03  -4.1314376084381558e+02   1.7147374330706714e+03
 -1.1500000000000004e+00  -4.9730222813189148e+03  -2.8437566729257705e+03   6.0704486066060326e+02   1.9841779835906657e+03
 -1.0999999999999996e+00  -6.0574488968908581e+03  -2.7078746377532202e+03   3.0478041693228902e+03   2.1800935589939245e+03
 -1.0499999999999998e+00  -6.9562285108551296e+03  -2.3466542491787259e+03   6.9056442989132474e+03   2.2595894649191373e+03
 -1.0000000000000000e+00  -7.4944982870790946e+03  -1.8029091358293031e+03   1.1780560727168664e+04   2.2067634966774085e+03
 -9.5000000000000018e-01  -7.5674040694366604e+03  -1.1624027574019881e+03   1.7016604389308097e+04   2.0416370068250176e+03
 -9.0000000000000036e-01  -7.1848325001491703e+03  -5.1725870050328956e+02   2.1966607131998186e+04   1.8083576186136963e+03
 -8.4999999999999964e-01  -6.4543775307481055e+03   6.5257739450986051e+01   2.6188055718601685e+04   1.5528586828646596e+03
 -7.9999999999999982e-01  -5.5216494413884056e+03   5.5238001984985613e+02   2.9487575298800490e+04   1.3073671390561385e+03
 -7.5000000000000000e-01  -4.5159972001054011e+03   9.3846075343115592e+02   3.1861466578145686e+04   1.0879518848340820e+03
 -7.0000000000000018e-01  -3.5277240714891045e+03   1.2328064291846031e+03   3.3409735604268782e+04   8.9942645367863815e+02
 -6.5000000000000036e-01  -2.6100494211917530e+03   1.4502704840599640e+03   3.4269135744957210e+04   7.4077066901830949e+02
 -5.9999999999999964e-01  -1.7895784548220627e+03   1.6060695457953523e+03   3.4575455722663050e+04   6.0857282281647667e+02
 -5.4999999999999982e-01  -1.0761842419175280e+03   1.7136224110064745e+03   3.4447847569350328e+04   4.9880429682122917e+02
 -5.0000000000000000e-01  -4.7020507177925310e+02   1.7839956845128829e+03   3.3985218176971503e+04   4.0764816993842078e+02
 -4.5000000000000018e-01   3.2799890019555235e+01   1.8260404039642162e+03   3.3267749581550474e+04   3.3180701978342353e+02
 -4.0000000000000036e-01   4.3920190832879467e+02   1.8467514140191379e+03   3.2359954066462858e+04   2.6853636628496992e+02
 -3.4999999999999964e-01   7.5579611263095001e+02   1.8516456557624645e+03   3.1313750624796143e+04   2.1556591280495832e+02
 -2.9999999999999982e-01   9.8912743993764025e+02   1.8450871025474949e+03   3.0171061757727406e+04   1.7099523422691368e+02
 -2.5000000000000000e-01   1.1452981923011578e+03   1.8305433192687958e+03   2.8965848421372899e+04   1.3319700169501380e+02
 -2.0000000000000018e-01   1.2300530015259353e+03   1.8107802158061388e+03   2.7725657777958008e+04   1.0073868910701350e+02
 -1.5000000000000036e-01   1.2490159585129290e+03   1.7880076264760364e+03   2.6472801576109043e+04   7.2327180133395686e+01
 -9.9999999999999645e-02   1.2079847006055336e+03   1.7639858133335681e+03   2.5225227738663376e+04   4.6776940122291741e+01
 -5.0000000000000711e-02   1.1132142631438560e+03   1.7401013396902060e+03   2.3997131577660613e+04   2.2998580024377013e+01
  0.0000000000000000e+00   9.7169416955963106e+02   1.7174312731969728e+03   2.2799570394274564e+04   0.0000000000000000e+00
