# ZND solution.
# Columns are: 0 spatial coordinate; 1 specific volume; 2 density;
# 3 flow velocity in lab frame; 4 pressure; 5 reaction progress variable 1;
# 6 reaction progress variable 2.
 -1.0074999999999999e+01   5.7798549004534316e-01   1.7301472393736903e+00   2.5884671144903884e+00   1.6876615246044722e+01   9.9999899999999997e-01   9.9998518448944163e-01
 -1.0049999999999999e+01   5.7798549004534316e-01   1.7301472393736903e+00   2.5884671144903884e+00   1.6876615246044722e+01   9.9999899999999997e-01   9.9998518448944163e-01
 -1.0024999999999999e+01   5.7798549004534316e-01   1.7301472393736903e+00   2.5884671144903884e+00   1.6876615246044722e+01   9.9999899999999997e-01   9.9998518448944163e-01
 -1.0000000000000000e+01   5.7798549004534316e-01   1.7301472393736903e+00   2.5884671144903884e+00   1.6876615246044722e+01   9.9999899999999997e-01   9.9998518448944163e-01
 -9.9749999999999996e+00   5.7798549004534316e-01   1.7301472393736903e+00   2.5884671144903884e+00   1.6876615246044722e+01   9.9999899999999997e-01   9.9998518448944163e-01
 -9.9499999999999993e+00   5.7798523159434001e-01   1.7301480130237166e+00   2.5884686997247974e+00   1.6876624969234420e+01   9.9999897809529126e-01   9.9998488210288250e-01
 -9.9249999999999989e+00   5.7798480934014684e-01   1.7301492770054709e+00   2.5884712896620323e+00   1.6876640854866796e+01   9.9999894219349150e-01   9.9998438750251495e-01
 -9.8999999999999986e+00   5.7798437395992508e-01   1.7301505802808013e+00   2.5884739601090425e+00   1.6876657234313718e+01   9.9999890503033240e-01   9.9998387680827194e-01
 -9.8750000000000000e+00   5.7798392505228191e-01   1.7301519240514247e+00   2.5884767135278097e+00   1.6876674122675997e+01   9.9999886656149417e-01   9.9998334949975320e-01
 -9.8499999999999996e+00   5.7798346220380103e-01   1.7301533095550630e+00   2.5884795524540634e+00   1.6876691535506776e+01   9.9999882674110063e-01   9.9998280503986847e-01
 -9.8249999999999993e+00   5.7798298498870371e-01   1.7301547380664577e+00   2.5884824794993588e+00   1.6876709488824282e+01   9.9999878552166233e-01   9.9998224287427806e-01
 -9.7999999999999989e+00   5.7798249296847071e-01   1.7301562108985031e+00   2.5884854973533966e+00   1.6876727999126057e+01   9.9999874285402179e-01   9.9998166243087050e-01
 -9.7749999999999986e+00   5.7798198569149029e-01   1.7301577294033010e+00   2.5884886087861809e+00   1.6876747083402194e+01   9.9999869868729330e-01   9.9998106311917501e-01
 -9.7500000000000000e+00   5.7798146269267225e-01   1.7301592949733164e+00   2.5884918166503881e+00   1.6876766759149859e+01   9.9999865296880364e-01   9.9998044432979971e-01
 -9.7249999999999996e+00   5.7798092349304753e-01   1.7301609090425782e+00   2.5884951238838214e+00   1.6876787044388351e+01   9.9999860564402798e-01   9.9997980543381171e-01
 -9.6999999999999993e+00   5.7798036759937843e-01   1.7301625730878465e+00   2.5884985335118027e+00   1.6876807957673783e+01   9.9999855665652526e-01   9.9997914578212310e-01
 -9.6749999999999989e+00   5.7797979450374892e-01   1.7301642886298403e+00   2.5885020486496839e+00   1.6876829518114462e+01   9.9999850594787154e-01   9.9997846470486096e-01
 -9.6499999999999986e+00   5.7797920368310651e-01   1.7301660572346100e+00   2.5885056725056592e+00   1.6876851745388166e+01   9.9999845345758842e-01   9.9997776151068152e-01
 -9.6250000000000000e+00   5.7797859459888656e-01   1.7301678805146643e+00   2.5885094083830662e+00   1.6876874659756236e+01   9.9999839912307353e-01   9.9997703548612604e-01
 -9.5999999999999996e+00   5.7797796669650547e-01   1.7301697601304880e+00   2.5885132596834985e+00   1.6876898282082678e+01   9.9999834287952327e-01   9.9997628589488374e-01
 -9.5749999999999993e+00   5.7797731940492258e-01   1.7301716977918546e+00   2.5885172299094892e+00   1.6876922633850619e+01   9.9999828465985652e-01   9.9997551197708201e-01
 -9.5499999999999989e+00   5.7797665213617799e-01   1.7301736952592133e+00   2.5885213226673471e+00   1.6876947737179705e+01   9.9999822439463515e-01   9.9997471294854767e-01
 -9.5249999999999986e+00   5.7797596428489073e-01   1.7301757543451910e+00   2.5885255416702364e+00   1.6876973614844992e+01   9.9999816201198033e-01   9.9997388800002474e-01
 -9.5000000000000000e+00   5.7797525522775584e-01   1.7301778769161007e+00   2.5885298907412579e+00   1.6877000290295840e+01   9.9999809743748669e-01   9.9997303629638024e-01
 -9.4749999999999996e+00   5.7797452432304430e-01   1.7301800648934402e+00   2.5885343738165196e+00   1.6877027787674752e+01   9.9999803059413395e-01   9.9997215697579067e-01
 -9.4499999999999993e+00   5.7797377091006619e-01   1.7301823202555016e+00   2.5885389949484274e+00   1.6877056131837556e+01   9.9999796140219466e-01   9.9997124914889246e-01
 -9.4249999999999989e+00   5.7797299430861926e-01   1.7301846450390235e+00   2.5885437583090680e+00   1.6877085348374148e+01   9.9999788977913873e-01   9.9997031189790664e-01
 -9.3999999999999986e+00   5.7797219381845732e-01   1.7301870413407860e+00   2.5885486681934693e+00   1.6877115463628503e+01   9.9999781563953605e-01   9.9996934427575535e-01
 -9.3750000000000000e+00   5.7797136871869204e-01   1.7301895113194026e+00   2.5885537290232707e+00   1.6877146504721175e+01   9.9999773889495303e-01   9.9996834530511547e-01
 -9.3499999999999996e+00   5.7797051826721579e-01   1.7301920571970513e+00   2.5885589453502615e+00   1.6877178499571009e+01   9.9999765945384822e-01   9.9996731397747862e-01
 -9.3249999999999993e+00   5.7796964170009713e-01   1.7301946812612874e+00   2.5885643218600896e+00   1.6877211476917886e+01   9.9999757722146188e-01   9.9996624925215039e-01
 -9.2999999999999989e+00   5.7796873823095585e-01   1.7301973858669166e+00   2.5885698633760943e+00   1.6877245466346221e+01   9.9999749209970379e-01   9.9996515005524711e-01
 -9.2749999999999986e+00   5.7796780705032391e-01   1.7302001734379118e+00   2.5885755748632269e+00   1.6877280498309030e+01   9.9999740398703518e-01   9.9996401527863388e-01
 -9.2500000000000000e+00   5.7796684732500858e-01   1.7302030464693232e+00   2.5885814614319562e+00   1.6877316604151872e+01   9.9999731277834902e-01   9.9996284377886469e-01
 -9.2249999999999996e+00   5.7796585819738366e-01   1.7302060075294026e+00   2.5885875283426163e+00   1.6877353816139514e+01   9.9999721836484212e-01   9.9996163437603647e-01
 -9.1999999999999993e+00   5.7796483878473792e-01   1.7302090592615589e+00   2.5885937810094024e+00   1.6877392167480455e+01   9.9999712063388768e-01   9.9996038585267166e-01
 -9.1749999999999989e+00   5.7796378817853611e-01   1.7302122043865742e+00   2.5886002250049041e+00   1.6877431692354715e+01   9.9999701946889852e-01   9.9995909695250407e-01
 -9.1499999999999986e+00   5.7796270544371009e-01   1.7302154457047292e+00   2.5886068660644521e+00   1.6877472425940507e+01   9.9999691474918995e-01   9.9995776637928335e-01
 -9.1250000000000000e+00   5.7796158961788902e-01   1.7302187860981135e+00   2.5886137100908426e+00   1.6877514404443200e+01   9.9999680634983334e-01   9.9995639279548598e-01
 -9.0999999999999996e+00   5.7796043971065658e-01   1.7302222285328532e+00   2.5886207631588904e+00   1.6877557665123263e+01   9.9999669414150916e-01   9.9995497482104367e-01
 -9.0749999999999993e+00   5.7795925470273835e-01   1.7302257760615491e+00   2.5886280315204147e+00   1.6877602246326841e+01   9.9999657799035035e-01   9.9995351103197760e-01
 -9.0499999999999989e+00   5.7795803354521191e-01   1.7302294318256466e+00   2.5886355216090826e+00   1.6877648187515462e+01   9.9999645775778467e-01   9.9995199995904371e-01
 -9.0249999999999986e+00   5.7795677515864752e-01   1.7302331990580140e+00   2.5886432400456827e+00   1.6877695529298368e+01   9.9999633330036619e-01   9.9995044008627187e-01
 -9.0000000000000000e+00   5.7795547843228745e-01   1.7302370810854053e+00   2.5886511936431544e+00   1.6877744313463399e+01   9.9999620446960680e-01   9.9994882984953304e-01
 -8.9749999999999996e+00   5.7795414222314689e-01   1.7302410813311588e+00   2.5886593894121077e+00   1.6877794583010800e+01   9.9999607111179689e-01   9.9994716763500080e-01
 -8.9499999999999993e+00   5.7795276535511364e-01   1.7302452033178981e+00   2.5886678345663405e+00   1.6877846382187116e+01   9.9999593306782220e-01   9.9994545177759619e-01
 -8.9249999999999989e+00   5.7795134661803282e-01   1.7302494506702801e+00   2.5886765365284559e+00   1.6877899756519600e+01   9.9999579017297358e-01   9.9994368055937655e-01
 -8.8999999999999986e+00   5.7794988476675746e-01   1.7302538271178456e+00   2.5886855029356841e+00   1.6877954752851949e+01   9.9999564225675053e-01   9.9994185220788012e-01
 -8.8750000000000000e+00   5.7794837852016989e-01   1.7302583364979558e+00   2.5886947416458854e+00   1.6878011419381114e+01   9.9999548914265668e-01   9.9993996489440551e-01
 -8.8499999999999996e+00   5.7794682656018415e-01   1.7302629827587876e+00   2.5887042607436688e+00   1.6878069805694832e+01   9.9999533064798940e-01   9.9993801673225369e-01
 -8.8249999999999993e+00   5.7794522753072108e-01   1.7302677699624127e+00   2.5887140685466767e+00   1.6878129962810174e+01   9.9999516658362086e-01   9.9993600577490238e-01
 -8.7999999999999989e+00   5.7794358003665314e-01   1.7302727022879640e+00   2.5887241736120612e+00   1.6878191943213263e+01   9.9999499675377201e-01   9.9993393001413133e-01
 -8.7749999999999986e+00   5.7794188264272506e-01   1.7302777840348782e+00   2.5887345847430994e+00   1.6878255800899865e+01   9.9999482095577863e-01   9.9993178737808963e-01
 -8.7500000000000000e+00   5.7794013387245102e-01   1.7302830196262089e+00   2.5887453109959613e+00   1.6878321591416871e+01   9.9999463897984919e-01   9.9992957572930508e-01
 -8.7249999999999996e+00   5.7793833220697000e-01   1.7302884136120638e+00   2.5887563616867286e+00   1.6878389371905385e+01   9.9999445060881353e-01   9.9992729286262216e-01
 -8.6999999999999993e+00   5.7793647608387677e-01   1.7302939706731169e+00   2.5887677463985668e+00   1.6878459201144675e+01   9.9999425561786293e-01   9.9992493650308167e-01
 -8.6749999999999989e+00   5.7793456389602771e-01   1.7302996956241974e+00   2.5887794749890469e+00   1.6878531139597126e+01   9.9999405377428130e-01   9.9992250430373686e-01
 -8.6499999999999986e+00   5.7793259399031571e-01   1.7303055934179701e+00   2.5887915575976632e+00   1.6878605249454306e+01   9.9999384483716736e-01   9.9991999384340735e-01
 -8.6250000000000000e+00   5.7793056466639647e-01   1.7303116691487637e+00   2.5888040046536429e+00   1.6878681594684899e+01   9.9999362855714535e-01   9.9991740262434570e-01
 -8.5999999999999996e+00   5.7792847417541782e-01   1.7303179280563903e+00   2.5888168268837410e+00   1.6878760241082500e+01   9.9999340467606812e-01   9.9991472806986015e-01
 -8.5749999999999993e+00   5.7792632071866479e-01   1.7303243755302178e+00   2.5888300353205511e+00   1.6878841256316598e+01   9.9999317292670631e-01   9.9991196752182565e-01
 -8.5499999999999989e+00   5.7792410244621295e-01   1.7303310171132193e+00   2.5888436413107652e+00   1.6878924709983231e+01   9.9999293303242975e-01   9.9990911823815432e-01
 -8.5249999999999986e+00   5.7792181745553994e-01   1.7303378585061480e+00   2.5888576565236887e+00   1.6879010673657231e+01   9.9999268470687619e-01   9.9990617739017140e-01
 -8.5000000000000000e+00   5.7791946379008297e-01   1.7303449055718754e+00   2.5888720929600915e+00   1.6879099220946475e+01   9.9999242765360885e-01   9.9990314205991737e-01
 -8.4749999999999996e+00   5.7791703943776451e-01   1.7303521643398252e+00   2.5888869629612459e+00   1.6879190427547368e+01   9.9999216156575998e-01   9.9990000923734312e-01
 -8.4499999999999993e+00   5.7791454232949391e-01   1.7303596410104818e+00   2.5889022792181215e+00   1.6879284371301207e+01   9.9999188612566470e-01   9.9989677581745340e-01
 -8.4249999999999989e+00   5.7791197033762531e-01   1.7303673419600294e+00   2.5889180547808417e+00   1.6879381132252195e+01   9.9999160100448092e-01   9.9989343859735091e-01
 -8.3999999999999986e+00   5.7790932127436123e-01   1.7303752737451559e+00   2.5889343030684753e+00   1.6879480792707497e+01   9.9999130586179341e-01   9.9988999427316028e-01
 -8.3750000000000000e+00   5.7790659289014656e-01   1.7303834431078875e+00   2.5889510378788878e+00   1.6879583437297669e+01   9.9999100034520871e-01   9.9988643943691458e-01
 -8.3499999999999996e+00   5.7790378287198130e-01   1.7303918569806671e+00   2.5889682733990900e+00   1.6879689153040118e+01   9.9999068408993130e-01   9.9988277057329411e-01
 -8.3249999999999993e+00   5.7790088884172164e-01   1.7304005224914698e+00   2.5889860242156586e+00   1.6879798029403037e+01   9.9999035671832626e-01   9.9987898405628239e-01
 -8.2999999999999989e+00   5.7789790835433996e-01   1.7304094469690428e+00   2.5890043053254086e+00   1.6879910158370851e+01   9.9999001783946762e-01   9.9987507614573312e-01
 -8.2749999999999986e+00   5.7789483889610482e-01   1.7304186379483866e+00   2.5890231321465569e+00   1.6880025634512698e+01   9.9998966704866976e-01   9.9987104298381890e-01
 -8.2500000000000000e+00   5.7789167788275686e-01   1.7304281031762510e+00   2.5890425205299104e+00   1.6880144555051043e+01   9.9998930392700081e-01   9.9986688059135620e-01
 -8.2249999999999996e+00   5.7788842265761708e-01   1.7304378506168350e+00   2.5890624867704681e+00   1.6880267019932855e+01   9.9998892804078232e-01   9.9986258486405744e-01
 -8.1999999999999993e+00   5.7788507048965498e-01   1.7304478884576091e+00   2.5890830476192717e+00   1.6880393131902274e+01   9.9998853894106832e-01   9.9985815156863311e-01
 -8.1749999999999989e+00   5.7788161857149767e-01   1.7304582251153162e+00   2.5891042202956167e+00   1.6880522996575529e+01   9.9998813616310656e-01   9.9985357633878402e-01
 -8.1499999999999986e+00   5.7787806401740571e-01   1.7304688692420758e+00   2.5891260224994666e+00   1.6880656722517074e+01   9.9998771922578111e-01   9.9984885467107365e-01
 -8.1250000000000000e+00   5.7787440386118261e-01   1.7304798297316881e+00   2.5891484724242773e+00   1.6880794421318239e+01   9.9998728763103584e-01   9.9984398192068114e-01
 -8.0999999999999996e+00   5.7787063505404068e-01   1.7304911157260709e+00   2.5891715887700841e+00   1.6880936207677518e+01   9.9998684086327561e-01   9.9983895329700523e-01
 -8.0749999999999993e+00   5.7786675446241775e-01   1.7305027366218491e+00   2.5891953907568968e+00   1.6881082199482705e+01   9.9998637838874849e-01   9.9983376385915601e-01
 -8.0499999999999989e+00   5.7786275886572447e-01   1.7305147020771514e+00   2.5892198981385137e+00   1.6881232517895654e+01   9.9998589965490392e-01   9.9982840851128607e-01
 -8.0249999999999986e+00   5.7785864495405792e-01   1.7305270220185145e+00   2.5892451312165470e+00   1.6881387287438276e+01   9.9998540408973047e-01   9.9982288199780478e-01
 -8.0000000000000000e+00   5.7785440932583820e-01   1.7305397066480184e+00   2.5892711108549178e+00   1.6881546636081474e+01   9.9998489110106792e-01   9.9981717889842214e-01
 -7.9749999999999996e+00   5.7785004848538923e-01   1.7305527664505935e+00   2.5892978584946968e+00   1.6881710695336128e+01   9.9998436007589619e-01   9.9981129362305377e-01
 -7.9499999999999993e+00   5.7784555884047717e-01   1.7305662122014591e+00   2.5893253961691998e+00   1.6881879600345741e+01   9.9998381037959860e-01   9.9980522040656639e-01
 -7.9249999999999989e+00   5.7784093669978154e-01   1.7305800549737653e+00   2.5893537465195005e+00   1.6882053489981541e+01   9.9998324135520023e-01   9.9979895330337665e-01
 -7.8999999999999995e+00   5.7783617827028178e-01   1.7305943061464939e+00   2.5893829328104601e+00   1.6882232506940817e+01   9.9998265232257721e-01   9.9979248618186178e-01
 -7.8750000000000000e+00   5.7783127965460379e-01   1.7306089774124824e+00   2.5894129789470024e+00   1.6882416797846751e+01   9.9998204257763879e-01   9.9978581271860911e-01
 -7.8499999999999996e+00   5.7782623684830681e-01   1.7306240807866327e+00   2.5894439094907553e+00   1.6882606513350485e+01   9.9998141139148133e-01   9.9977892639250232e-01
 -7.8249999999999993e+00   5.7782104573708348e-01   1.7306396286143819e+00   2.5894757496772236e+00   1.6882801808236437e+01   9.9998075800951181e-01   9.9977182047862001e-01
 -7.7999999999999989e+00   5.7781570209389665e-01   1.7306556335803716e+00   2.5895085254333514e+00   1.6883002841530050e+01   9.9998008165053864e-01   9.9976448804193430e-01
 -7.7749999999999995e+00   5.7781020157606688e-01   1.7306721087172656e+00   2.5895422633953862e+00   1.6883209776607348e+01   9.9997938150583288e-01   9.9975692193084420e-01
 -7.7500000000000000e+00   5.7780453972225165e-01   1.7306890674149014e+00   2.5895769909274073e+00   1.6883422781308568e+01   9.9997865673815356e-01   9.9974911477048789e-01
 -7.7249999999999996e+00   5.7779871194939914e-01   1.7307065234295214e+00   2.5896127361400092e+00   1.6883642028052787e+01   9.9997790648074014e-01   9.9974105895586751e-01
 -7.6999999999999993e+00   5.7779271354958028e-01   1.7307244908933768e+00   2.5896495279097338e+00   1.6883867693957086e+01   9.9997712983626830e-01   9.9973274664475842e-01
 -7.6749999999999989e+00   5.7778653968677562e-01   1.7307429843244719e+00   2.5896873958987774e+00   1.6884099960957435e+01   9.9997632587576901e-01   9.9972416975040679e-01
 -7.6499999999999995e+00   5.7778018539358278e-01   1.7307620186365544e+00   2.5897263705751867e+00   1.6884339015932568e+01   9.9997549363750859e-01   9.9971531993399898e-01
 -7.6250000000000000e+00   5.7777364556782695e-01   1.7307816091494024e+00   2.5897664832336478e+00   1.6884585050831493e+01   9.9997463212582971e-01   9.9970618859691129e-01
 -7.5999999999999996e+00   5.7776691496910937e-01   1.7308017715993058e+00   2.5898077660166572e+00   1.6884838262803342e+01   9.9997374030995057e-01   9.9969676687271869e-01
 -7.5749999999999993e+00   5.7775998821525598e-01   1.7308225221498552e+00   2.5898502519363040e+00   1.6885098854330980e+01   9.9997281712272046e-01   9.9968704561895227e-01
 -7.5499999999999989e+00   5.7775285977869895e-01   1.7308438774029393e+00   2.5898939748964640e+00   1.6885367033367132e+01   9.9997186145933392e-01   9.9967701540863685e-01
 -7.5249999999999995e+00   5.7774552398276879e-01   1.7308658544100204e+00   2.5899389697155422e+00   1.6885643013473882e+01   9.9997087217599578e-01   9.9966666652153868e-01
 -7.5000000000000000e+00   5.7773797499786694e-01   1.7308884706837768e+00   2.5899852721499497e+00   1.6885927013966654e+01   9.9996984808853939e-01   9.9965598893515573e-01
 -7.4749999999999996e+00   5.7773020683760179e-01   1.7309117442098660e+00   2.5900329189178026e+00   1.6886219260059598e+01   9.9996878797099786e-01   9.9964497231545890e-01
 -7.4499999999999993e+00   5.7772221335478680e-01   1.7309356934591105e+00   2.5900819477234687e+00   1.6886519983016122e+01   9.9996769055412138e-01   9.9963360600732265e-01
 -7.4249999999999989e+00   5.7771398823736919e-01   1.7309603373999027e+00   2.5901323972825385e+00   1.6886829420302075e+01   9.9996655452384309e-01   9.9962187902468136e-01
 -7.3999999999999995e+00   5.7770552500424632e-01   1.7309856955109606e+00   2.5901843073474868e+00   1.6887147815743131e+01   9.9996537851968992e-01   9.9960978004038537e-01
 -7.3750000000000000e+00   5.7769681700099729e-01   1.7310117877943469e+00   2.5902377187338521e+00   1.6887475419685376e+01   9.9996416113313646e-01   9.9959729737574843e-01
 -7.3499999999999996e+00   5.7768785739550466e-01   1.7310386347888322e+00   2.5902926733470930e+00   1.6887812489160023e+01   9.9996290090590079e-01   9.9958441898978667e-01
 -7.3249999999999993e+00   5.7767863917347495e-01   1.7310662575835756e+00   2.5903492142100610e+00   1.6888159288051924e+01   9.9996159632817760e-01   9.9957113246811613e-01
 -7.2999999999999989e+00   5.7766915513385086e-01   1.7310946778321434e+00   2.5904073854911438e+00   1.6888516087272180e+01   9.9996024583681020e-01   9.9955742501153377e-01
 -7.2749999999999995e+00   5.7765939788413012e-01   1.7311239177668241e+00   2.5904672325329736e+00   1.6888883164934256e+01   9.9995884781339628e-01   9.9954328342424781e-01
 -7.2500000000000000e+00   5.7764935983555055e-01   1.7311540002133601e+00   2.5905288018819626e+00   1.6889260806535102e+01   9.9995740058232496e-01   9.9952869410174250e-01
 -7.2249999999999996e+00   5.7763903319818477e-01   1.7311849486059672e+00   2.5905921413183899e+00   1.6889649305139709e+01   9.9995590240874443e-01   9.9951364301828594e-01
 -7.1999999999999993e+00   5.7762840997590303e-01   1.7312167870027673e+00   2.5906572998872957e+00   1.6890048961570617e+01   9.9995435149645728e-01   9.9949811571406755e-01
 -7.1749999999999989e+00   5.7761748196122642e-01   1.7312495401015697e+00   2.5907243279300523e+00   1.6890460084601536e+01   9.9995274598573869e-01   9.9948209728193027e-01
 -7.1499999999999995e+00   5.7760624073006073e-01   1.7312832332560295e+00   2.5907932771166617e+00   1.6890882991155458e+01   9.9995108395107690e-01   9.9946557235370859e-01
 -7.1250000000000000e+00   5.7759467763630357e-01   1.7313178924922057e+00   2.5908642004788356e+00   1.6891318006507550e+01   9.9994936339883456e-01   9.9944852508617510e-01
 -7.0999999999999996e+00   5.7758278380633465e-01   1.7313535445254946e+00   2.5909371524437885e+00   1.6891765464492440e+01   9.9994758226482294e-01   9.9943093914653269e-01
 -7.0749999999999993e+00   5.7757055013335079e-01   1.7313902167780504e+00   2.5910121888689854e+00   1.6892225707717326e+01   9.9994573841179102e-01   9.9941279769748936e-01
 -7.0499999999999989e+00   5.7755796727161857e-01   1.7314279373964760e+00   2.5910893670773922e+00   1.6892699087778212e+01   9.9994382962682316e-01   9.9939408338187452e-01
 -7.0249999999999995e+00   5.7754502563052568e-01   1.7314667352701476e+00   2.5911687458939645e+00   1.6893185965483688e+01   9.9994185361864363e-01   9.9937477830679533e-01
 -7.0000000000000000e+00   5.7753171536857706e-01   1.7315066400497268e+00   2.5912503856824705e+00   1.6893686711080811e+01   9.9993980801482485e-01   9.9935486402732454e-01
 -6.9749999999999996e+00   5.7751802638715333e-01   1.7315476821664186e+00   2.5913343483837767e+00   1.6894201704489920e+01   9.9993769035889279e-01   9.9933432152967638e-01
 -6.9499999999999993e+00   5.7750394832422003e-01   1.7315898928514060e+00   2.5914206975544309e+00   1.6894731335541291e+01   9.9993549810732962e-01   9.9931313121389054e-01
 -6.9249999999999989e+00   5.7748947054783117e-01   1.7316333041559309e+00   2.5915094984065097e+00   1.6895276004219554e+01   9.9993322862646938e-01   9.9929127287600827e-01
 -6.8999999999999995e+00   5.7747458214949965e-01   1.7316779489718126e+00   2.5916008178482812e+00   1.6895836120913089e+01   9.9993087918927848e-01   9.9926872568968161e-01
 -6.8750000000000000e+00   5.7745927193740720e-01   1.7317238610524786e+00   2.5916947245258535e+00   1.6896412106669487e+01   9.9992844697202155e-01   9.9924546818724647e-01
 -6.8499999999999996e+00   5.7744352842947100e-01   1.7317710750344657e+00   2.5917912888657004e+00   1.6897004393456385e+01   9.9992592905080702e-01   9.9922147824022911e-01
 -6.8249999999999993e+00   5.7742733984623940e-01   1.7318196264594705e+00   2.5918905831182362e+00   1.6897613424428744e+01   9.9992332239800774e-01   9.9919673303926737e-01
 -6.7999999999999989e+00   5.7741069410362800e-01   1.7318695517969223e+00   2.5919926814023699e+00   1.6898239654202108e+01   9.9992062387855096e-01   9.9917120907341861e-01
 -6.7749999999999995e+00   5.7739357880547326e-01   1.7319208884671453e+00   2.5920976597511780e+00   1.6898883549132766e+01   9.9991783024607350e-01   9.9914488210884267e-01
 -6.7500000000000000e+00   5.7737598123592948e-01   1.7319736748650381e+00   2.5922055961585397e+00   1.6899545587603772e+01   9.9991493813893917e-01   9.9911772716686043e-01
 -6.7249999999999996e+00   5.7735788835170410e-01   1.7320279503842835e+00   2.5923165706267608e+00   1.6900226260317059e+01   9.9991194407611195e-01   9.9908971850135619e-01
 -6.6999999999999993e+00   5.7733928677405622e-01   1.7320837554423238e+00   2.5924306652156512e+00   1.6900926070594476e+01   9.9990884445287453e-01   9.9906082957545717e-01
 -6.6749999999999989e+00   5.7732016278068599e-01   1.7321411315057134e+00   2.5925479640922751e+00   1.6901645534682903e+01   9.9990563553639855e-01   9.9903103303758067e-01
 -6.6499999999999995e+00   5.7730050229736718e-01   1.7322001211162996e+00   2.5926685535822696e+00   1.6902385182069047e+01   9.9990231346114633e-01   9.9900030069669521e-01
 -6.6250000000000000e+00   5.7728029088943478e-01   1.7322607679178983e+00   2.5927925222220591e+00   1.6903145555799700e+01   9.9989887422411017e-01   9.9896860349688454e-01
 -6.5999999999999996e+00   5.7725951375304785e-01   1.7323231166837052e+00   2.5929199608124449e+00   1.6903927212810416e+01   9.9989531367987583e-01   9.9893591149112715e-01
 -6.5749999999999993e+00   5.7723815570625681e-01   1.7323872133443601e+00   2.5930509624733933e+00   1.6904730724261587e+01   9.9989162753550553e-01   9.9890219381428458e-01
 -6.5499999999999989e+00   5.7721620117987349e-01   1.7324531050166723e+00   2.5931856227000369e+00   1.6905556675881911e+01   9.9988781134523630e-01   9.9886741865530049e-01
 -6.5249999999999995e+00   5.7719363420811431e-01   1.7325208400330998e+00   2.5933240394200650e+00   1.6906405668320410e+01   9.9988386050498124e-01   9.9883155322853368e-01
 -6.5000000000000000e+00   5.7717043841902005e-01   1.7325904679719750e+00   2.5934663130524851e+00   1.6907278317506851e+01   9.9987977024663099e-01   9.9879456374424391e-01
 -6.4749999999999996e+00   5.7714659702468085e-01   1.7326620396883956e+00   2.5936125465675772e+00   1.6908175255019479e+01   9.9987553563214815e-01   9.9875641537820603e-01
 -6.4499999999999993e+00   5.7712209281121141e-01   1.7327356073459499e+00   2.5937628455483845e+00   1.6909097128462182e+01   9.9987115154744122e-01   9.9871707224037753e-01
 -6.4249999999999989e+00   5.7709690812849079e-01   1.7328112244492389e+00   2.5939173182536437e+00   1.6910044601850458e+01   9.9986661269601784e-01   9.9867649734266073e-01
 -6.3999999999999995e+00   5.7707102487967010e-01   1.7328889458771879e+00   2.5940760756821399e+00   1.6911018356006181e+01   9.9986191359240006e-01   9.9863465256565476e-01
 -6.3750000000000000e+00   5.7704442451043603e-01   1.7329688279171904e+00   2.5942392316385621e+00   1.6912019088961493e+01   9.9985704855530222e-01   9.9859149862445218e-01
 -6.3499999999999996e+00   5.7701708799802087e-01   1.7330509283001163e+00   2.5944069028009094e+00   1.6913047516372274e+01   9.9985201170055349e-01   9.9854699503337163e-01
 -6.3249999999999993e+00   5.7698899583995222e-01   1.7331353062362118e+00   2.5945792087894963e+00   1.6914104371941374e+01   9.9984679693376166e-01   9.9850110006964887e-01
 -6.2999999999999998e+00   5.7696012804253138e-01   1.7332220224519288e+00   2.5947562722376216e+00   1.6915190407852084e+01   9.9984139794270444e-01   9.9845377073602293e-01
 -6.2749999999999995e+00   5.7693046410905702e-01   1.7333111392276388e+00   2.5949382188638008e+00   1.6916306395211162e+01   9.9983580818944062e-01   9.9840496272220591e-01
 -6.2500000000000000e+00   5.7689998302776657e-01   1.7334027204363245e+00   2.5951251775457260e+00   1.6917453124502494e+01   9.9983002090212880e-01   9.9835463036519034e-01
 -6.2249999999999996e+00   5.7686866325946762e-01   1.7334968315833335e+00   2.5953172803961326e+00   1.6918631406052413e+01   9.9982402906654144e-01   9.9830272660834818e-01
 -6.1999999999999993e+00   5.7683648272493027e-01   1.7335935398469917e+00   2.5955146628401287e+00   1.6919842070504014e+01   9.9981782541726794e-01   9.9824920295933262e-01
 -6.1749999999999998e+00   5.7680341879191055e-01   1.7336929141204747e+00   2.5957174636947875e+00   1.6921085969305341e+01   9.9981140242858546e-01   9.9819400944666592e-01
 -6.1499999999999995e+00   5.7676944826192544e-01   1.7337950250545777e+00   2.5959258252502653e+00   1.6922363975206927e+01   9.9980475230499322e-01   9.9813709457504529e-01
 -6.1250000000000000e+00   5.7673454735668139e-01   1.7338999451016937e+00   2.5961398933530417e+00   1.6923676982772374e+01   9.9979786697139428e-01   9.9807840527930380e-01
 -6.0999999999999996e+00   5.7669869170417709e-01   1.7340077485609404e+00   2.5963598174911620e+00   1.6925025908901166e+01   9.9979073806290830e-01   9.9801788687695980e-01
 -6.0749999999999993e+00   5.7666185632449352e-01   1.7341185116244100e+00   2.5965857508813928e+00   1.6926411693363271e+01   9.9978335691430686e-01   9.9795548301936121e-01
 -6.0499999999999998e+00   5.7662401561522159e-01   1.7342323124246963e+00   2.5968178505586050e+00   1.6927835299347368e+01   9.9977571454905090e-01   9.9789113564133491e-01
 -6.0249999999999995e+00   5.7658514333654720e-01   1.7343492310836557e+00   2.5970562774672552e+00   1.6929297714021963e+01   9.9976780166791845e-01   9.9782478490932369e-01
 -6.0000000000000000e+00   5.7654521259597602e-01   1.7344693497624568e+00   2.5973011965550774e+00   1.6930799949110057e+01   9.9975960863720437e-01   9.9775636916794663e-01
 -5.9749999999999996e+00   5.7650419583268619e-01   1.7345927527129765e+00   2.5975527768690574e+00   1.6932343041477807e+01   9.9975112547647804e-01   9.9768582488495705e-01
 -5.9499999999999993e+00   5.7646206480150142e-01   1.7347195263305650e+00   2.5978111916537365e+00   1.6933928053737485e+01   9.9974234184587862e-01   9.9761308659452230e-01
 -5.9249999999999998e+00   5.7641879055646739e-01   1.7348497592082532e+00   2.5980766184519455e+00   1.6935556074865342e+01   9.9973324703293087e-01   9.9753808683878420e-01
 -5.8999999999999995e+00   5.7637434343403660e-01   1.7349835421923936e+00   2.5983492392079430e+00   1.6937228220834218e+01   9.9972382993886522e-01   9.9746075610766782e-01
 -5.8750000000000000e+00   5.7632869303583001e-01   1.7351209684398459e+00   2.5986292403731488e+00   1.6938945635262058e+01   9.9971407906441678e-01   9.9738102277683727e-01
 -5.8499999999999996e+00   5.7628180821097863e-01   1.7352621334767118e+00   2.5989168130144535e+00   1.6940709490076252e+01   9.9970398249508863e-01   9.9729881304379009e-01
 -5.8249999999999993e+00   5.7623365703801965e-01   1.7354071352587106e+00   2.5992121529252583e+00   1.6942520986194712e+01   9.9969352788585375e-01   9.9721405086199721e-01
 -5.7999999999999998e+00   5.7618420680635973e-01   1.7355560742331724e+00   2.5995154607391755e+00   1.6944381354223232e+01   9.9968270244527724e-01   9.9712665787305876e-01
 -5.7749999999999995e+00   5.7613342399726175e-01   1.7357090534027979e+00   2.5998269420466444e+00   1.6946291855170816e+01   9.9967149291902957e-01   9.9703655333676555e-01
 -5.7500000000000000e+00   5.7608127426434708e-01   1.7358661783912261e+00   2.6001468075145251e+00   1.6948253781183169e+01   9.9965988557277519e-01   9.9694365405907082e-01
 -5.7249999999999996e+00   5.7602772241364153e-01   1.7360275575103430e+00   2.6004752730084872e+00   1.6950268456293408e+01   9.9964786617440271e-01   9.9684787431783528e-01
 -5.6999999999999993e+00   5.7597273238307356e-01   1.7361933018296258e+00   2.6008125597187601e+00   1.6952337237193358e+01   9.9963541997557581e-01   9.9674912578632247e-01
 -5.6749999999999998e+00   5.7591626722148537e-01   1.7363635252473619e+00   2.6011588942888704e+00   1.6954461514023169e+01   9.9962253169257465e-01   9.9664731745435042e-01
 -5.6499999999999995e+00   5.7585828906709291e-01   1.7365383445639533e+00   2.6015145089477594e+00   1.6956642711181683e+01   9.9960918548640121e-01   9.9654235554704274e-01
 -5.6250000000000000e+00   5.7579875912540490e-01   1.7367178795573039e+00   2.6018796416452190e+00   1.6958882288157135e+01   9.9959536494211854e-01   9.9643414344110115e-01
 -5.5999999999999996e+00   5.7573763764656294e-01   1.7369022530604219e+00   2.6022545361908795e+00   1.6961181740379637e+01   9.9958105304738842e-01   9.9632258157848941e-01
 -5.5749999999999993e+00   5.7567488390210619e-01   1.7370915910412561e+00   2.6026394423967223e+00   1.6963542600095323e+01   9.9956623217018203e-01   9.9620756737750049e-01
 -5.5499999999999998e+00   5.7561045616112982e-01   1.7372860226848823e+00   2.6030346162233196e+00   1.6965966437263301e+01   9.9955088403562198e-01   9.9608899514106608e-01
 -5.5249999999999995e+00   5.7554431166581477e-01   1.7374856804781385e+00   2.6034403199299194e+00   1.6968454860476225e+01   9.9953498970192800e-01   9.9596675596227979e-01
 -5.5000000000000000e+00   5.7547640660633681e-01   1.7376907002967106e+00   2.6038568222283480e+00   1.6971009517904253e+01   9.9951852953542297e-01   9.9584073762699699e-01
 -5.4749999999999996e+00   5.7540669609508721e-01   1.7379012214949057e+00   2.6042843984411261e+00   1.6973632098264897e+01   9.9950148318456222e-01   9.9571082451343074e-01
 -5.4499999999999993e+00   5.7533513414023185e-01   1.7381173869980633e+00   2.6047233306636501e+00   1.6976324331817757e+01   9.9948382955294901e-01   9.9557689748867295e-01
 -5.4249999999999998e+00   5.7526167361856495e-01   1.7383393433977727e+00   2.6051739079306935e+00   1.6979087991385775e+01   9.9946554677128840e-01   9.9543883380199893e-01
 -5.3999999999999995e+00   5.7518626624762692e-01   1.7385672410500217e+00   2.6056364263874268e+00   1.6981924893404212e+01   9.9944661216824071e-01   9.9529650697489269e-01
 -5.3750000000000000e+00   5.7510886255707838e-01   1.7388012341763417e+00   2.6061111894649964e+00   1.6984836898997560e+01   9.9942700224012371e-01   9.9514978668765142e-01
 -5.3499999999999996e+00   5.7502941185931100e-01   1.7390414809680448e+00   2.6065985080607867e+00   1.6987825915085224e+01   9.9940669261942039e-01   9.9499853866249655e-01
 -5.3249999999999993e+00   5.7494786221924077e-01   1.7392881436937617e+00   2.6070987007236952e+00   1.6990893895517907e+01   9.9938565804203550e-01   9.9484262454302752e-01
 -5.2999999999999998e+00   5.7486416042329258e-01   1.7395413888102975e+00   2.6076120938443701e+00   1.6994042842244443e+01   9.9936387231325652e-01   9.9468190176996607e-01
 -5.2749999999999995e+00   5.7477825194752430e-01   1.7398013870770066e+00   2.6081390218507225e+00   1.6997274806511012e+01   9.9934130827235490e-01   9.9451622345299784e-01
 -5.2500000000000000e+00   5.7469008092487894e-01   1.7400683136737760e+00   2.6086798274087895e+00   1.7000591890093141e+01   9.9931793775577737e-01   9.9434543823864174e-01
 -5.2249999999999996e+00   5.7459959011150485e-01   1.7403423483228440e+00   2.6092348616293131e+00   1.7003996246562771e+01   9.9929373155886247e-01   9.9416939017398187e-01
 -5.1999999999999993e+00   5.7450672085218557e-01   1.7406236754143896e+00   2.6098044842797781e+00   1.7007490082588827e+01   9.9926865939602172e-01   9.9398791856614466e-01
 -5.1749999999999998e+00   5.7441141304472942e-01   1.7409124841364008e+00   2.6103890640028329e+00   1.7011075659276909e+01   9.9924268985931819e-01   9.9380085783737182e-01
 -5.1499999999999995e+00   5.7431360510342100e-01   1.7412089686085748e+00   2.6109889785404636e+00   1.7014755293544290e+01   9.9921579037537345e-01   9.9360803737554348e-01
 -5.1250000000000000e+00   5.7421323392137658e-01   1.7415133280207953e+00   2.6116046149648899e+00   1.7018531359536148e+01   9.9918792716053118e-01   9.9340928138000673e-01
 -5.0999999999999996e+00   5.7411023483187940e-01   1.7418257667760213e+00   2.6122363699157201e+00   1.7022406290080159e+01   9.9915906517420228e-01   9.9320440870255533e-01
 -5.0749999999999993e+00   5.7400454156855341e-01   1.7421464946380916e+00   2.6128846498442271e+00   1.7026382578184815e+01   9.9912916807030949e-01   9.9299323268338135e-01
 -5.0499999999999998e+00   5.7389608622441513e-01   1.7424757268844000e+00   2.6135498712645115e+00   1.7030462778579931e+01   9.9909819814675138e-01   9.9277556098185238e-01
 -5.0249999999999995e+00   5.7378479920973136e-01   1.7428136844637414e+00   2.6142324610119818e+00   1.7034649509302067e+01   9.9906611629279940e-01   9.9255119540194370e-01
 -5.0000000000000000e+00   5.7367060920862800e-01   1.7431605941595796e+00   2.6149328565095002e+00   1.7038945453326974e+01   9.9903288193433026e-01   9.9231993171210164e-01
 -4.9749999999999996e+00   5.7355344313444878e-01   1.7435166887588300e+00   2.6156515060411940e+00   1.7043353360249021e+01   9.9899845297680834e-01   9.9208155945942278e-01
 -4.9499999999999993e+00   5.7343322608375757e-01   1.7438822072265772e+00   2.6163888690345867e+00   1.7047876048011684e+01   9.9896278574590813e-01   9.9183586177788741e-01
 -4.9249999999999998e+00   5.7330988128900473e-01   1.7442573948867652e+00   2.6171454163509229e+00   1.7052516404688291e+01   9.9892583492568066e-01   9.9158261519050972e-01
 -4.8999999999999995e+00   5.7318333006976085e-01   1.7446425036092592e+00   2.6179216305842834e+00   1.7057277390316649e+01   9.9888755349414315e-01   9.9132158940512416e-01
 -4.8750000000000000e+00   5.7305349178246379e-01   1.7450377920035585e+00   2.6187180063698134e+00   1.7062162038789619e+01   9.9884789265618767e-01   9.9105254710366908e-01
 -4.8499999999999996e+00   5.7292028376866466e-01   1.7454435256193213e+00   2.6195350507011628e+00   1.7067173459802149e+01   9.9880680177368009e-01   9.9077524372469639e-01
 -4.8249999999999993e+00   5.7278362130168825e-01   1.7458599771540859e+00   2.6203732832576492e+00   1.7072314840857963e+01   9.9876422829262346e-01   9.9048942723888223e-01
 -4.7999999999999998e+00   5.7264341753164427e-01   1.7462874266685167e+00   2.6212332367415363e+00   1.7077589449338301e+01   9.9872011766725466e-01   9.9019483791731566e-01
 -4.7749999999999995e+00   5.7249958342874840e-01   1.7467261618094383e+00   2.6221154572256808e+00   1.7083000634634235e+01   9.9867441328093232e-01   9.8989120809230546e-01
 -4.7500000000000000e+00   5.7235202772488103e-01   1.7471764780410306e+00   2.6230205045119868e+00   1.7088551830345288e+01   9.9862705636366889e-01   9.8957826191044518e-01
 -4.7249999999999996e+00   5.7220065685331900e-01   1.7476386788845393e+00   2.6239489525010669e+00   1.7094246556546778e+01   9.9857798590615399e-01   9.8925571507768240e-01
 -4.7000000000000002e+00   5.7204537488655249e-01   1.7481130761669370e+00   2.6249013895736493e+00   1.7100088422129236e+01   9.9852713857010211e-01   9.8892327459608242e-01
 -4.6749999999999998e+00   5.7188608347217262e-01   1.7485999902787615e+00   2.6258784189838162e+00   1.7106081127210345e+01   9.9847444859476275e-01   9.8858063849205791e-01
 -4.6499999999999995e+00   5.7172268176665886e-01   1.7490997504418355e+00   2.6268806592651268e+00   1.7112228465625957e+01   9.9841984769940229e-01   9.8822749553568956e-01
 -4.6250000000000000e+00   5.7155506636708986e-01   1.7496126949870039e+00   2.6279087446494729e+00   1.7118534327499177e+01   9.9836326498158046e-01   9.8786352495090202e-01
 -4.5999999999999996e+00   5.7138313124063689e-01   1.7501391716425243e+00   2.6289633254995417e+00   1.7125002701892910e+01   9.9830462681101595e-01   9.8748839611612715e-01
 -4.5750000000000002e+00   5.7120676765175260e-01   1.7506795378336091e+00   2.6300450687554062e+00   1.7131637679549076e+01   9.9824385671883309e-01   9.8710176825512208e-01
 -4.5499999999999998e+00   5.7102586408701372e-01   1.7512341609934827e+00   2.6311546583955137e+00   1.7138443455716121e+01   9.9818087528197808e-01   9.8670329011764724e-01
 -4.5249999999999995e+00   5.7084030617745163e-01   1.7518034188867169e+00   2.6322927959130760e+00   1.7145424333071013e+01   9.9811560000256216e-01   9.8629259964956617e-01
 -4.5000000000000000e+00   5.7064997661835326e-01   1.7523876999451680e+00   2.6334602008079799e+00   1.7152584724736407e+01   9.9804794518190121e-01   9.8586932365207491e-01
 -4.4749999999999996e+00   5.7045475508637389e-01   1.7529874036172908e+00   2.6346576110951840e+00   1.7159929157398953e+01   9.9797782178898586e-01   9.8543307742960717e-01
 -4.4500000000000002e+00   5.7025451815386152e-01   1.7536029407314366e+00   2.6358857838302172e+00   1.7167462274532504e+01   9.9790513732312303e-01   9.8498346442607632e-01
 -4.4249999999999998e+00   5.7004913920034572e-01   1.7542347338736120e+00   2.6371454956520717e+00   1.7175188839727991e+01   9.9782979567045826e-01   9.8452007584899359e-01
 -4.3999999999999995e+00   5.6983848832095618e-01   1.7548832177807536e+00   2.6384375433449270e+00   1.7183113740138804e+01   9.9775169695408383e-01   9.8404249028104951e-01
 -4.3750000000000000e+00   5.6962243223178011e-01   1.7555488397498691e+00   2.6397627444186478e+00   1.7191241990041355e+01   9.9767073737741940e-01   9.8355027327872024e-01
 -4.3499999999999996e+00   5.6940083417194864e-01   1.7562320600640677e+00   2.6411219377093480e+00   1.7199578734518678e+01   9.9758680906053299e-01   9.8304297695742693e-01
 -4.3250000000000002e+00   5.6917355380232837e-01   1.7569333524362867e+00   2.6425159840007768e+00   1.7208129253271757e+01   9.9749979986905057e-01   9.8252013956275208e-01
 -4.2999999999999998e+00   5.6894044710073111e-01   1.7576532044714157e+00   2.6439457666670569e+00   1.7216898964561857e+01   9.9740959323529554e-01   9.8198128502726889e-01
 -4.2749999999999995e+00   5.6870136625344592e-01   1.7583921181478974e+00   2.6454121923379863e+00   1.7225893429291169e+01   9.9731606797125727e-01   9.8142592251239258e-01
 -4.2500000000000000e+00   5.6845615954294582e-01   1.7591506103197601e+00   2.6469161915877990e+00   1.7235118355227428e+01   9.9721909807299147e-01   9.8085354593478702e-01
 -4.2249999999999996e+00   5.6820467123166019e-01   1.7599292132399498e+00   2.6484587196480582e+00   1.7244579601376497e+01   9.9711855251601300e-01   9.8026363347672796e-01
 -4.2000000000000002e+00   5.6794674144159352e-01   1.7607284751062138e+00   2.6500407571460265e+00   1.7254283182511234e+01   9.9701429504122852e-01   9.7965564707986563e-01
 -4.1749999999999998e+00   5.6768220602963559e-01   1.7615489606306163e+00   2.6516633108694632e+00   1.7264235273862454e+01   9.9690618393093100e-01   9.7902903192180746e-01
 -4.1499999999999995e+00   5.6741089645841847e-01   1.7623912516337847e+00   2.6533274145587353e+00   1.7274442215977423e+01   9.9679407177434054e-01   9.7838321587485799e-01
 -4.1250000000000000e+00   5.6713263966245198e-01   1.7632559476654059e+00   2.6550341297278894e+00   1.7284910519755964e+01   9.9667780522216487e-01   9.7771760894633275e-01
 -4.0999999999999996e+00   5.6684725790945145e-01   1.7641436666519796e+00   2.6567845465152100e+00   1.7295646871667461e+01   9.9655722472960695e-01   9.7703160269974876e-01
 -4.0750000000000002e+00   5.6655456865653608e-01   1.7650550455736114e+00   2.6585797845652421e+00   1.7306658139160820e+01   9.9643216428722392e-01   9.7632456965621983e-01
 -4.0499999999999998e+00   5.6625438440117937e-01   1.7659907411710580e+00   2.6604209939430006e+00   1.7317951376271864e+01   9.9630245113900462e-01   9.7559586267534759e-01
 -4.0249999999999995e+00   5.6594651252662331e-01   1.7669514306848173e+00   2.6623093560821376e+00   1.7329533829439008e+01   9.9616790548699796e-01   9.7484481431487846e-01
 -4.0000000000000000e+00   5.6563075514153505e-01   1.7679378126279128e+00   2.6642460847684242e+00   1.7341412943535541e+01   9.9602834018178443e-01   9.7407073616836315e-01
 -3.9749999999999996e+00   5.6530690891368662e-01   1.7689506075940851e+00   2.6662324271598918e+00   1.7353596368126759e+01   9.9588356039804538e-01   9.7327291818004613e-01
 -3.9500000000000002e+00   5.6497476489737120e-01   1.7699905591033822e+00   2.6682696648453916e+00   1.7366091963962745e+01   9.9573336329443718e-01   9.7245062793616521e-01
 -3.9249999999999998e+00   5.6463410835428252e-01   1.7710584344871794e+00   2.6703591149432464e+00   1.7378907809717074e+01   9.9557753765693757e-01   9.7160310993184484e-01
 -3.8999999999999995e+00   5.6428471856760043e-01   1.7721550258146881e+00   2.6725021312415786e+00   1.7392052208981081e+01   9.9541586352477407e-01   9.7072958481269656e-01
 -3.8750000000000000e+00   5.6392636864893775e-01   1.7732811508633888e+00   2.6747001053824162e+00   1.7405533697526749e+01   9.9524811179800332e-01   9.6982924859027031e-01
 -3.8499999999999996e+00   5.6355882533796609e-01   1.7744376541353961e+00   2.6769544680907109e+00   1.7419361050844959e+01   9.9507404382574327e-01   9.6890127183040831e-01
 -3.8250000000000002e+00   5.6318184879411282e-01   1.7756254079232203e+00   2.6792666904519833e+00   1.7433543291982083e+01   9.9489341097401451e-01   9.6794479881360029e-01
 -3.7999999999999998e+00   5.6279519238039066e-01   1.7768453134263889e+00   2.6816382852382241e+00   1.7448089699672522e+01   9.9470595417206986e-01   9.6695894666632531e-01
 -3.7749999999999995e+00   5.6239860243866613e-01   1.7780983019228922e+00   2.6840708082863109e+00   1.7463009816793349e+01   9.9451140343604139e-01   9.6594280446243364e-01
 -3.7500000000000000e+00   5.6199181805612208e-01   1.7793853359981429e+00   2.6865658599304276e+00   1.7478313459150211e+01   9.9430947736864694e-01   9.6489543229350105e-01
 -3.7249999999999996e+00   5.6157457082254081e-01   1.7807074108346741e+00   2.6891250864907970e+00   1.7494010724608589e+01   9.9409988263363847e-01   9.6381586030714750e-01
 -3.7000000000000002e+00   5.6114658457799449e-01   1.7820655555660943e+00   2.6917501818212428e+00   1.7510112002585956e+01   9.9388231340358413e-01   9.6270308771222801e-01
 -3.6749999999999998e+00   5.6070757515050018e-01   1.7834608346990655e+00   2.6944428889183101e+00   1.7526627983921436e+01   9.9365645077949249e-01   9.6155608174978990e-01
 -3.6499999999999995e+00   5.6025725008308858e-01   1.7848943496076055e+00   2.6972050015953148e+00   1.7543569671143782e+01   9.9342196218070589e-01   9.6037377662871326e-01
 -3.6250000000000000e+00   5.5979530835021951e-01   1.7863672401026616e+00   2.7000383662217367e+00   1.7560948389140094e+01   9.9317850070337743e-01   9.5915507242484743e-01
 -3.5999999999999996e+00   5.5932144006177920e-01   1.7878806860855292e+00   2.7029448835387817e+00   1.7578775796291751e+01   9.9292570444576123e-01   9.5789883394252628e-01
 -3.5750000000000002e+00   5.5883532615723264e-01   1.7894359092800842e+00   2.7059265105353285e+00   1.7597063895980710e+01   9.9266319579842133e-01   9.5660388953725628e-01
 -3.5499999999999998e+00   5.5833663808471024e-01   1.7910341750638994e+00   2.7089852624162805e+00   1.7615825048662593e+01   9.9239058069735919e-01   9.5526902989840423e-01
 -3.5249999999999995e+00   5.5782503746874224e-01   1.7926767943900959e+00   2.7121232146405503e+00   1.7635071984366856e+01   9.9210744783792926e-01   9.5389300679067757e-01
 -3.5000000000000000e+00   5.5730017576372137e-01   1.7943651258132209e+00   2.7153425050465785e+00   1.7654817815733875e+01   9.9181336784728391e-01   9.5247453175319430e-01
 -3.4749999999999996e+00   5.5676169389337193e-01   1.7961005776225596e+00   2.7186453360636889e+00   1.7675076051578483e+01   9.9150789241294535e-01   9.5101227475492756e-01
 -3.4500000000000002e+00   5.5620922187503541e-01   1.7978846100913299e+00   2.7220339770165647e+00   1.7695860611024738e+01   9.9119055336495543e-01   9.4950486280532498e-01
 -3.4249999999999998e+00   5.5564237842860831e-01   1.7997187378472879e+00   2.7255107665238700e+00   1.7717185838218068e+01   9.9086086170889298e-01   9.4795087851890791e-01
 -3.3999999999999995e+00   5.5506077056909786e-01   1.8016045323734746e+00   2.7290781149973471e+00   1.7739066517653747e+01   9.9051830660687989e-01   9.4634885863267670e-01
 -3.3750000000000000e+00   5.5446399318217698e-01   1.8035436246469405e+00   2.7327385072451924e+00   1.7761517890144948e+01   9.9016235430351351e-01   9.4469729247516288e-01
 -3.3499999999999996e+00   5.5385162858199632e-01   1.8055377079241586e+00   2.7364945051842584e+00   1.7784555669458296e+01   9.8979244699347213e-01   9.4299462038601511e-01
 -3.3250000000000002e+00   5.5322324605043560e-01   1.8075885406826040e+00   2.7403487506661022e+00   1.7808196059647717e+01   9.8940800162733855e-01   9.4123923208506743e-01
 -3.2999999999999998e+00   5.5257840135689973e-01   1.8096979497288010e+00   2.7443039684223600e+00   1.7832455773120181e+01   9.8900840865195949e-01   9.3942946498985891e-01
 -3.2749999999999995e+00   5.5191663625787790e-01   1.8118678334833873e+00   2.7483629691342539e+00   1.7857352049462811e+01   9.8859303068143312e-01   9.3756360248068049e-01
 -3.2500000000000000e+00   5.5123747797538092e-01   1.8141001654547544e+00   2.7525286526316437e+00   1.7882902675064589e+01   9.8816120109456973e-01   9.3563987211232080e-01
 -3.2249999999999996e+00   5.5054043865316638e-01   1.8163969979142396e+00   2.7568040112283256e+00   1.7909126003573725e+01   9.8771222255439950e-01   9.3365644377175483e-01
 -3.2000000000000002e+00   5.4982501479000367e-01   1.8187604657855245e+00   2.7611921331981537e+00   1.7936040977218813e+01   9.8724536544503105e-01   9.3161142778120087e-01
 -3.1749999999999998e+00   5.4909068664873018e-01   1.8211927907634138e+00   2.7656962063996544e+00   1.7963667149040713e+01   9.8675986622085721e-01   9.2950287294608391e-01
 -3.1499999999999995e+00   5.4833691764025394e-01   1.8236962856768064e+00   2.7703195220543044e+00   1.7992024706067024e+01   9.8625492566279316e-01   9.2732876454765567e-01
 -3.1250000000000000e+00   5.4756315368127029e-01   1.8262733591129976e+00   2.7750654786860380e+00   1.8021134493475422e+01   9.8572970703589280e-01   9.2508702228022310e-01
 -3.0999999999999996e+00   5.4676882252464198e-01   1.8289265203209930e+00   2.7799375862284266e+00   1.8051018039785450e+01   9.8518333414233461e-01   9.2277549813320370e-01
 -3.0750000000000002e+00   5.4595333306126770e-01   1.8316583844131940e+00   2.7849394703067358e+00   1.8081697583122924e+01   9.8461488926338248e-01   9.2039197421848828e-01
 -3.0499999999999998e+00   5.4511607459222045e-01   1.8344716778863293e+00   2.7900748767023367e+00   1.8113196098602838e+01   9.8402341098352875e-01   9.1793416054394761e-01
 -3.0249999999999995e+00   5.4425641606996222e-01   1.8373692444839338e+00   2.7953476760067866e+00   1.8145537326875637e+01   9.8340789188960387e-01   9.1539969273432054e-01
 -3.0000000000000000e+00   5.4337370530734341e-01   1.8403540514246624e+00   2.8007618684735127e+00   1.8178745803885462e+01   9.8276727613717652e-01   9.1278612970112705e-01
 -2.9749999999999996e+00   5.4246726815311308e-01   1.8434291960224720e+00   2.8063215890748956e+00   1.8212846891888294e+01   9.8210045687609748e-01   9.1009095126378903e-01
 -2.9500000000000002e+00   5.4153640763262179e-01   1.8465979127268575e+00   2.8120311127728557e+00   1.8247866811779581e+01   9.8140627352653564e-01   9.0731155572471489e-01
 -2.9249999999999998e+00   5.4058040305237465e-01   1.8498635806135837e+00   2.8178948600111622e+00   1.8283832676781877e+01   9.8068350889631672e-01   9.0444525740174897e-01
 -2.8999999999999995e+00   5.3959850906710405e-01   1.8532297313587291e+00   2.8239174024376346e+00   1.8320772527542513e+01   9.7993088612982837e-01   9.0148928412218743e-01
 -2.8750000000000000e+00   5.3858995470797433e-01   1.8567000577316821e+00   2.8301034688647433e+00   1.8358715368693506e+01   9.7914706547815111e-01   8.9844077468335692e-01
 -2.8499999999999996e+00   5.3755394237059129e-01   1.8602784226454376e+00   2.8364579514767523e+00   1.8397691206923696e+01   9.7833064087947030e-01   8.9529677628577919e-01
 -2.8250000000000002e+00   5.3648964676145883e-01   1.8639688688058380e+00   2.8429859122917294e+00   1.8437731090614108e+01   9.7748013633817554e-01   8.9205424194602834e-01
 -2.7999999999999998e+00   5.3539621380155278e-01   1.8677756290048306e+00   2.8496925898865846e+00   1.8478867151086622e+01   9.7659400209037617e-01   8.8871002789761977e-01
 -2.7749999999999995e+00   5.3427275948574515e-01   1.8717031371064705e+00   2.8565834063929008e+00   1.8521132645513582e+01   9.7567061054287341e-01   8.8526089098972471e-01
 -2.7500000000000000e+00   5.3311836869683960e-01   1.8757560397785786e+00   2.8636639747711627e+00   1.8564562001535016e+01   9.7470825197189359e-01   8.8170348609504967e-01
 -2.7249999999999996e+00   5.3193209397306707e-01   1.8799392090273694e+00   2.8709401063704441e+00   1.8609190863626672e+01   9.7370512996715064e-01   8.7803436354006004e-01
 -2.7000000000000002e+00   5.3071295422798581e-01   1.8842577555972300e+00   2.8784178187800245e+00   1.8655056141258704e+01   9.7265935660603631e-01   8.7424996657273157e-01
 -2.6749999999999998e+00   5.2945993342187558e-01   1.8887170433030602e+00   2.8861033439785233e+00   1.8702196058879164e+01   9.7156894734196331e-01   8.7034662888531555e-01
 -2.6499999999999995e+00   5.2817197918384806e-01   1.8933227043684502e+00   2.8940031367853178e+00   1.8750650207751612e+01   9.7043181559009639e-01   8.6632057221215941e-01
 -2.6250000000000000e+00   5.2684800138411414e-01   1.8980806558492007e+00   2.9021238836176835e+00   1.8800459599667871e+01   9.6924576699292508e-01   8.6216790402552224e-01
 -2.5999999999999996e+00   5.2548687065610156e-01   1.9029971172285249e+00   2.9104725115555272e+00   1.8851666722547478e+01   9.6800849334735894e-01   8.5788461535558058e-01
 -2.5750000000000002e+00   5.2408741686839322e-01   1.9080786292778253e+00   2.9190561977139042e+00   1.8904315597924896e+01   9.6671756617427129e-01   8.5346657876444776e-01
 -2.5499999999999998e+00   5.2264842754682739e-01   1.9133320742850675e+00   2.9278823789212192e+00   1.8958451840311735e+01   9.6537042991070554e-01   8.4890954650812089e-01
 -2.5250000000000004e+00   5.2116864624753967e-01   1.9187646977616333e+00   2.9369587616983321e+00   1.9014122718404543e+01   9.6396439470430428e-01   8.4420914892485366e-01
 -2.5000000000000000e+00   5.1964677088221733e-01   1.9243841317483317e+00   2.9462933325307739e+00   1.9071377218090475e+01   9.6249662878894704e-01   8.3936089309357853e-01
 -2.4749999999999996e+00   5.1808145199746336e-01   1.9301984198517421e+00   2.9558943684224346e+00   1.9130266107179327e+01   9.6096415042010985e-01   8.3436016181171191e-01
 -2.4500000000000002e+00   5.1647129101088529e-01   1.9362160441536018e+00   2.9657704477146858e+00   1.9190842001763706e+01   9.5936381934814308e-01   8.2920221294810270e-01
 -2.4249999999999998e+00   5.1481483840734077e-01   1.9424459541485914e+00   2.9759304611498818e+00   1.9253159434078086e+01   9.5769232780751978e-01   8.2388217923401263e-01
 -2.4000000000000004e+00   5.1311059189980590e-01   1.9488975978793828e+00   2.9863836231518546e+00   1.9317274921688817e+01   9.5594619100019873e-01   8.1839506856297961e-01
 -2.3750000000000000e+00   5.1135699456045824e-01   1.9555809554527741e+00   2.9971394832890970e+00   1.9383247037804686e+01   9.5412173705163184e-01   8.1273576487927957e-01
 -2.3499999999999996e+00   5.0955243292893437e-01   1.9625065751368256e+00   3.0082079378779514e+00   1.9451136482446195e+01   9.5221509641869373e-01   8.0689902974456373e-01
 -2.3250000000000002e+00   5.0769523510630132e-01   1.9696856122563762e+00   3.0195992416734185e+00   1.9521006154152282e+01   9.5022219073000502e-01   8.0087950468318003e-01
 -2.2999999999999998e+00   5.0578366884510961e-01   1.9771298711232972e+00   3.0313240195840070e+00   1.9592921221834484e+01   9.4813872104086039e-01   7.9467171441881179e-01
 -2.2750000000000004e+00   5.0381593964802740e-01   1.9848518502582777e+00   3.0433932783339421e+00   1.9666949196308252e+01   9.4596015548737999e-01   7.8827007112847913e-01
 -2.2500000000000000e+00   5.0179018889002713e-01   1.9928647911829960e+00   3.0558184179809205e+00   1.9743160000938190e+01   9.4368171632771947e-01   7.8166887985476408e-01
 -2.2249999999999996e+00   4.9970449198193567e-01   2.0011827310852950e+00   3.0686112431801513e+00   1.9821626040727182e+01   9.4129836636235298e-01   7.7486234523341224e-01
 -2.2000000000000002e+00   4.9755685659646559e-01   2.0098205596853664e+00   3.0817839740651687e+00   1.9902422269054881e+01   9.3880479473080536e-01   7.6784457971140374e-01
 -2.1749999999999998e+00   4.9534522098163269e-01   2.0187940806581031e+00   3.0953492565926481e+00   1.9985626251128682e+01   9.3619540208894569e-01   7.6060961345016853e-01
 -2.1500000000000004e+00   4.9306745239083871e-01   2.0281200779956010e+00   3.1093201721716475e+00   2.0071318223045591e+01   9.3346428517939017e-01   7.5315140613008980e-01
 -2.1250000000000000e+00   4.9072134566391407e-01   2.0378163877242086e+00   3.1237102463669202e+00   2.0159581145174837e+01   9.3060522081794439e-01   7.4546386089568162e-01
 -2.0999999999999996e+00   4.8830462199917946e-01   2.0479019754223837e+00   3.1385334564305940e+00   2.0250500748354181e+01   9.2761164933176987e-01   7.3754084070604442e-01
 -2.0750000000000002e+00   4.8581492796317366e-01   2.0583970200187083e+00   3.1538042373761028e+00   2.0344165571144949e+01   9.2447665750047914e-01   7.2937618738232035e-01
 -2.0500000000000007e+00   4.8324983479222061e-01   2.0693230043833593e+00   3.1695374862620933e+00   2.0440666986107800e+01   9.2119296107015158e-01   7.2096374367287019e-01
 -2.0250000000000004e+00   4.8060683804862364e-01   2.0807028132604901e+00   3.1857485643011896e+00   2.0540099212737037e+01   9.1775288693289558e-01   7.1229737868768384e-01
 -2.0000000000000000e+00   4.7788335770401630e-01   2.0925608391229309e+00   3.2024532963487546e+00   2.0642559314324878e+01   9.1414835509169634e-01   7.0337101708588590e-01
 -1.9749999999999996e+00   4.7507673873352124e-01   2.1049230965629686e+00   3.2196679672585580e+00   2.0748147175608572e+01   9.1037086056265182e-01   6.9417867243382936e-01
 -1.9499999999999993e+00   4.7218425231690164e-01   2.1178173458628184e+00   3.2374093145153964e+00   2.0856965457581897e+01   9.0641145540514512e-01   6.8471448518571099e-01
 -1.9250000000000007e+00   4.6920309775706170e-01   2.1312732264137093e+00   3.2556945164677837e+00   2.0969119525319179e+01   9.0226073111598748e-01   6.7497276577322785e-01
 -1.9000000000000004e+00   4.6613040524215493e-01   2.1453224006713305e+00   3.2745411753862923e+00   2.1084717344061996e+01   8.9790880167716614e-01   6.6494804332467106e-01
 -1.8750000000000000e+00   4.6296323959538571e-01   2.1599987093445394e+00   3.2939672944637777e+00   2.1203869338147811e+01   8.9334528760971887e-01   6.5463512056581741e-01
 -1.8499999999999996e+00   4.5969860517640265e-01   2.1753383385104343e+00   3.3139912477522060e+00   2.1326688206614577e+01   8.8855930145971695e-01   6.4402913548347651e-01
 -1.8249999999999993e+00   4.5633345212015897e-01   2.1913799993270842e+00   3.3346317418959965e+00   2.1453288688488467e+01   8.8353943522775713e-01   6.3312563035563585e-01
 -1.8000000000000007e+00   4.5286468412325770e-01   2.2081651209698361e+00   3.3559077683737124e+00   2.1583787269853623e+01   8.7827375035218913e-01   6.2192062876724519e-01
 -1.7750000000000004e+00   4.4928916801412100e-01   2.2257380573407688e+00   3.3778385447984980e+00   2.1718301823812677e+01   8.7274977096997619e-01   6.1041072123460816e-01
 -1.7500000000000000e+00   4.4560374537177172e-01   2.2441463079842157e+00   3.4004434436531472e+00   2.1856951173376338e+01   8.6695448130909580e-01   5.9859316005026619e-01
 -1.7249999999999996e+00   4.4180524648830544e-01   2.2634407534734198e+00   3.4237419066499224e+00   2.1999854566181018e+01   8.6087432821394472e-01   5.8646596392919648e-01
 -1.6999999999999993e+00   4.3789050700193916e-01   2.2836759053001612e+00   3.4477533427101301e+00   2.2147131048736593e+01   8.5449522997139016e-01   5.7402803298037264e-01
 -1.6750000000000007e+00   4.3385638756019440e-01   2.3049101699839727e+00   3.4724970073580699e+00   2.2298898726677457e+01   8.4780259279042525e-01   5.6127927443819337e-01
 -1.6500000000000004e+00   4.2969979690540555e-01   2.3272061266999873e+00   3.4979918611238210e+00   2.2455273896262213e+01   8.4078133649268472e-01   5.4822073945774275e-01
 -1.6250000000000000e+00   4.2541771880602119e-01   2.3506308171803547e+00   3.5242564043574807e+00   2.2616370031190712e+01   8.3341593119310242e-01   5.3485477109663804e-01
 -1.5999999999999996e+00   4.2100724328533573e-01   2.3752560459446883e+00   3.5513084856846984e+00   2.2782296607747394e+01   8.2569044698711858e-01   5.2118516336357312e-01
 -1.5749999999999993e+00   4.1646560262186733e-01   2.4011586880272477e+00   3.5791650811948466e+00   2.2953157750430442e+01   8.1758861890819123e-01   5.0721733089709620e-01
 -1.5500000000000007e+00   4.1179021260948018e-01   2.4284210002541915e+00   3.6078420413680434e+00   2.3129050679704001e+01   8.0909392966956162e-01   4.9295848843461887e-01
 -1.5250000000000004e+00   4.0697871956647508e-01   2.4571309307406231e+00   3.6373538027403152e+00   2.3310063943468371e+01   8.0018971294623709e-01   4.7841783872730170e-01
 -1.5000000000000000e+00   4.0202905356602847e-01   2.4873824195786933e+00   3.6677130614095104e+00   2.3496275414476710e+01   7.9085928017135076e-01   4.6360676693743819e-01
 -1.4749999999999996e+00   3.9693948831933834e-01   2.5192756816260586e+00   3.6989304057361929e+00   2.3687750037470174e+01   7.8108607399440289e-01   4.4853903880916712e-01
 -1.4499999999999993e+00   3.9170870806982006e-01   2.5529174598328184e+00   3.7310139060415701e+00   2.3884537312550208e+01   7.7085385164931641e-01   4.3323099902115147e-01
 -1.4250000000000007e+00   3.8633588174279915e-01   2.5884212346233584e+00   3.7639686598031319e+00   2.4086668505591639e+01   7.6014690147192154e-01   4.1770176510720936e-01
 -1.4000000000000004e+00   3.8082074442990094e-01   2.6259073714511727e+00   3.7977962918622041e+00   2.4294153582717065e+01   7.4895029564460824e-01   4.0197341117183816e-01
 -1.3750000000000000e+00   3.7516368605943523e-01   2.6655031847660631e+00   3.8324944105555079e+00   2.4506977874426727e+01   7.3725018187611324e-01   3.8607113434810603e-01
 -1.3499999999999996e+00   3.6936584680156598e-01   2.7073428923092311e+00   3.8680560225382532e+00   2.4725098486358988e+01   7.2503411608339630e-01   3.7002339557849473e-01
 -1.3249999999999993e+00   3.6342921836839076e-01   2.7515674289741558e+00   3.9044689114502331e+00   2.4948440488278258e+01   7.1229143715896159e-01   3.5386202489939678e-01
 -1.3000000000000007e+00   3.5735674988447746e-01   2.7983240846108810e+00   3.9417149885485721e+00   2.5176892931117685e+01   6.9901368350545956e-01   3.3762228005942740e-01
 -1.2750000000000004e+00   3.5115245641694032e-01   2.8477659253866974e+00   3.9797696270279292e+00   2.5410304763967268e+01   6.8519504912629847e-01   3.2134284611540498e-01
 -1.2500000000000000e+00   3.4482152756626572e-01   2.9000509540629711e+00   4.0186009959680877e+00   2.5648480748776521e+01   6.7083287461387853e-01   3.0506576277901321e-01
 -1.2249999999999996e+00   3.3837043274031869e-01   2.9553409613878610e+00   4.0581694146255813e+00   2.5891177499839216e+01   6.5592816533862819e-01   2.8883626592073597e-01
 -1.1999999999999993e+00   3.3180701888865544e-01   3.0138000195094432e+00   4.0984267529707648e+00   2.6138099806929119e+01   6.4048612551772421e-01   2.7270252999743438e-01
 -1.1750000000000007e+00   3.2514059560515085e-01   3.0755925698505981e+00   4.1393159097025523e+00   2.6388897433652541e+01   6.2451669270297916e-01   2.5671529949970118e-01
 -1.1500000000000004e+00   3.1838200167897179e-01   3.1408810633972690e+00   4.1807704040515468e+00   2.6643162613733029e+01   6.0803505273328751e-01   2.4092740005887159e-01
 -1.1250000000000000e+00   3.1154364647677263e-01   3.2098231220855782e+00   4.2227141219583046e+00   2.6900428494171049e+01   5.9106211062235714e-01   2.2539312382254928e-01
 -1.0999999999999996e+00   3.0463951908706388e-01   3.2825682071609590e+00   4.2650612599854636e+00   2.7160168791223541e+01   5.7362488860260852e-01   2.1016748923486483e-01
 -1.0749999999999993e+00   2.9768515808531115e-01   3.3592538050332297e+00   4.3077165107664506e+00   2.7421798927871663e+01   5.5575681916172548e-01   1.9530538244304341e-01
 -1.0500000000000007e+00   2.9069757522894280e-01   3.4400011737711829e+00   4.3505755310295919e+00   2.7684678904492223e+01   5.3749789904581158e-01   1.8086059600195614e-01
 -1.0250000000000004e+00   2.8369512749949588e-01   3.5249107336246972e+00   4.3935257264400738e+00   2.7948118112762373e+01   5.1889467058319128e-01   1.6688478992499911e-01
 -1.0000000000000000e+00   2.7669733377419758e-01   3.6140572312708401e+00   4.4364473760626613e+00   2.8211382232661194e+01   4.9999999999996420e-01   1.5342640972000254e-01
 -9.7499999999999964e-01   2.6972463506504490e-01   3.7074848567645553e+00   4.4792151029586638e+00   2.8473702252519530e+01   4.8087262919221263e-01   1.4052960487742039e-01
 -9.4999999999999929e-01   2.6279810064573855e-01   3.8052025396790694e+00   4.5216996766850190e+00   2.8734285524823669e+01   4.6157648792041411e-01   1.2823319817616718e-01
 -9.2500000000000071e-01   2.5593908630858980e-01   3.9071796903825944e+00   4.5637701094088499e+00   2.8992328622938270e+01   4.4217976736533343e-01   1.1656975991589291e-01
 -9.0000000000000036e-01   2.4916885513573861e-01   4.0133426766167641e+00   4.6052959819441472e+00   2.9247031608078959e+01   4.2275377261816671e-01   1.0556484069090677e-01
 -8.7500000000000000e-01   2.4250817509724898e-01   4.1235723274029290e+00   4.6461499119230609e+00   2.9497613168081415e+01   4.0337158954940866e-01   9.5236410882448053e-02
 -8.4999999999999964e-01   2.3597691099956183e-01   4.2377027301703123e+00   4.6862100566198182e+00   2.9743325968715752e+01   3.8410661867671003e-01   8.5594544546533480e-02
 -8.2499999999999929e-01   2.2959363030488728e-01   4.3555215302447934e+00   4.7253625306958913e+00   2.9983471483162024e+01   3.6503104292403216e-01   7.6641370433789935e-02
 -8.0000000000000071e-01   2.2337524272829834e-01   4.4767718561199121e+00   4.7635036167663340e+00   3.0217413550734285e+01   3.4621430540930787e-01   6.8371294862685117e-02
 -7.7500000000000036e-01   2.1733669208689738e-01   4.6011558858187263e+00   4.8005416554729425e+00   3.0444589969828456e+01   3.2772167598939073e-01   6.0771482042582425e-02
 -7.5000000000000000e-01   2.1149071566925229e-01   4.7283399502221535e+00   4.8363985214152692e+00   3.0664521550688967e+01   3.0961298046836416e-01   5.3822559467075370e-02
 -7.2499999999999964e-01   2.0584768172588558e-01   4.8579609525631540e+00   4.8710106199185343e+00   3.0876818229181914e+01   2.9194155446179387e-01   4.7499501330006688e-02
 -6.9999999999999929e-01   2.0041551009133801e-01   4.9896337840532237e+00   4.9043293739059379e+00   3.1081182053073793e+01   2.7475346630943609e-01   4.1772633221613953e-02
 -6.7500000000000071e-01   1.9519967510696704e-01   5.1229593463821708e+00   4.9363212059713879e+00   3.1277407072072819e+01   2.5808703238646513e-01   3.6608697519285083e-02
 -6.5000000000000036e-01   1.9020328460517591e-01   5.2575327606765603e+00   4.9669670539220379e+00   3.1465376366361902e+01   2.4197262634087735e-01   3.1971920871163739e-02
 -6.2500000000000000e-01   1.8542722431700975e-01   5.3929513515792147e+00   4.9962614850402236e+00   3.1645056613837930e+01   2.2643276376918803e-01   2.7825032129756844e-02
 -5.9999999999999964e-01   1.8087035405682808e-01   5.5288220405971433e+00   5.0242114927656614e+00   3.1816490709444789e+01   2.1148242770464265e-01   2.4130189587927453e-02
 -5.7499999999999929e-01   1.7652974056474846e-01   5.6647678561177912e+00   5.0508350685336332e+00   3.1979789005403717e+01   1.9712958929981733e-01   2.0849788699412786e-02
 -5.5000000000000071e-01   1.7240091186983150e-01   5.8004333570754758e+00   5.0761596416136090e+00   3.2135119741811501e+01   1.8337587261684465e-01   1.7947133987316954e-02
 -5.2500000000000036e-01   1.6847811922196468e-01   5.9354888612124830e+00   5.1002204725245157e+00   3.2282699192496466e+01   1.7021731208097071e-01   1.5386970220445217e-02
 -5.0000000000000000e-01   1.6475459467619685e-01   6.0696334567504255e+00   5.1230590731161243e+00   3.2422781974433775e+01   1.5764515492940623e-01   1.3135877275013308e-02
 -4.7499999999999964e-01   1.6122279492296049e-01   6.2025968503885887e+00   5.1447217110126262e+00   3.2555651874604351e+01   1.4564666763112913e-01   1.1162539970266727e-02
 -4.4999999999999929e-01   1.5787462459922569e-01   6.3341401605138294e+00   5.1652580399119135e+00   3.2681613448802061e+01   1.3420591346500893e-01   9.4379085455384981e-03
 -4.2500000000000071e-01   1.5470163482002322e-01   6.4640558011127673e+00   5.1847198818731339e+00   3.2800984552675814e+01   1.2330447708176207e-01   7.9352675986963384e-03
 -4.0000000000000036e-01   1.5169519485576199e-01   6.5921666203787206e+00   5.2031601743171452e+00   3.2914089883054238e+01   1.1292212006495538e-01   6.6302316642131709e-03
 -3.7500000000000000e-01   1.4884663665205319e-01   6.7183244612884305e+00   5.2206320836000852e+00   3.3021255540962798e+01   1.0303735867265917e-01   5.5006846636747042e-03
 -3.4999999999999964e-01   1.4614737321928245e-01   6.8424083031556098e+00   5.2371882788594002e+00   3.3122804577687681e+01   9.3627960786776099e-02   4.5266786807269810e-03
 -3.2499999999999929e-01   1.4358899283344223e-01   6.9643221271143112e+00   5.2528803542238611e+00   3.3219053450844612e+01   8.4671363546218445e-02   3.6903052937664604e-03
 -3.0000000000000071e-01   1.4116333154313371e-01   7.0839926280320267e+00   5.2677583840848028e+00   3.3310309296591697e+01   7.6145016273639857e-02   2.9755503491204482e-03
 -2.7500000000000036e-01   1.3886252673976901e-01   7.2013668732531340e+00   5.2818705945180673e+00   3.3396867914263865e+01   6.8026655297049016e-02   2.3681407884998951e-03
 -2.5000000000000000e-01   1.3667905459041271e-01   7.3164099868608874e+00   5.2952631336860252e+00   3.3479012358111326e+01   6.0294518332687057e-02   1.8553900894101583e-03
 -2.2499999999999964e-01   1.3460575402100594e-01   7.4291029181705319e+00   5.3079799247341342e+00   3.3557012035026261e+01   5.2927506454036440e-02   1.4260471037704781e-03
 -1.9999999999999929e-01   1.3263583972741003e-01   7.5394403356979218e+00   5.3200625859864346e+00   3.3631122215054113e+01   4.5905301525156296e-02   1.0701516092451735e-03
 -1.7500000000000071e-01   1.3076290642672489e-01   7.6474286732099070e+00   5.3315504048696720e+00   3.3701583871454687e+01   3.9208446495383617e-02   7.7889870981862064e-04
 -1.5000000000000036e-01   1.2898092627443122e-01   7.7530843426594069e+00   5.3424803537555112e+00   3.3768623777871881e+01   3.2818395272904477e-02   5.4451330891025496e-04
 -1.2500000000000000e-01   1.2728424108708580e-01   7.8564321196354250e+00   5.3528871376633882e+00   3.3832454800923763e+01   2.6717538119595746e-02   3.6013519301980601e-04
 -9.9999999999999645e-02   1.2566755074014349e-01   7.9575037001223103e+00   5.3628032654236009e+00   3.3893276336688388e+01   2.0889207710966549e-02   2.1971476747395524e-04
 -7.4999999999999289e-02   1.2412589886524870e-01   8.0563364224705580e+00   5.3722591374043684e+00   3.3951274848786177e+01   1.5317670233935616e-02   1.1791914104142265e-04
 -5.0000000000000711e-02   1.2265465675458112e-01   8.1529721452067925e+00   5.3812831442360904e+00   3.4006624473914847e+01   9.9881051796037162e-03   5.0048029551219564e-05
 -2.5000000000000355e-02   1.2124950619297016e-01   8.2474562692938900e+00   5.3899017721122471e+00   3.4059487667722699e+01   4.8865768457160702e-03   1.1958811752865728e-05
  0.0000000000000000e+00   1.1990642178034021e-01   8.3398368924053692e+00   5.3981397112164045e+00   3.4110015869856262e+01   0.0000000000000000e+00   0.0000000000000000e+00
