# Columns: x, rho, u, p, lamdatime_step 2000
# time   1.0000000000000000e+01
 -1.1074999999999999e+01  -1.1732140711481539e-10  -6.3322026250612048e-11   1.3417274315986183e-10   5.3364023762288071e-15   7.4190556079073686e-14
 -1.1049999999999999e+01  -1.1732140711481539e-10  -6.3322026250612048e-11   1.3417274315986183e-10   5.3364023762288071e-15   7.4190556079073686e-14
 -1.1024999999999999e+01  -1.1732140711481539e-10  -6.3322026250612048e-11   1.3417274315986183e-10   5.3364023762288071e-15   7.4190556079073686e-14
 -1.1000000000000000e+01  -1.1732140711481539e-10  -6.3322026250612048e-11   1.3417274315986183e-10   5.3364023762288071e-15   7.4190556079073686e-14
 -1.0975000000000000e+01  -1.2008284936266790e-10  -5.8145760249522304e-11   1.1658113550380060e-10   5.6121839204264524e-15   7.7810315466199022e-14
 -1.0949999999999999e+01  -1.2136740742558921e-10  -5.4880004577218824e-11   1.1000287486212563e-10   5.8129311742426874e-15   8.0434024882924502e-14
 -1.0924999999999999e+01  -1.2343732501330566e-10  -5.0366672781557557e-11   9.7060190028330515e-11   6.0427647199537265e-15   8.3433521949385044e-14
 -1.0899999999999999e+01  -1.2515472227850758e-10  -4.6648802237560716e-11   8.7235575023740767e-11   6.2786734550603842e-15   8.6503991257937212e-14
 -1.0875000000000000e+01  -1.2707932519004279e-10  -4.2424721092048334e-11   7.5589082535229071e-11   6.5220387603908072e-15   8.9663539224775243e-14
 -1.0850000000000000e+01  -1.2886090689075205e-10  -3.8389927072426422e-11   6.5267827610974242e-11   6.7744816739050966e-15   9.2932834627372857e-14
 -1.0824999999999999e+01  -1.3071647429202173e-10  -3.4170463502214262e-11   5.4321517953394864e-11   7.0355467617492236e-15   9.6305255374266964e-14
 -1.0799999999999999e+01  -1.3252953122109543e-10  -3.0005335751395407e-11   4.3791252711149484e-11   7.3057451625208840e-15   9.9786906351293681e-14
 -1.0774999999999999e+01  -1.3436371462052487e-10  -2.5749845288876262e-11   3.3108892902011270e-11   7.5853366313135379e-15   1.0338052861916367e-13
 -1.0750000000000000e+01  -1.3617704729998963e-10  -2.1480404970370850e-11   2.2646680474766032e-11   7.8746297356723658e-15   1.0708948372750145e-13
 -1.0725000000000000e+01  -1.3799300424340654e-10  -1.7153280213133890e-11   1.2194848763723655e-11   8.1739477875883377e-15   1.1091729276267859e-13
 -1.0699999999999999e+01  -1.3979781132358735e-10  -1.2795897072116183e-11   1.8747094217404135e-12   8.4836194445553646e-15   1.1486751328790634e-13
 -1.0674999999999999e+01  -1.4159814699862316e-10  -8.3921517151890855e-12  -8.3742747023532560e-12   8.8039866099531112e-15   1.1894384204492418e-13
 -1.0649999999999999e+01  -1.4338843887654236e-10  -3.9504386461912375e-12  -1.8503741131803788e-11   9.1354021365593000e-15   1.2315008288149330e-13
 -1.0625000000000000e+01  -1.4517048758664247e-10   5.3450413387342831e-13  -2.8530918092000754e-11   9.4782308911355834e-15   1.2749015933734812e-13
 -1.0600000000000000e+01  -1.4694194514492720e-10   5.0597470586188553e-12  -3.8436167291039675e-11   9.8328501272805823e-15   1.3196811784522048e-13
 -1.0574999999999999e+01  -1.4870278231212474e-10   9.6272635269448627e-12  -4.8220495767676371e-11   1.0199649938213880e-14   1.3658813197050174e-13
 -1.0549999999999999e+01  -1.5045155297300529e-10   1.4236308121333588e-11  -5.7872334788540363e-11   1.0579033739680150e-14   1.4135450695200086e-13
 -1.0524999999999999e+01  -1.5218762624706296e-10   1.8887706570623847e-11  -6.7387388470395827e-11   1.0971418773793807e-14   1.4627168444191442e-13
 -1.0500000000000000e+01  -1.5390989666870863e-10   2.3581360446146104e-11  -7.6757162766852448e-11   1.1377236627101941e-14   1.5134424734392810e-13
 -1.0475000000000000e+01  -1.5561751324688816e-10   2.8317731848567614e-11  -8.5975447726480845e-11   1.1796933775494726e-14   1.5657692491555202e-13
 -1.0449999999999999e+01  -1.5730945338985093e-10   3.3096990252270411e-11  -9.5034527468884632e-11   1.2230972146178907e-14   1.6197459799917447e-13
 -1.0424999999999999e+01  -1.5898477540824186e-10   3.7919497094608760e-11  -1.0392742452123517e-10   1.2679829705404444e-14   1.6754230449336510e-13
 -1.0399999999999999e+01  -1.6064247424055893e-10   4.2785521618627831e-11  -1.1264661570921709e-10   1.3144001068174030e-14   1.7328524500915617e-13
 -1.0375000000000000e+01  -1.6228156410568874e-10   4.7695408412506828e-11  -1.2118476601861817e-10   1.3623998133316725e-14   1.7920878875134686e-13
 -1.0350000000000000e+01  -1.6390103026102991e-10   5.2649481882541386e-11  -1.2953429842972811e-10   1.4120350743301663e-14   1.8531847961128000e-13
 -1.0324999999999999e+01  -1.6549985764365215e-10   5.7648101195546497e-11  -1.3768764742890993e-10   1.4633607370698393e-14   1.9162004249096441e-13
 -1.0299999999999999e+01  -1.6707701491643798e-10   6.2691628100687683e-11  -1.4563711592961320e-10   1.5164335831698937e-14   1.9811938985839133e-13
 -1.0274999999999999e+01  -1.6863146407174878e-10   6.7780445814511013e-11  -1.5337495945025698e-10   1.5713124028001545e-14   2.0482262854538249e-13
 -1.0250000000000000e+01  -1.7016215522165488e-10   7.2914948332533699e-11  -1.6089333854268562e-10   1.6280580717878530e-14   2.1173606679275218e-13
 -1.0225000000000000e+01  -1.7166803007913588e-10   7.8095546673572095e-11  -1.6818434849045913e-10   1.6867336317590025e-14   2.1886622155180017e-13
 -1.0199999999999999e+01  -1.7314802044178562e-10   8.3322665246693548e-11  -1.7524000455045968e-10   1.7474043734152450e-14   2.2621982604887529e-13
 -1.0174999999999999e+01  -1.7460104956733141e-10   8.8596743955928493e-11  -1.8205225289652416e-10   1.8101379230599590e-14   2.3380383762119026e-13
 -1.0149999999999999e+01  -1.7602603188598377e-10   9.3918236964627955e-11  -1.8861296676011782e-10   1.8750043324840385e-14   2.4162544583135641e-13
 -1.0125000000000000e+01  -1.7742187370312832e-10   9.9287613348754855e-11  -1.9491395136630875e-10   1.9420761723285870e-14   2.4969208086872306e-13
 -1.0100000000000000e+01  -1.7878747335284365e-10   1.0470535661416202e-10  -2.0094694397583261e-10   2.0114286290425687e-14   2.5801142224543090e-13
 -1.0074999999999999e+01  -1.8012172168959452e-10   1.1017196483809822e-10  -2.0670361692554266e-10   2.0831396055570586e-14   2.6659140779527121e-13
 -1.0049999999999999e+01  -1.8142350240461503e-10   1.1568795041394542e-10  -2.1217557910229251e-10   2.1572898258005869e-14   2.7544024298350935e-13
 -1.0024999999999999e+01  -1.8269169246601547e-10   1.2125383998665738e-10  -2.1735437851084055e-10   2.2339629431830256e-14   2.8456641053592226e-13
 -1.0000000000000000e+01  -1.8392516250977119e-10   1.2687017423744179e-10  -2.2223150440012355e-10   2.3132456531781544e-14   2.9397868039532979e-13
 -9.9749999999999996e+00  -1.8512277728146366e-10   1.3253750771524741e-10  -2.2679838983739640e-10   2.3952278101384771e-14   3.0368612001402944e-13
 -9.9499999999999993e+00  -1.8628339607101707e-10   1.3825640859992028e-10  -2.3104641421803499e-10   2.4800025484783597e-14   3.1369810499053884e-13
 -9.9249999999999989e+00  -1.8740587317410784e-10   1.4402745846261305e-10  -2.3496690601189638e-10   2.5676664083647884e-14   3.2402433005913926e-13
 -9.8999999999999986e+00  -1.8848905836088554e-10   1.4985125198459762e-10  -2.3855114557547452e-10   2.6583194660579098e-14   3.3467482044073756e-13
 -9.8750000000000000e+00  -1.8953179736324389e-10   1.5572839665629331e-10  -2.4179036813123040e-10   2.7520654690465077e-14   3.4565994356360616e-13
 -9.8499999999999996e+00  -1.9053293237413935e-10   1.6165951244325749e-10  -2.4467576685769544e-10   2.8490119761265678e-14   3.5699042116258309e-13
 -9.8249999999999993e+00  -1.9149130256270248e-10   1.6764523142622337e-10  -2.4719849612509333e-10   2.9492705025739996e-14   3.6867734176533621e-13
 -9.7999999999999989e+00  -1.9240574460290887e-10   1.7368619741058792e-10  -2.4934967485805635e-10   3.0529566705654576e-14   3.8073217357428669e-13
 -9.7749999999999986e+00  -1.9327509321697827e-10   1.7978306550762668e-10  -2.5112039003727001e-10   3.1601903650043301e-14   3.9316677775281173e-13
 -9.7500000000000000e+00  -1.9409818173264802e-10   1.8593650168583959e-10  -2.5250170033388787e-10   3.2710958949116078e-14   4.0599342212430264e-13
 -9.7249999999999996e+00  -1.9487384265458258e-10   1.9214718229318224e-10  -2.5348463988047072e-10   3.3858021605444885e-14   4.1922479529266059e-13
 -9.6999999999999993e+00  -1.9560090824947243e-10   1.9841579354969827e-10  -2.5406022217591514e-10   3.5044428264082465e-14   4.3287402119275553e-13
 -9.6749999999999989e+00  -1.9627821114472140e-10   2.0474303101091507e-10  -2.5421944412488483e-10   3.6271565003297996e-14   4.4695467407933819e-13
 -9.6499999999999986e+00  -1.9690458494035176e-10   2.1112959900201463e-10  -2.5395329020986447e-10   3.7540869187642259e-14   4.6148079396284070e-13
 -9.6250000000000000e+00  -1.9747886483383987e-10   2.1757621002314013e-10  -2.5325273679467563e-10   3.8853831385083093e-14   4.7646690250043665e-13
 -9.5999999999999996e+00  -1.9799988825746989e-10   2.2408358412614922e-10  -2.5210875655718540e-10   4.0211997349975320e-14   4.9192801935060913e-13
 -9.5749999999999993e+00  -1.9846649552778496e-10   2.3065244826331696e-10  -2.5051232304883734e-10   4.1616970073662979e-14   5.0787967899946033e-13
 -9.5499999999999989e+00  -1.9887753050663672e-10   2.3728353560855084e-10  -2.4845441537791988e-10   4.3070411904531127e-14   5.2433794806680388e-13
 -9.5249999999999986e+00  -1.9923184127329062e-10   2.4397758485182183e-10  -2.4592602301310102e-10   4.4574046739353973e-14   5.4131944310001400e-13
 -9.5000000000000000e+00  -1.9952828080697985e-10   2.5073533946761919e-10  -2.4291815070314344e-10   4.6129662287809880e-14   5.5884134886343984e-13
 -9.4749999999999996e+00  -1.9976570767924425e-10   2.5755754695836764e-10  -2.3942182350820060e-10   4.7739112412058145e-14   5.7692143713105993e-13
 -9.4499999999999993e+00  -1.9994298675532461e-10   2.6444495807386811e-10  -2.3542809193749404e-10   4.9404319543297746e-14   5.9557808598988433e-13
 -9.4249999999999989e+00  -2.0005898990382333e-10   2.7139832600795654e-10  -2.3092803718760551e-10   5.1127277177250713e-14   6.1483029966144088e-13
 -9.3999999999999986e+00  -2.0011259671377492e-10   2.7841840557370371e-10  -2.2591277647499694e-10   5.2910052450528783e-14   6.3469772884840399e-13
 -9.3750000000000000e+00  -2.0010269521820355e-10   2.8550595235861921e-10  -2.2037346845576478e-10   5.4754788799877123e-14   6.5520069161337347e-13
 -9.3499999999999996e+00  -2.0002818262317903e-10   2.9266172186145728e-10  -2.1430131872501295e-10   5.6663708706293179e-14   6.7636019479639566e-13
 -9.3249999999999993e+00  -1.9988796604131557e-10   2.9988646861236293e-10  -2.0768758538760019e-10   5.8639116526052764e-14   6.9819795597773654e-13
 -9.2999999999999989e+00  -1.9968096322859001e-10   3.0718094527823304e-10  -2.0052358469139191e-10   6.0683401410680697e-14   7.2073642599200420e-13
 -9.2749999999999986e+00  -1.9940610332328885e-10   3.1454590175530890e-10  -1.9280069671351417e-10   6.2799040317930714e-14   7.4399881199954602e-13
 -9.2500000000000000e+00  -1.9906232758582744e-10   3.2198208425115194e-10  -1.8451037108948725e-10   6.4988601115853692e-14   7.6800910112072922e-13
 -9.2249999999999996e+00  -1.9864859013812100e-10   3.2949023435829115e-10  -1.7564413277450452e-10   6.7254745782038522e-14   7.9279208463828001e-13
 -9.1999999999999993e+00  -1.9816385870112049e-10   3.3707108812196082e-10  -1.6619358782552217e-10   6.9600233700141888e-14   8.1837338277272158e-13
 -9.1749999999999989e+00  -1.9760711532907008e-10   3.4472537510447770e-10  -1.5615042919225097e-10   7.2027925055814394e-14   8.4477947003535815e-13
 -9.1499999999999986e+00  -1.9697735713898115e-10   3.5245381744892760e-10  -1.4550644250458423e-10   7.4540784334160471e-14   8.7203770116309164e-13
 -9.1250000000000000e+00  -1.9627359703376550e-10   3.6025712894494559e-10  -1.3425351184347177e-10   7.7141883920864921e-14   9.0017633763878470e-13
 -9.0999999999999996e+00  -1.9549486441741879e-10   3.6813601409948591e-10  -1.2238362548176562e-10   7.9834407809135748e-14   9.2922457480058562e-13
 -9.0749999999999993e+00  -1.9464020590060036e-10   3.7609116721557169e-10  -1.0988888158111006e-10   8.2621655414614416e-14   9.5921256954312058e-13
 -9.0499999999999989e+00  -1.9370868599491563e-10   3.8412327148210345e-10  -9.6761493830555070e-11   8.5507045500404691e-14   9.9017146861295080e-13
 -9.0249999999999986e+00  -1.9269938779417223e-10   3.9223299807788509e-10  -8.2993797012227439e-11   8.8494120214391076e-14   1.0221334375003956e-12
 -9.0000000000000000e+00  -1.9161141364085635e-10   4.0042100529308434e-10  -6.8578252479109819e-11   9.1586549240998118e-14   1.0551316899290839e-12
 -8.9749999999999996e+00  -1.9044388577605227e-10   4.0868793767139294e-10  -5.3507453529755649e-11   9.4788134069552314e-14   1.0892005179442065e-12
 -8.9499999999999993e+00  -1.8919594697102208e-10   4.1703442517618603e-10  -3.7774130664627223e-11   9.8102812381404496e-14   1.1243753225998587e-12
 -8.9249999999999989e+00  -1.8786676113865507e-10   4.2546108238399026e-10  -2.1371156708675805e-11   1.0153466255795740e-13   1.1606926452452167e-12
 -8.8999999999999986e+00  -1.8645551392300691e-10   4.3396850770856850e-10  -4.2915517847995607e-12   1.0508790831175149e-13   1.1981901994088448e-12
 -8.8750000000000000e+00  -1.8496141326516591e-10   4.4255728265890342e-10   1.3471511877068188e-11   1.0876692344273549e-13   1.2369069032796442e-12
 -8.8499999999999996e+00  -1.8338368994371149e-10   4.5122797113431376e-10   3.1924705310288980e-11   1.1257623672184483e-13   1.2768829127823693e-12
 -8.8249999999999993e+00  -1.8172159808806938e-10   4.5998111875987146e-10   5.1074538376008286e-11   1.1652053690399574e-13   1.3181596552449827e-12
 -8.7999999999999989e+00  -1.7997441566312164e-10   4.6881725226519274e-10   7.0927355536130147e-11   1.2060467787258439e-13   1.3607798636543813e-12
 -8.7749999999999986e+00  -1.7814144492349160e-10   4.7773687890956275e-10   9.1489331848583724e-11   1.2483368391756192e-13   1.4047876114963207e-12
 -8.7500000000000000e+00  -1.7622201283600204e-10   4.8674048595620859e-10   1.1276646919806129e-10   1.2921275514913429e-13   1.4502283481746323e-12
 -8.7249999999999996e+00  -1.7421547146889330e-10   4.9582854019837191e-10   1.3476459277465100e-10   1.3374727304910316e-13   1.4971489350039473e-12
 -8.6999999999999993e+00  -1.7212119834649180e-10   5.0500148753963971e-10   1.5748934781192909e-10   1.3844280616185669e-13   1.5455976817695707e-12
 -8.6749999999999989e+00  -1.6993859676813346e-10   5.1425975263077118e-10   1.8094619659510618e-10   1.4330511592695483e-13   1.5956243838469700e-12
 -8.6499999999999986e+00  -1.6766709609027674e-10   5.2360373856501736e-10   2.0514041574871580e-10   1.4834016265525289e-13   1.6472803598728393e-12
 -8.6250000000000000e+00  -1.6530615197087960e-10   5.3303382663366439e-10   2.3007709381213432e-10   1.5355411165045321e-13   1.7006184899586235e-12
 -8.5999999999999996e+00  -1.6285524657526966e-10   5.4255037614323016e-10   2.5576112910990974e-10   1.5895333947793645e-13   1.7556932544365336e-12
 -8.5749999999999993e+00  -1.6031388874290097e-10   5.5215372429543749e-10   2.8219722792245140e-10   1.6454444038267085e-13   1.8125607731270322e-12
 -8.5499999999999989e+00  -1.5768161411456667e-10   5.6184418613074124e-10   3.0938990296111761e-10   1.7033423285797356e-13   1.8712788451160424e-12
 -8.5249999999999986e+00  -1.5495798521982603e-10   5.7162205453583431e-10   3.3734347215012427e-10   1.7632976636683524e-13   1.9319069890290323e-12
 -8.5000000000000000e+00  -1.5214259152459772e-10   5.8148760031517369e-10   3.6606205771600311e-10   1.8253832821745093e-13   1.9945064837879722e-12
 -8.4749999999999996e+00  -1.4923504943907776e-10   5.9144107232618324e-10   3.9554958558357283e-10   1.8896745059456658e-13   2.0591404098363555e-12
 -8.4499999999999993e+00  -1.4623500228634827e-10   6.0148269767737311e-10   4.2580978507556308e-10   1.9562491774818902e-13   2.1258736908164270e-12
 -8.4249999999999989e+00  -1.4314212023226466e-10   6.1161268198820653e-10   4.5684618891114381e-10   2.0251877334109971e-13   2.1947731356812343e-12
 -8.3999999999999986e+00  -1.3995610017742391e-10   6.2183120970911297e-10   4.8866213349670526e-10   2.0965732795661882e-13   2.2659074812237790e-12
 -8.3750000000000000e+00  -1.3667666561224313e-10   6.3213844449962237e-10   5.2126075950030825e-10   2.1704916676792674e-13   2.3393474350037134e-12
 -8.3499999999999996e+00  -1.3330356643639847e-10   6.4253452966215873e-10   5.5464501269927671e-10   2.2470315737020495e-13   2.4151657186512160e-12
 -8.3249999999999993e+00  -1.2983657874409778e-10   6.5301958862861056e-10   5.8881764508848712e-10   2.3262845777677291e-13   2.4934371115264289e-12
 -8.2999999999999989e+00  -1.2627550457687601e-10   6.6359372549636795e-10   6.2378121623502421e-10   2.4083452458032502e-13   2.5742384947117609e-12
 -8.2749999999999986e+00  -1.2262017164581523e-10   6.7425702561011300e-10   6.5953809486302631e-10   2.4933112128026128e-13   2.6576488953129316e-12
 -8.2500000000000000e+00  -1.1887043302529705e-10   6.8500955618525126e-10   6.9609046065076584e-10   2.5812832677703490e-13   2.7437495310435763e-12
 -8.2249999999999996e+00  -1.1502616682058823e-10   6.9585136696850169e-10   7.3344030622033285e-10   2.6723654403434536e-13   2.8326238550670191e-12
 -8.1999999999999993e+00  -1.1108727581174166e-10   7.0678249093080602e-10   7.7158943929871401e-10   2.7666650890988249e-13   2.9243576010673139e-12
 -8.1749999999999989e+00  -1.0705368707646592e-10   7.1780294498739804e-10   8.1053948502759201e-10   2.8642929915527353e-13   3.0190388285208052e-12
 -8.1499999999999986e+00  -1.0292535159476811e-10   7.2891273073958547e-10   8.5029188839787596e-10   2.9653634358572056e-13   3.1167579681376916e-12
 -8.1250000000000000e+00  -9.8702243838306969e-11   7.4011183523253375e-10   8.9084791678384208e-10   3.0699943141974947e-13   3.2176078674421069e-12
 -8.0999999999999996e+00  -9.4384361347510523e-11   7.5140023172312527e-10   9.3220866255076037e-10   3.1783072178938159e-13   3.3216838364580124e-12
 -8.0749999999999993e+00  -8.9971724299604482e-11   7.6277788045179798e-10   9.7437504570910063e-10   3.2904275342088206e-13   3.4290836934664520e-12
 -8.0499999999999989e+00  -8.5464375070767867e-11   7.7424472941212903e-10   1.0173478165878330e-09   3.4064845448617799e-13   3.5399078107989992e-12
 -8.0249999999999986e+00  -8.0862377795678849e-11   7.8580071511185229e-10   1.0611275584989570e-09   3.5266115262486304e-13   3.6542591606303490e-12
 -8.0000000000000000e+00  -7.6165817927735560e-11   7.9744576331896119e-10   1.1057146903652287e-09   3.6509458513664274e-13   3.7722433607323344e-12
 -7.9749999999999996e+00  -7.1374801803231931e-11   8.0917978978656971e-10   1.1511094692831523e-09   3.7796290934387011e-13   3.8939687201495711e-12
 -7.9499999999999993e+00  -6.6489456212737713e-11   8.2100270095026859e-10   1.1973119929935855e-09   3.9128071312377479e-13   4.0195462847564403e-12
 -7.9249999999999989e+00  -6.1509927982874699e-11   8.3291439459183549e-10   1.2443222022328669e-09   4.0506302560981182e-13   4.1490898826533969e-12
 -7.8999999999999995e+00  -5.6436383571598457e-11   8.4491476046333140e-10   1.2921398829381436e-09   4.1932532806140960e-13   4.2827161693592142e-12
 -7.8750000000000000e+00  -5.1269008679987064e-11   8.5700368086583765e-10   1.3407646682815422e-09   4.3408356490132495e-13   4.4205446727550709e-12
 -7.8499999999999996e+00  -4.6008007883403198e-11   8.6918103117735752e-10   1.3901960405090903e-09   4.4935415491960502e-13   4.5626978377345214e-12
 -7.8249999999999993e+00  -4.0653604284740734e-11   8.8144668032472607e-10   1.4404333325616879e-09   4.6515400264306327e-13   4.7093010705125916e-12
 -7.7999999999999989e+00  -3.5206039192285689e-11   8.9380049119473270e-10   1.4914757294570592e-09   4.8150050986906069e-13   4.8604827825462281e-12
 -7.7749999999999995e+00  -2.9665571824523116e-11   9.0624232098006195e-10   1.5433222694134305e-09   4.9841158736215992e-13   5.0163744340164465e-12
 -7.7500000000000000e+00  -2.4032479044002573e-11   9.1877202145609960e-10   1.5959718446976184e-09   5.1590566671218512e-13   5.1771105768222913e-12
 -7.7249999999999996e+00  -1.8307055122140377e-11   9.3138943918511544e-10   1.6494232021823470e-09   5.3400171235204132e-13   5.3428288970353006e-12
 -7.6999999999999993e+00  -1.2489611536589274e-11   9.4409441564483538e-10   1.7036749435998280e-09   5.5271923373347696e-13   5.5136702567618546e-12
 -7.6749999999999989e+00  -6.5804768025470075e-12   9.5688678727893143e-10   1.7587255254809609e-09   5.7207829765890433e-13   5.6897787353603185e-12
 -7.6499999999999995e+00  -5.7999633910881071e-13   9.6976638546748854e-10   1.8145732587719051e-09   5.9209954076722257e-13   5.8713016699587276e-12
 -7.6250000000000000e+00   5.5114676285028001e-12   9.8273303641605561e-10   1.8712163081222061e-09   6.1280418217144847e-13   6.0583896952177117e-12
 -7.5999999999999996e+00   1.1693536130272283e-11   9.9578656096242724e-10   1.9286526908411179e-09   6.3421403624591774e-13   6.2511967822833653e-12
 -7.5749999999999993e+00   1.7965813476001265e-11   1.0089267743008524e-09   1.9868802755211984e-09   6.5635152556055118e-13   6.4498802768726890e-12
 -7.5499999999999989e+00   2.4327887243175283e-11   1.0221534856239022e-09   2.0458967803306339e-09   6.7923969395971176e-13   6.6546009364349214e-12
 -7.5249999999999995e+00   3.0779328228329504e-11   1.0354664976827355e-09   2.1056997709781174e-09   7.0290221978297827e-13   6.8655229663307450e-12
 -7.5000000000000000e+00   3.7319690362404049e-11   1.0488656062670174e-09   2.1662866583562953e-09   7.2736342922510417e-13   7.0828140549711960e-12
 -7.4749999999999996e+00   4.3948510590818147e-11   1.0623505996062088e-09   2.2276546958719594e-09   7.5264830983227362e-13   7.3066454078572908e-12
 -7.4499999999999993e+00   5.0665308719212834e-11   1.0759212576943848e-09   2.2898009764731119e-09   7.7878252413175448e-13   7.5371917804617095e-12
 -7.4249999999999989e+00   5.7469587226015790e-11   1.0895773515411542e-09   2.3527224293848481e-09   8.0579242339191144e-13   7.7746315098932845e-12
 -7.3999999999999995e+00   6.4360831043164617e-11   1.1033186423516073e-09   2.4164158165676618e-09   8.3370506150946532e-13   8.0191465452847735e-12
 -7.3750000000000000e+00   7.1338507306486399e-11   1.1171448806385489e-09   2.4808777289131788e-09   8.6254820902089922e-13   8.2709224768452262e-12
 -7.3499999999999996e+00   7.8402065077369814e-11   1.1310558052705458e-09   2.5461045821935918e-09   8.9235036723474410e-13   8.5301485635173271e-12
 -7.3249999999999993e+00   8.5550935037480867e-11   1.1450511424595488e-09   2.6120926127820678e-09   9.2314078248155307e-13   8.7970177591813174e-12
 -7.2999999999999998e+00   9.2784529158360793e-11   1.1591306046920262e-09   2.6788378731621895e-09   9.5494946047831119e-13   9.0717267373472893e-12
 -7.2749999999999995e+00   1.0010224034781038e-10   1.1732938896076736e-09   2.7463362272450661e-09   9.8780718080397355e-13   9.3544759142777085e-12
 -7.2500000000000000e+00   1.0750344207500334e-10   1.1875406788298471e-09   2.8145833455131067e-09   1.0217455114829259e-12   9.6454694704835872e-12
 -7.2249999999999996e+00   1.1498748797628789e-10   1.2018706367518936e-09   2.8835747000095499e-09   1.0567968236731396e-12   9.9449153705381956e-12
 -7.1999999999999993e+00   1.2255371144362436e-10   1.2162834092835406e-09   2.9533055591927897e-09   1.0929943064558588e-12   1.0253025381153393e-11
 -7.1749999999999998e+00   1.3020142519757823e-10   1.2307786225614473e-09   3.0237709826742315e-09   1.1303719817237084e-12   1.0570015087464735e-11
 -7.1499999999999995e+00   1.3792992084673701e-10   1.2453558816279202e-09   3.0949658158579668e-09   1.1689647191642684e-12   1.0896103907473503e-11
 -7.1250000000000000e+00   1.4573846843535079e-10   1.2600147690816540e-09   3.1668846844999245e-09   1.2088082513362188e-12   1.1231515104594974e-11
 -7.0999999999999996e+00   1.5362631598090793e-10   1.2747548437041986e-09   3.2395219892033539e-09   1.2499391888353566e-12   1.1576475798264486e-11
 -7.0749999999999993e+00   1.6159268900326028e-10   1.2895756390656476e-09   3.3128718998666446e-09   1.2923950355479479e-12   1.1931216972554819e-11
 -7.0499999999999998e+00   1.6963679004680296e-10   1.3044766621128290e-09   3.3869283500984344e-09   1.3362142039891203e-12   1.2295973482761051e-11
 -7.0249999999999995e+00   1.7775779819709155e-10   1.3194573917430442e-09   3.4616850316139177e-09   1.3814360307241982e-12   1.2670984059911193e-11
 -7.0000000000000000e+00   1.8595486859315631e-10   1.3345172773661495e-09   3.5371353886250926e-09   1.4281007918712297e-12   1.3056491313164386e-11
 -6.9749999999999996e+00   1.9422713193664607e-10   1.3496557374575269e-09   3.6132726122365608e-09   1.4762497186832948e-12   1.3452741730061592e-11
 -6.9499999999999993e+00   2.0257369399880636e-10   1.3648721581042300e-09   3.6900896348573194e-09   1.5259250132094230e-12   1.3859985674596229e-11
 -6.9249999999999998e+00   2.1099363512617017e-10   1.3801658915463456e-09   3.7675791246378319e-09   1.5771698640335851e-12   1.4278477383077724e-11
 -6.8999999999999995e+00   2.1948600974572108e-10   1.3955362547153768e-09   3.8457334799405711e-09   1.6300284620914673e-12   1.4708474957763213e-11
 -6.8750000000000000e+00   2.2804984587017618e-10   1.4109825277712161e-09   3.9245448238512021e-09   1.6845460165654304e-12   1.5150240358238579e-11
 -6.8499999999999996e+00   2.3668414460393301e-10   1.4265039526390831e-09   4.0040049987366088e-09   1.7407687708585009e-12   1.5604039390533598e-11
 -6.8249999999999993e+00   2.4538787965013029e-10   1.4420997315476056e-09   4.0841055608551004e-09   1.7987440186489672e-12   1.6070141693962031e-11
 -6.7999999999999998e+00   2.5415999681919636e-10   1.4577690255690712e-09   4.1648377750233922e-09   1.8585201200278090e-12   1.6548820725682570e-11
 -6.7749999999999995e+00   2.6299941353919087e-10   1.4735109531627421e-09   4.2461926093443391e-09   1.9201465177219093e-12   1.7040353742982215e-11
 -6.7500000000000000e+00   2.7190501836819257e-10   1.4893245887220051e-09   4.3281607299988438e-09   1.9836737534069060e-12   1.7545021783290469e-11
 -6.7249999999999996e+00   2.8087567050894899e-10   1.5052089611260723e-09   4.4107324961050361e-09   2.0491534841144289e-12   1.8063109641939497e-11
 -6.6999999999999993e+00   2.8991019932598671e-10   1.5211630522968827e-09   4.4938979546475359e-09   2.1166384987393966e-12   1.8594905847691769e-11
 -6.6749999999999998e+00   2.9900740386536380e-10   1.5371857957618351e-09   4.5776468354794859e-09   2.1861827346541274e-12   1.9140702636064952e-11
 -6.6499999999999995e+00   3.0816605237725257e-10   1.5532760752229941e-09   4.6619685464000063e-09   2.2578412944372729e-12   1.9700795920492073e-11
 -6.6250000000000000e+00   3.1738488184156142e-10   1.5694327231334203e-09   4.7468521683098053e-09   2.3316704627266723e-12   2.0275485261362725e-11
 -6.5999999999999996e+00   3.2666259749682190e-10   1.5856545192813373e-09   4.8322864504478614e-09   2.4077277232066803e-12   2.0865073833000691e-11
 -6.5749999999999993e+00   3.3599787237260675e-10   1.6019401893828980e-09   4.9182598057123016e-09   2.4860717757419329e-12   2.1469868388642790e-11
 -6.5499999999999998e+00   3.4538934682578387e-10   1.6182884036843920e-09   5.0047603060689105e-09   2.5667625536710471e-12   2.2090179223493524e-11
 -6.5249999999999995e+00   3.5483562808095505e-10   1.6346977755748087e-09   5.0917756780510667e-09   2.6498612412754047e-12   2.2726320135940678e-11
 -6.5000000000000000e+00   3.6433528977547228e-10   1.6511668602097698e-09   5.1792932983550972e-09   2.7354302914400619e-12   2.3378608387028821e-11
 -6.4749999999999996e+00   3.7388687150947388e-10   1.6676941531479028e-09   5.2673001895355819e-09   2.8235334435255371e-12   2.4047364658297981e-11
 -6.4499999999999993e+00   3.8348887840142100e-10   1.6842780890008283e-09   5.3557830158052233e-09   2.9142357414714770e-12   2.4732913008108402e-11
 -6.4249999999999998e+00   3.9313978064965292e-10   1.7009170400979810e-09   5.4447280789442857e-09   3.0076035521551814e-12   2.5435580826583820e-11
 -6.3999999999999995e+00   4.0283801310050869e-10   1.7176093151675371e-09   5.5341213143247192e-09   3.1037045840304749e-12   2.6155698789320376e-11
 -6.3750000000000000e+00   4.1258197482358005e-10   1.7343531580347561e-09   5.6239482870541499e-09   3.2026079060746858e-12   2.6893600810021007e-11
 -6.3499999999999996e+00   4.2237002869467052e-10   1.7511467463390439e-09   5.7141941882449816e-09   3.3043839670742732e-12   2.7649623992230731e-11
 -6.3249999999999993e+00   4.3220050098703515e-10   1.7679881902710328e-09   5.8048438314136598e-09   3.4091046152823633e-12   2.8424108580363156e-11
 -6.2999999999999998e+00   4.4207168097145021e-10   1.7848755313309275e-09   5.8958816490148931e-09   3.5168431184843956e-12   2.9217397910224338e-11
 -6.2749999999999995e+00   4.5198182052563251e-10   1.8018067411092992e-09   5.9872916891152912e-09   3.6276741845113230e-12   3.0029838359257247e-11
 -6.2500000000000000e+00   4.6192913375348726e-10   1.8187797200913958e-09   6.0790576122103368e-09   3.7416739822429930e-12   3.0861779296746408e-11
 -6.2249999999999996e+00   4.7191179661459649e-10   1.8357922964859327e-09   6.1711626881879916e-09   3.8589201631479958e-12   3.1713573034241252e-11
 -6.1999999999999993e+00   4.8192794656429393e-10   1.8528422250791497e-09   6.2635897934414791e-09   3.9794918834100062e-12   3.2585574776475040e-11
 -6.1749999999999998e+00   4.9197568220458469e-10   1.8699271861147580e-09   6.3563214081329621e-09   4.1034698266944298e-12   3.3478142573074887e-11
 -6.1499999999999995e+00   5.0205306294607057e-10   1.8870447842002018e-09   6.4493396136087832e-09   4.2309362276135729e-12   3.4391637271379721e-11
 -6.1250000000000000e+00   5.1215810868094623e-10   1.9041925472394458e-09   6.5426260899660611e-09   4.3619748959528268e-12   3.5326422470702971e-11
 -6.0999999999999996e+00   5.2228879946701599e-10   1.9213679253922715e-09   6.6361621137692131e-09   4.4966712417251145e-12   3.6282864478398966e-11
 -6.0749999999999993e+00   5.3244307522257561e-10   1.9385682900598439e-09   6.7299285559139494e-09   4.6351123011256746e-12   3.7261332268113919e-11
 -6.0499999999999998e+00   5.4261883543188539e-10   1.9557909328960724e-09   6.8239058796351601e-09   4.7773867634645510e-12   3.8262197440625755e-11
 -6.0249999999999995e+00   5.5281393886086037e-10   1.9730330648440649e-09   6.9180741386539870e-09   4.9235849991595982e-12   3.9285834187701278e-11
 -6.0000000000000000e+00   5.6302620328248872e-10   1.9902918151967653e-09   7.0124129754583729e-09   5.0737990888785978e-12   4.0332619259423373e-11
 -5.9749999999999996e+00   5.7325340521140672e-10   2.0075642306806585e-09   7.1069016197104058e-09   5.2281228539251568e-12   4.1402931935467097e-11
 -5.9499999999999993e+00   5.8349327964696981e-10   2.0248472745612750e-09   7.2015188867729000e-09   5.3866518879695116e-12   4.2497154000829482e-11
 -5.9249999999999998e+00   5.9374351982409479e-10   2.0421378257690702e-09   7.2962431763469393e-09   5.5494835902320418e-12   4.3615669726545316e-11
 -5.8999999999999995e+00   6.0400177697109337e-10   2.0594326780441328e-09   7.3910524712115422e-09   5.7167172002344789e-12   4.4758865855949250e-11
 -5.8750000000000000e+00   6.1426566007369444e-10   2.0767285390981418e-09   7.4859243360561683e-09   5.8884538342411998e-12   4.5927131597073598e-11
 -5.8499999999999996e+00   6.2453273564443118e-10   2.0940220297919230e-09   7.5808359163965668e-09   6.0647965235208882e-12   4.7120858621800738e-11
 -5.8249999999999993e+00   6.3480052749658875e-10   2.1113096833270061e-09   7.6757639375644400e-09   6.2458502545671193e-12   4.8340441072420103e-11
 -5.7999999999999998e+00   6.4506651652194131e-10   2.1285879444496104e-09   7.7706847037615916e-09   6.4317220114250198e-12   4.9586275576270917e-11
 -5.7749999999999995e+00   6.5532814047155844e-10   2.1458531686656214e-09   7.8655740971695557e-09   6.6225208202803829e-12   5.0858761269184613e-11
 -5.7500000000000000e+00   6.6558279373904787e-10   2.1631016214652548e-09   7.9604075771062966e-09   6.8183577964770418e-12   5.2158299828473649e-11
 -5.7249999999999996e+00   6.7582782714570016e-10   2.1803294775562940e-09   8.0551601792223560e-09   7.0193461941385443e-12   5.3485295516248602e-11
 -5.7000000000000002e+00   6.8606054772711207e-10   2.1975328201050413e-09   8.1498065147296347e-09   7.2256014585804433e-12   5.4840155233878966e-11
 -5.6749999999999998e+00   6.9627821852101340e-10   2.2147076399843356e-09   8.2443207696572886e-09   7.4372412817108633e-12   5.6223288588450955e-11
 -5.6499999999999995e+00   7.0647805835616027e-10   2.2318498350283430e-09   8.3386767041301349e-09   7.6543856606283798e-12   5.7635107972110702e-11
 -5.6250000000000000e+00   7.1665724164232347e-10   2.2489552092940899e-09   8.4328476516665145e-09   7.8771569596385215e-12   5.9076028655220115e-11
 -5.5999999999999996e+00   7.2681289816156575e-10   2.2660194723300535e-09   8.5268065184937422e-09   8.1056799759228911e-12   6.0546468894290697e-11
 -5.5750000000000002e+00   7.3694211286116959e-10   2.2830382384524477e-09   8.6205257828807140e-09   8.3400820091082934e-12   6.2046850055700119e-11
 -5.5499999999999998e+00   7.4704192564873649e-10   2.3000070260301729e-09   8.7139774944885640e-09   8.5804929349973117e-12   6.3577596756237555e-11
 -5.5249999999999995e+00   7.5710933119013940e-10   2.3169212567797008e-09   8.8071332737415288e-09   8.8270452837363211e-12   6.5139137021563597e-11
 -5.5000000000000000e+00   7.6714127871116080e-10   2.3337762550714661e-09   8.8999643112214103e-09   9.0798743227124080e-12   6.6731902463713766e-11
 -5.4749999999999996e+00   7.7713467180377114e-10   2.3505672472495707e-09   8.9924413670900805e-09   9.3391181444867088e-12   6.8356328478817462e-11
 -5.4500000000000002e+00   7.8708636823811055e-10   2.3672893609668542e-09   9.0845347705452090e-09   9.6049177600886160e-12   7.0012854466247401e-11
 -5.4249999999999998e+00   7.9699317978132266e-10   2.3839376245375324e-09   9.1762144193151928e-09   9.8774171980128013e-12   7.1701924070460015e-11
 -5.3999999999999995e+00   8.0685187202444764e-10   2.4005069663097223e-09   9.2674497791995863e-09   1.0156763609279816e-11   7.3423985446832520e-11
 -5.3750000000000000e+00   8.1665916421859262e-10   2.4169922140602277e-09   9.3582098836614533e-09   1.0443107378940031e-11   7.5179491552848840e-11
 -5.3499999999999996e+00   8.2641172912159984e-10   2.4333880944139569e-09   9.4484633334778838e-09   1.0736602244421293e-11   7.6968900466033937e-11
 -5.3250000000000002e+00   8.3610619285637553e-10   2.4496892322902565e-09   9.5381782964544736e-09   1.1037405421141806e-11   7.8792675730084284e-11
 -5.2999999999999998e+00   8.4573913478197700e-10   2.4658901503783012e-09   9.6273225072087758e-09   1.1345677735832030e-11   8.0651286730690944e-11
 -5.2749999999999995e+00   8.5530708737842773e-10   2.4819852686434609e-09   9.7158632670266586e-09   1.1661583768032783e-11   8.2545209102602497e-11
 -5.2500000000000000e+00   8.6480653614607208e-10   2.4979689038662933e-09   9.8037674437940319e-09   1.1985292000261156e-11   8.4474925169525341e-11
 -5.2249999999999996e+00   8.7423391952011352e-10   2.5138352692154737e-09   9.8910014720047946e-09   1.2316974977361533e-11   8.6440924418510407e-11
 -5.2000000000000002e+00   8.8358562880076060e-10   2.5295784738555644e-09   9.9775313528439764e-09   1.2656809475585859e-11   8.8443704010529401e-11
 -5.1749999999999998e+00   8.9285800809916468e-10   2.5451925225900882e-09   1.0063322654342850e-08   1.3004976681975522e-11   9.0483769328995946e-11
 -5.1499999999999995e+00   9.0204735429907849e-10   2.5606713155398952e-09   1.0148340511600482e-08   1.3361662384646792e-11   9.2561634568042945e-11
 -5.1250000000000000e+00   9.1114991703388724e-10   2.5760086478563007e-09   1.0232549627063785e-08   1.3727057174612685e-11   9.4677823362422445e-11
 -5.0999999999999996e+00   9.2016189867838576e-10   2.5911982094679442e-09   1.0315914270855645e-08   1.4101356659806849e-11   9.6832869460952340e-11
 -5.0750000000000002e+00   9.2907945435437872e-10   2.6062335848598125e-09   1.0398398281138111e-08   1.4484761692009028e-11   9.9027317445490813e-11
 -5.0499999999999998e+00   9.3789869194891341e-10   2.6211082528823374e-09   1.0479965064495238e-08   1.4877478607407838e-11   1.0126172349748070e-10
 -5.0249999999999995e+00   9.4661567214366785e-10   2.6358155865880021e-09   1.0560577596317808e-08   1.5279719481573893e-11   1.0353665621416390e-10
 -5.0000000000000000e+00   9.5522640845377501e-10   2.6503488530924475e-09   1.0640198421169913e-08   1.5691702399656310e-11   1.0585269747663026e-10
 -4.9749999999999996e+00   9.6372686727412768e-10   2.6647012134566558e-09   1.0718789653115478e-08   1.6113651742657085e-11   1.0821044337192710e-10
 -4.9500000000000002e+00   9.7211296793100504e-10   2.6788657225864745e-09   1.0796312975981132e-08   1.6545798490681515e-11   1.1061050517152016e-10
 -4.9249999999999998e+00   9.8038058273670325e-10   2.6928353291454815e-09   1.0872729643530437e-08   1.6988380544109115e-11   1.1305351036846340e-10
 -4.8999999999999995e+00   9.8852553704472426e-10   2.7066028754770233e-09   1.0948000479523658e-08   1.7441643063677861e-11   1.1554010377570232e-10
 -4.8750000000000000e+00   9.9654360930300180e-10   2.7201610975311663e-09   1.1022085877636588e-08   1.7905838830525447e-11   1.1807094868800416e-10
 -4.8499999999999996e+00   1.0044305311026046e-09   2.7335026247923426e-09   1.1094945801211942e-08   1.8381228627285293e-11   1.2064672811008090e-10
 -4.8250000000000002e+00   1.0121819872193692e-09   2.7466199802035779e-09   1.1166539782817120e-08   1.8868081641391348e-11   1.2326814605354204e-10
 -4.7999999999999998e+00   1.0197936156459808e-09   2.7595055800834004e-09   1.1236826923583068e-08   1.9366675891805529e-11   1.2593592890538920e-10
 -4.7749999999999995e+00   1.0272610076121285e-09   2.7721517340318820e-09   1.1305765892300047e-08   1.9877298680444531e-11   1.2865082687084196e-10
 -4.7500000000000000e+00   1.0345797075905055e-09   2.7845506448226369e-09   1.1373314924247956e-08   2.0400247069649014e-11   1.3141361549336186e-10
 -4.7249999999999996e+00   1.0417452132866235e-09   2.7966944082781026e-09   1.1439431819740910e-08   2.0935828387108322e-11   1.3422509725482384e-10
 -4.7000000000000002e+00   1.0487529756106252e-09   2.8085750131260344e-09   1.1504073942368034e-08   2.1484360759727387e-11   1.3708610325886420e-10
 -4.6749999999999998e+00   1.0555983986295326e-09   2.8201843408357183e-09   1.1567198216915247e-08   2.2046173678001095e-11   1.3999749500052476e-10
 -4.6499999999999995e+00   1.0622768394986199e-09   2.8315141654331028e-09   1.1628761126955642e-08   2.2621608592543219e-11   1.4296016622539552e-10
 -4.6250000000000000e+00   1.0687836083708943e-09   2.8425561532947453e-09   1.1688718712098955e-08   2.3211019544504366e-11   1.4597504488155112e-10
 -4.5999999999999996e+00   1.0751139682839087e-09   2.8533018629211545e-09   1.1747026564893781e-08   2.3814773831705564e-11   1.4904309516766989e-10
 -4.5750000000000002e+00   1.0812631350233938e-09   2.8637427446907643e-09   1.1803639827378901e-08   2.4433252712411312e-11   1.5216531968081922e-10
 -4.5499999999999998e+00   1.0872262769634294e-09   2.8738701405964422e-09   1.1858513187283106e-08   2.5066852148769179e-11   1.5534276166748997e-10
 -4.5249999999999995e+00   1.0929985148830385e-09   2.8836752839669739e-09   1.1911600873875055e-08   2.5715983592051907e-11   1.5857650738156553e-10
 -4.5000000000000000e+00   1.0985749217592302e-09   2.8931492991764605e-09   1.1962856653466991e-08   2.6381074811953746e-11   1.6186768855301474e-10
 -4.4749999999999996e+00   1.1039505225365971e-09   2.9022832013449111e-09   1.2012233824577642e-08   2.7062570772315166e-11   1.6521748497120963e-10
 -4.4500000000000002e+00   1.1091202938735440e-09   2.9110678960335620e-09   1.2059685212760660e-08   2.7760934555779735e-11   1.6862712718687801e-10
 -4.4249999999999998e+00   1.1140791638651579e-09   2.9194941789385476e-09   1.2105163165105233e-08   2.8476648340024871e-11   1.7209789933681907e-10
 -4.3999999999999995e+00   1.1188220117425223e-09   2.9275527355864543e-09   1.2148619544415201e-08   2.9210214428354093e-11   1.7563114209563099e-10
 -4.3750000000000000e+00   1.1233436675480203e-09   2.9352341410350319e-09   1.2190005723071744e-08   2.9962156337593627e-11   1.7922825575882152e-10
 -4.3499999999999996e+00   1.1276389117857594e-09   2.9425288595819281e-09   1.2229272576582701e-08   3.0733019946400808e-11   1.8289070346180529e-10
 -4.3250000000000002e+00   1.1317024750457703e-09   2.9494272444836241e-09   1.2266370476818781e-08   3.1523374707267206e-11   1.8662001453942233e-10
 -4.2999999999999998e+00   1.1355290376000173e-09   2.9559195376860026e-09   1.2301249284933089e-08   3.2333814925685258e-11   1.9041778803075312e-10
 -4.2749999999999995e+00   1.1391132289675447e-09   2.9619958695669059e-09   1.2333858343955968e-08   3.3164961110145308e-11   1.9428569633414889e-10
 -4.2500000000000000e+00   1.1424496274452681e-09   2.9676462586899354e-09   1.2364146471051730e-08   3.4017461396841208e-11   1.9822548901754768e-10
 -4.2249999999999996e+00   1.1455327596000176e-09   2.9728606115673683e-09   1.2392061949417933e-08   3.4891993053186714e-11   2.0223899678929970e-10
 -4.2000000000000002e+00   1.1483570997164184e-09   2.9776287224286195e-09   1.2417552519801139e-08   3.5789264064484766e-11   2.0632813563489200e-10
 -4.1749999999999998e+00   1.1509170691941393e-09   2.9819402729891271e-09   1.2440565371595977e-08   3.6710014808346418e-11   2.1049491112512775e-10
 -4.1499999999999995e+00   1.1532070358868935e-09   2.9857848322128473e-09   1.2461047133486867e-08   3.7655019821728552e-11   2.1474142290149468e-10
 -4.1250000000000000e+00   1.1552213133743943e-09   2.9891518560599052e-09   1.2478943863584049e-08   3.8625089665750405e-11   2.1906986934463929e-10
 -4.0999999999999996e+00   1.1569541601572650e-09   2.9920306872092122e-09   1.2494201038997856e-08   3.9621072893758202e-11   2.2348255243205472e-10
 -4.0750000000000002e+00   1.1583997787636736e-09   2.9944105547442212e-09   1.2506763544787673e-08   4.0643858128439499e-11   2.2798188279129047e-10
 -4.0499999999999998e+00   1.1595523147552580e-09   2.9962805737884059e-09   1.2516575662214708e-08   4.1694376254142351e-11   2.3257038495519849e-10
 -4.0249999999999995e+00   1.1604058556187027e-09   2.9976297450755949e-09   1.2523581056221099e-08   4.2773602730933317e-11   2.3725070282594670e-10
 -4.0000000000000000e+00   1.1609544295282286e-09   2.9984469544389737e-09   1.2527722762052033e-08   4.3882560037333736e-11   2.4202560535475595e-10
 -3.9749999999999996e+00   1.1611920039631483e-09   2.9987209722014942e-09   1.2528943170932560e-08   4.5022320249106390e-11   2.4689799244454865e-10
 -3.9500000000000002e+00   1.1611124841636624e-09   2.9984404524495717e-09   1.2527184014706827e-08   4.6194007761930089e-11   2.5187090108294114e-10
 -3.9249999999999998e+00   1.1607097114071597e-09   2.9975939321713554e-09   1.2522386349345026e-08   4.7398802166295679e-11   2.5694751171325881e-10
 -3.8999999999999995e+00   1.1599774610864951e-09   2.9961698302405746e-09   1.2514490537221992e-08   4.8637941283490435e-11   2.6213115485151723e-10
 -3.8750000000000000e+00   1.1589094405710119e-09   2.9941564462269960e-09   1.2503436228071843e-08   4.9912724372108350e-11   2.6742531795757259e-10
 -3.8499999999999996e+00   1.1574992868304849e-09   2.9915419590148757e-09   1.2489162338524791e-08   5.1224515515136259e-11   2.7283365256892282e-10
 -3.8250000000000002e+00   1.1557405638016785e-09   2.9883144252114652e-09   1.2471607030135696e-08   5.2574747198321947e-11   2.7835998170592081e-10
 -3.7999999999999998e+00   1.1536267594768092e-09   2.9844617773286329e-09   1.2450707685818900e-08   5.3964924091234925e-11   2.8400830755744303e-10
 -3.7749999999999995e+00   1.1511512826928664e-09   2.9799718217218987e-09   1.2426400884610284e-08   5.5396627043186611e-11   2.8978281945634909e-10
 -3.7500000000000000e+00   1.1483074596004598e-09   2.9748322362727591e-09   1.2398622374685120e-08   5.6871517306987654e-11   2.9568790215435824e-10
 -3.7249999999999996e+00   1.1450885297905673e-09   2.9690305678018373e-09   1.2367307044568977e-08   5.8391341004391835e-11   3.0172814440625907e-10
 -3.7000000000000002e+00   1.1414876420572552e-09   2.9625542292022702e-09   1.2332388892488585e-08   5.9957933848011019e-11   3.0790834787365693e-10
 -3.6749999999999998e+00   1.1374978497740134e-09   2.9553904962845982e-09   1.2293800993819333e-08   6.1573226135491514e-11   3.1423353635874915e-10
 -3.6499999999999995e+00   1.1331121058607962e-09   2.9475265043262714e-09   1.2251475466596079e-08   6.3239248032821866e-11   3.2070896537889014e-10
 -3.6250000000000000e+00   1.1283232573180719e-09   2.9389492443205112e-09   1.2205343435063347e-08   6.4958135164803178e-11   3.2734013209296794e-10
 -3.5999999999999996e+00   1.1231240393030939e-09   2.9296455589206147e-09   1.2155334991249198e-08   6.6732134531960578e-11   3.3413278559086205e-10
 -3.5750000000000002e+00   1.1175070687221226e-09   2.9196021380766915e-09   1.2101379154553822e-08   6.8563610774517380e-11   3.4109293755746591e-10
 -3.5499999999999998e+00   1.1114648373103570e-09   2.9088055143620990e-09   1.2043403829347852e-08   7.0455052805495900e-11   3.4822687332295126e-10
 -3.5250000000000004e+00   1.1049897041687628e-09   2.8972420579863627e-09   1.1981335760576535e-08   7.2409080836562686e-11   3.5554116331110467e-10
 -3.5000000000000000e+00   1.0980738877236944e-09   2.8848979714899199e-09   1.1915100487362750e-08   7.4428453821906277e-11   3.6304267489767160e-10
 -3.4749999999999996e+00   1.0907094570710834e-09   2.8717592841134353e-09   1.1844622294593933e-08   7.6516077347235159e-11   3.7073858469070100e-10
 -3.4500000000000002e+00   1.0828883226618886e-09   2.8578118458305269e-09   1.1769824162464348e-08   7.8675011992919460e-11   3.7863639124487006e-10
 -3.4249999999999998e+00   1.0746022262793069e-09   2.8430413210272671e-09   1.1690627713923623e-08   8.0908482202387170e-11   3.8674392822167938e-10
 -3.4000000000000004e+00   1.0658427302508318e-09   2.8274331818046390e-09   1.1606953159954601e-08   8.3219885689131693e-11   3.9506937800723292e-10
 -3.3750000000000000e+00   1.0566012058294330e-09   2.8109727008710132e-09   1.1518719242566809e-08   8.5612803418109993e-11   4.0362128579903174e-10
 -3.3499999999999996e+00   1.0468688206678043e-09   2.7936449439804865e-09   1.1425843175345821e-08   8.8091010199921002e-11   4.1240857417280097e-10
 -3.3250000000000002e+00   1.0366365252976311e-09   2.7754347618593816e-09   1.1328240581342261e-08   9.0658485938968655e-11   4.2144055813982249e-10
 -3.2999999999999998e+00   1.0258950385119984e-09   2.7563267815472230e-09   1.1225825428016412e-08   9.3319427579851030e-11   4.3072696070452950e-10
 -3.2750000000000004e+00   1.0146348315332579e-09   2.7363053970599158e-09   1.1118509958874455e-08   9.6078261799491999e-11   4.4027792893121413e-10
 -3.2500000000000000e+00   1.0028461108307844e-09   2.7153547592614822e-09   1.1006204621339758e-08   9.8939658496069228e-11   4.5010405052757768e-10
 -3.2249999999999996e+00   9.9051879943286867e-10   2.6934587648065354e-09   1.0888817990296487e-08   1.0190854512960921e-10   4.6021637095148311e-10
 -3.2000000000000002e+00   9.7764251655442590e-10   2.6706010439885548e-09   1.0766256686622472e-08   1.0499012197324374e-10   4.7062641104560561e-10
 -3.1749999999999998e+00   9.6420655533708166e-10   2.6467649472989062e-09   1.0638425289893816e-08   1.0818987833857606e-10   4.8134618520269757e-10
 -3.1500000000000004e+00   9.5019985847041451e-10   2.6219335304684990e-09   1.0505226244294216e-08   1.1151360984341842e-10   4.9238822006182019e-10
 -3.1250000000000000e+00   9.3561099143252452e-10   2.5960895377279051e-09   1.0366559756597750e-08   1.1496743679536534e-10   5.0376557373310583e-10
 -3.0999999999999996e+00   9.2042811305454851e-10   2.5692153829828770e-09   1.0222323684914652e-08   1.1855782377029165e-10   5.1549185554534026e-10
 -3.0750000000000002e+00   9.0463894307711924e-10   2.5412931285604560e-09   1.0072413416695810e-08   1.2229160047094527e-10   5.2758124630681562e-10
 -3.0500000000000007e+00   8.8823072632694790e-10   2.5123044611365835e-09   9.9167217342834478e-09   1.2617598395738320e-10   5.4004851906543256e-10
 -3.0250000000000004e+00   8.7119019309854287e-10   2.4822306644094071e-09   9.7551386660735891e-09   1.3021860234811162e-10   5.5290906034882254e-10
 -3.0000000000000000e+00   8.5350351527944792e-10   2.4510525880336290e-09   9.5875513211210946e-09   1.3442752009848501e-10   5.6617889185922059e-10
 -2.9749999999999996e+00   8.3515625770713529e-10   2.4187506122805930e-09   9.4138437047712263e-09   1.3881126497124085e-10   5.7987469259082200e-10
 -2.9499999999999993e+00   8.1613332419167526e-10   2.3853046078367536e-09   9.2338965126444105e-09   1.4337885682304271e-10   5.9401382132925821e-10
 -2.9250000000000007e+00   7.9641889758035059e-10   2.3506938901000901e-09   9.0475869000342751e-09   1.4813983834063320e-10   6.0861433948347619e-10
 -2.9000000000000004e+00   7.7599637317829289e-10   2.3148971672805151e-09   8.8547882235053570e-09   1.5310430787071009e-10   6.2369503418950810e-10
 -2.8750000000000000e+00   7.5484828477280466e-10   2.2778924815568885e-09   8.6553697511976665e-09   1.5828295449899408e-10   6.3927544161315992e-10
 -2.8499999999999996e+00   7.3295622243799733e-10   2.2396571424905570e-09   8.4491963380634254e-09   1.6368709554621433e-10   6.5537587036428432e-10
 -2.8249999999999993e+00   7.1030074122046354e-10   2.2001676518441065e-09   8.2361280619791390e-09   1.6932871666195794e-10   6.7201742491874080e-10
 -2.8000000000000007e+00   6.8686125972555964e-10   2.1593996189049942e-09   8.0160198163967978e-09   1.7522051471157371e-10   6.8922202892505353e-10
 -2.7750000000000004e+00   6.6261594753708667e-10   2.1173276653678816e-09   7.7887208549250175e-09   1.8137594366664974e-10   7.0701244825076827e-10
 -2.7500000000000000e+00   6.3754160031025854e-10   2.0739253187876691e-09   7.5540742829678217e-09   1.8780926372604960e-10   7.2541231359813003e-10
 -2.7249999999999996e+00   6.1161350127825450e-10   2.0291648935785733e-09   7.3119164913001563e-09   1.9453559391215201e-10   7.4444614248943461e-10
 -2.6999999999999993e+00   5.8480526780572278e-10   1.9830173585042282e-09   7.0620765262297676e-09   2.0157096840583083e-10   7.6413936038863918e-10
 -2.6750000000000007e+00   5.5708868150751816e-10   1.9354521895810165e-09   6.8043753907900683e-09   2.0893239690386642e-10   7.8451832068685217e-10
 -2.6500000000000004e+00   5.2843350032682359e-10   1.8864372073030720e-09   6.5386252712343206e-09   2.1663792930390867e-10   8.0561032323433126e-10
 -2.6250000000000000e+00   4.9880725083254313e-10   1.8359383970942182e-09   6.2646286829648606e-09   2.2470672504480587e-10   8.2744363104966079e-10
 -2.5999999999999996e+00   4.6817499885017634e-10   1.7839197119013194e-09   5.9821775299397491e-09   2.3315912745401955e-10   8.5004748477674007e-10
 -2.5749999999999993e+00   4.3649909638188301e-10   1.7303428558670317e-09   5.6910520715625070e-09   2.4201674347888143e-10   8.7345211439080912e-10
 -2.5500000000000007e+00   4.0373890259839749e-10   1.6751670480600964e-09   5.3910197910887433e-09   2.5130252920446510e-10   8.9768874757448543e-10
 -2.5250000000000004e+00   3.6985047649592808e-10   1.6183487653006000e-09   5.0818341596885354e-09   2.6104088158761840e-10   9.2278961409192683e-10
 -2.5000000000000000e+00   3.3478623860296018e-10   1.5598414631989818e-09   4.7632332904995495e-09   2.7125773686391988e-10   9.4878794538178256e-10
 -2.4749999999999996e+00   2.9849459889241771e-10   1.4995952746344096e-09   4.4349384773095316e-09   2.8198067611154520e-10   9.7571796846518589e-10
 -2.4499999999999993e+00   2.6091954780103798e-10   1.4375566850343449e-09   4.0966526129373524e-09   2.9323903848265362e-10   1.0036148931209747e-09
 -2.4250000000000007e+00   2.2200020697681646e-10   1.3736681839873013e-09   3.7480584829623793e-09   3.0506404263815286e-10   1.0325148911134627e-09
 -2.4000000000000004e+00   1.8167033606327370e-10   1.3078678929303108e-09   3.3888169312098096e-09   3.1748891694450665e-10   1.0624550660647563e-09
 -2.3750000000000000e+00   1.3985779148198503e-10   1.2400891689077831e-09   3.0185648943675025e-09   3.3054903901027553e-10   1.0934734123396302e-09
 -2.3499999999999996e+00   9.6483932787665750e-11   1.1702601847068260e-09   2.6369133043266753e-09   3.4428208515354742e-10   1.1256087610514597e-09
 -2.3249999999999993e+00   5.1462971738057716e-11   1.0983034860445251e-09   2.2434448583515697e-09   3.5872819039707835e-10   1.1589007109970463e-09
 -2.3000000000000007e+00   4.7012587383381292e-12   1.0241355269258441e-09   1.8377116590479056e-09   3.7393011958293469e-10   1.1933895419798913e-09
 -2.2750000000000004e+00  -4.3903499219280568e-11   9.4766618481933130e-10   1.4192327283844164e-09   3.8993345017903438e-10   1.2291161075781691e-09
 -2.2500000000000000e+00  -9.4463095602134920e-11   8.6879825792687822e-10   9.8749140280741967e-10   4.0678676731158942e-10   1.2661217039468124e-09
 -2.2249999999999996e+00  -1.4709976352312229e-10   7.8742694757152045e-10   5.4193261987331077e-10   4.2454187149418801e-10   1.3044479107030764e-09
 -2.1999999999999993e+00  -2.0194720496808289e-10   7.0343932961541945e-10   8.1960110926452683e-11   4.4325399942873343e-10   1.3441363993206665e-09
 -2.1750000000000007e+00  -2.5915171879902183e-10   6.1671381987477994e-10  -3.9306648068730923e-10   4.6298205811641903e-10   1.3852287037365812e-09
 -2.1500000000000004e+00  -3.1887343719063788e-10   5.2711963975075392e-10  -8.8383453038668993e-10   4.8378887232673692e-10   1.4277659470432957e-09
 -2.1250000000000000e+00  -3.8128768117686831e-10   4.3451628978272812e-10  -1.3910813793825676e-09   5.0574144521468623e-10   1.4717885171812449e-09
 -2.0999999999999996e+00  -4.4658644710388688e-10   3.3875304059752466e-10  -1.9155972565289579e-09   5.2891123153273692e-10   1.5173356834456811e-09
 -2.0749999999999993e+00  -5.1498003700789529e-10   2.3966845282837932e-10  -2.4582281230535294e-09   5.5337442243217680e-10   1.5644451443593355e-09
 -2.0500000000000007e+00  -5.8669884725791850e-10   1.3708994007480456e-10  -3.0198783755752992e-09   5.7921224026018817e-10   1.6131524960180945e-09
 -2.0250000000000004e+00  -6.6199533121758812e-10   3.0833391944422425e-11  -3.6015133275978684e-09   6.0651124099963159e-10   1.6634906083705603e-09
 -2.0000000000000000e+00  -7.4114615316916352e-10  -7.9297122249588340e-11  -4.2041613713671705e-09   6.3536362102507837e-10   1.7154888950233186e-09
 -1.9749999999999996e+00  -8.2445455227935365e-10  -1.9350954436044812e-10  -4.8289156999973259e-09   6.6586752360811387e-10   1.7691724600525096e-09
 -1.9499999999999993e+00  -9.1225293692468837e-10  -3.1202388307921089e-10  -5.4769354433808132e-09   6.9812733903211936e-10   1.8245611029323829e-09
 -1.9250000000000007e+00  -1.0049057311657330e-09  -4.3507209870131276e-10  -6.1494460397667891e-09   7.3225399019167421e-10   1.8816681600517503e-09
 -1.9000000000000004e+00  -1.1028124964639874e-09  -5.6289777424087919e-10  -6.8477386270307939e-09   7.6836519305682681e-10   1.9404991583778195e-09
 -1.8750000000000000e+00  -1.2064113527285210e-09  -6.9575552179960482e-10  -7.5731681924290922e-09   8.0658567825916210e-10   2.0010502536560712e-09
 -1.8499999999999996e+00  -1.3161827232578207e-09  -8.3391006322797797e-10  -8.3271501657262716e-09   8.4704735616164333e-10   2.0633064221386545e-09
 -1.8249999999999993e+00  -1.4326534278215444e-09  -9.7763491247819943e-10  -9.1111550765247924e-09   8.8988940293591311e-10   2.1272393712774916e-09
 -1.8000000000000007e+00  -1.5564011466165042e-09  -1.1272105733738240e-09  -9.9267008207855623e-09   9.3525823918513833e-10   2.1928051312121137e-09
 -1.7750000000000004e+00  -1.6880592745987029e-09  -1.2829221505321549e-09  -1.0775341992175452e-08   9.8330736527793986e-10   2.2599412853988382e-09
 -1.7500000000000000e+00  -1.8283221800056992e-09  -1.4450562525837686e-09  -1.1658655629131880e-08   1.0341970085225857e-09   2.3285637956269455e-09
 -1.7249999999999996e+00  -1.9779508717697084e-09  -1.6138970453842440e-09  -1.2578222606700130e-08   1.0880935262963802e-09   2.3985633743257662e-09
 -1.6999999999999993e+00  -2.1377790666666501e-09  -1.7897212884121477e-09  -1.3535603761725421e-08   1.1451684959074650e-09   2.4698013560190822e-09
 -1.6750000000000007e+00  -2.3087196267091997e-09  -1.9727921599146009e-09  -1.4532309679925771e-08   1.2055974059399344e-09   2.5421050207738934e-09
 -1.6500000000000004e+00  -2.4917713081691389e-09  -2.1633516457304511e-09  -1.5569762893763212e-08   1.2695578447579718e-09   2.6152623265353471e-09
 -1.6250000000000000e+00  -2.6880257226893373e-09  -2.3616112335552185e-09  -1.6649251042600030e-08   1.3372270594067635e-09   2.6890160157040531e-09
 -1.5999999999999996e+00  -2.8986743542995285e-09  -2.5677406196940548e-09  -1.7771869335750840e-08   1.4087787321482349e-09   2.7630570760001301e-09
 -1.5749999999999993e+00  -3.1250153987482435e-09  -2.7818541008318967e-09  -1.8938450443141203e-08   1.4843787923306140e-09   2.8370175589125161e-09
 -1.5500000000000007e+00  -3.3684600870248890e-09  -3.0039942919091035e-09  -2.0149479731733871e-08   1.5641800486175362e-09   2.9104627938329061e-09
 -1.5250000000000004e+00  -3.6305380153197956e-09  -3.2341127872914028e-09  -2.1404993591593099e-08   1.6483153918186235e-09   2.9828830860252394e-09
 -1.5000000000000000e+00  -3.9129008192742188e-09  -3.4720473727327499e-09  -2.2704458488277731e-08   1.7368892836482870e-09   3.0536850563516450e-09
 -1.4749999999999996e+00  -4.2173232897855282e-09  -3.7174954097907573e-09  -2.4046628389316050e-08   1.8299672150923048e-09   3.1221828753419934e-09
 -1.4499999999999993e+00  -4.5457007179947422e-09  -3.9699830659054223e-09  -2.5429378414479714e-08   1.9275627951224600e-09   3.1875897694198546e-09
 -1.4250000000000007e+00  -4.9000408649614604e-09  -4.2288301707572445e-09  -2.6849513052595474e-08   2.0296221245416399e-09   3.2490103385212951e-09
 -1.4000000000000004e+00  -5.2824484647440399e-09  -4.4931106671745523e-09  -2.8302548205378150e-08   2.1360051328246100e-09   3.3054344266200585e-09
 -1.3750000000000000e+00  -5.6950995805825425e-09  -4.7616089237995745e-09  -2.9782467833093831e-08   2.2464636248300765e-09   3.3557335318555528e-09
 -1.3499999999999996e+00  -6.1402024453771174e-09  -5.0327726245702335e-09  -3.1281458298600238e-08   2.3606159218622413e-09   3.3986610279597799e-09
 -1.3249999999999993e+00  -6.6199406518081366e-09  -5.3046635894031700e-09  -3.2789626877827794e-08   2.4779182166936544e-09   3.4328577815508719e-09
 -1.3000000000000007e+00  -7.1363937694018893e-09  -5.5749087543651001e-09  -3.4294715577640533e-08   2.5976331294396417e-09   3.4568650647463402e-09
 -1.2750000000000004e+00  -7.6914297628607971e-09  -5.8406546827556731e-09  -3.5781827590355703e-08   2.7187964881659131e-09   3.4691469333874001e-09
 -1.2500000000000000e+00  -8.2865631520881667e-09  -6.0985304015246433e-09  -3.7233191511671955e-08   2.8401840990116528e-09   3.4681243948690933e-09
 -1.2249999999999996e+00  -8.9227729784566074e-09  -6.3446250225001178e-09  -3.8627997696942272e-08   2.9602812344422638e-09   3.4522236204105367e-09
 -1.1999999999999993e+00  -9.6002757427148840e-09  -6.5744883943809158e-09  -3.9942351231265780e-08   3.0772587396846816e-09   3.4199400251433054e-09
 -1.1750000000000007e+00  -1.0318251113798105e-08  -6.7831646932842784e-09  -4.1149395666999281e-08   3.1889609592859895e-09   3.3699190813844434e-09
 -1.1500000000000004e+00  -1.1074523034615474e-08  -6.9652699823191930e-09  -4.2219668741625822e-08   3.2929119450983599e-09   3.3010530829195525e-09
 -1.1250000000000000e+00  -1.1865206522258071e-08  -7.1151247455575649e-09  -4.3121752451474623e-08   3.3863473219452290e-09   3.2125906303703673e-09
 -1.0999999999999996e+00  -1.2684341387173791e-08  -7.2269504490224585e-09  -4.3823270855384945e-08   3.4662793109220642e-09   3.1042523812850182e-09
 -1.0749999999999993e+00  -1.3523548067721044e-08  -7.2951344640974158e-09  -4.4292265141714831e-08   3.5296011785217263e-09   2.9763428591597739e-09
 -1.0500000000000007e+00  -1.4371756451290573e-08  -7.3145595619975011e-09  -4.4498933041959771e-08   3.5732342155368459e-09   2.8298444300127488e-09
 -1.0250000000000004e+00  -1.5215072953231970e-08  -7.2809825943761729e-09  -4.4417657890041575e-08   3.5943148705325862e-09   2.6664768894570123e-09
 -1.0000000000000000e+00  -1.6036859423247109e-08  -7.1914329256784642e-09  -4.4029176485671407e-08   3.5904119816504287e-09   2.4887056869360083e-09
 -9.7499999999999964e-01  -1.6818093473770464e-08  -7.0445871361436390e-09  -4.3322657296778299e-08   3.5597550918145046e-09   2.2996848535071630e-09
 -9.4999999999999929e-01  -1.7538057680517804e-08  -6.8410663507541781e-09  -4.2297402260454651e-08   3.5014464956071336e-09   2.1031278817724855e-09
 -9.2500000000000071e-01  -1.8175361938103456e-08  -6.5836008232396705e-09  -4.0963871433243632e-08   3.4156246218845078e-09   1.9031107283853143e-09
 -9.0000000000000036e-01  -1.8709242412369768e-08  -6.2770167830322560e-09  -3.9343780587607734e-08   3.3035473262743985e-09   1.7038239133373564e-09
 -8.7500000000000000e-01  -1.9121013481516642e-08  -5.9280238406689911e-09  -3.7469142910864492e-08   3.1675722813699466e-09   1.5093022310755678e-09
 -8.4999999999999964e-01  -1.9395494095012431e-08  -5.5448139283855096e-09  -3.5380299148231271e-08   3.0110273199864158e-09   1.3231673063384895e-09
 -8.2499999999999929e-01  -1.9522206796073308e-08  -5.1365171528174804e-09  -3.3123164904661003e-08   2.8379830567427680e-09   1.1484175167163595e-09
 -8.0000000000000071e-01  -1.9496169185616920e-08  -4.7125864874306526e-09  -3.0746067824326768e-08   2.6529582220132884e-09   9.8729126729004907e-10
 -7.7500000000000036e-01  -1.9318162991168653e-08  -4.2821941195512299e-09  -2.8296608699780064e-08   2.4605996606239280e-09   8.4121546652114490e-10
 -7.5000000000000000e-01  -1.8994458882734914e-08  -3.8537146843304556e-09  -2.5818943835025368e-08   2.2653806992760268e-09   7.1083539157505574e-10
 -7.2499999999999964e-01  -1.8536069701928799e-08  -3.4343478459411070e-09  -2.3351768433648002e-08   2.0713537183260076e-09   5.9610923979833724e-10
 -6.9999999999999929e-01  -1.7957675344766007e-08  -3.0299024291931824e-09  -2.0927123158524326e-08   1.8819784826035336e-09   4.9644342407992623e-10
 -6.7500000000000071e-01  -1.7276393861608963e-08  -2.6447353148017674e-09  -1.8569994478844654e-08   1.7000317889779463e-09   4.1084373311142351e-10
 -6.5000000000000036e-01  -1.6510564468447086e-08  -2.2818171555855038e-09  -1.6298568495632260e-08   1.5275905185451112e-09   3.3806151165962269e-10
 -6.2500000000000000e-01  -1.5678670027086352e-08  -1.9428863862165139e-09  -1.4124941985526844e-08   1.3660716961128868e-09   2.7672067864666519e-10
 -5.9999999999999964e-01  -1.4798475357592120e-08  -1.6286521355252963e-09  -1.2056089051603771e-08   1.2163100483367676e-09   2.2541840051702918e-10
 -5.7499999999999929e-01  -1.3886408308004955e-08  -1.3390125065674438e-09  -1.0094911452934937e-08   1.0786546979679018e-09   1.8279801054089256e-10
 -5.5000000000000071e-01  -1.2957172270194855e-08  -1.0732637527384400e-09  -8.2412471620981246e-09   9.5307029178804266e-10   1.4759664415409409e-10
 -5.2500000000000036e-01  -1.2023555183365118e-08  -8.3028527441678067e-10  -6.4927600272068234e-09   8.3923239522105236e-10   1.1867208298045272e-10
 -5.0000000000000000e-01  -1.1096389847367276e-08  -6.0869332171970549e-10  -4.8456743730258227e-09   7.3661124648911718e-10   9.5013885358016697e-11
 -4.7499999999999964e-01  -1.0184620085522511e-08  -4.0696209192064841e-10  -3.2953481771835377e-09   6.4454134972812067e-10   7.5743551610146026e-11
 -4.4999999999999929e-01  -9.2954329893175370e-09  -2.2351456256911618e-10  -1.8366971274721165e-09   5.6227673672849210e-10   6.0107683979122589e-11
 -4.2500000000000071e-01  -8.4344258118409810e-09  -5.6787294368360542e-11  -4.6449143730900866e-10   4.8903314051909010e-10   4.7467177351710738e-11
 -4.0000000000000036e-01  -7.6057847514199221e-09   9.4725919686331447e-11   8.2644957885908836e-10   4.2401901427483584e-10   3.7284608690922004e-11
 -3.7500000000000000e-01  -6.8124605705602744e-09   2.3244681990734345e-10   2.0411410381324875e-09   3.6645752538299438e-10   2.9111269690812463e-11
 -3.4999999999999964e-01  -6.0563321692273433e-09   3.5769767295927750e-10   3.1843729607271068e-09   3.1560155234135525e-10   2.2574732102270040e-11
 -3.2500000000000107e-01  -5.3383537975392707e-09   4.7169502030414157e-10   4.2606902713309537e-09   2.7074345634201914e-10   1.7367436161881828e-11
 -3.0000000000000071e-01  -4.6586847283961709e-09   5.7554943599951884e-10   5.2743986951941240e-09   2.3122108626459331e-10   1.3236522098765598e-11
 -2.7500000000000036e-01  -4.0168021939968925e-09   6.7026920353421815e-10   6.2295862947965954e-09   1.9642116300375996e-10   9.9749522262552115e-12
 -2.5000000000000000e-01  -3.4115995122159062e-09   7.5676637243044175e-10   7.1301532078514991e-09   1.6578090678640763e-10   7.4138690669677984e-12
 -2.2499999999999964e-01  -2.8414718434520700e-09   8.3586409587472115e-10   7.9798443746573543e-09   1.3878853190288990e-10   5.4160810023919424e-12
 -2.0000000000000107e-01  -2.3043921192790530e-09   9.0830449238808211e-10   8.7822817774390601e-09   1.1498303921668865e-10   3.8705442706929459e-12
 -1.7500000000000071e-01  -1.7979795265068698e-09   9.7475653112368506e-10   9.5409940175955236e-09   9.3953584639346078e-11   2.6877067407687744e-12
 -1.5000000000000036e-01  -1.3195626607527172e-09   1.0358236168411513e-09   1.0259441841185549e-08   7.5338585865489349e-11   1.7955865552887065e-12
 -1.2500000000000000e-01  -8.6623910523381433e-10   1.0920506779493782e-09   1.0941038801712963e-08   5.8824643898836343e-11   1.1364721241801387e-12
 -9.9999999999999645e-02  -4.3493263300742015e-10   1.1439306945608100e-09   1.1589167351326766e-08   4.4145294616124382e-11   6.6414585214907660e-13
 -7.5000000000001066e-02  -2.2448824203227178e-11   1.1919106524835875e-09   1.2207190798169328e-08   3.1079565793883509e-11   3.4155056380983143e-13
 -5.0000000000000711e-02   3.7446993290064913e-10   1.2363967565063415e-09   1.2798458890837533e-08   1.9450301648204572e-11   1.3883253960085367e-13
 -2.5000000000000355e-02   7.5909033893263765e-10   1.2777589361733919e-09   1.3366308100429409e-08   9.1222493820443770e-12   3.1699724785630298e-14
  0.0000000000000000e+00   1.1346383793719496e-09   1.3163354612550297e-09   1.3914070288748372e-08   0.0000000000000000e+00   0.0000000000000000e+00
