# ZND solution.
# Columns are: 0 spatial coordinate; 1 specific volume; 2 density;
# 3 flow velocity in lab frame; 4 pressure; 5 reaction progress variable 1;
# 6 reaction progress variable 2.
 -1.2074999999999999e+01   5.5707061820520898e-01   1.7951045474662397e+00   2.9873392936739664e+00   2.1148123882337181e+01   9.9999899999999997e-01   9.9998518448944163e-01
 -1.2049999999999999e+01   5.5707061820520898e-01   1.7951045474662397e+00   2.9873392936739664e+00   2.1148123882337181e+01   9.9999899999999997e-01   9.9998518448944163e-01
 -1.2024999999999999e+01   5.5707061820520898e-01   1.7951045474662397e+00   2.9873392936739664e+00   2.1148123882337181e+01   9.9999899999999997e-01   9.9998518448944163e-01
 -1.2000000000000000e+01   5.5707061820520898e-01   1.7951045474662397e+00   2.9873392936739664e+00   2.1148123882337181e+01   9.9999899999999997e-01   9.9998518448944163e-01
 -1.1975000000000000e+01   5.5707061820520898e-01   1.7951045474662397e+00   2.9873392936739664e+00   2.1148123882337181e+01   9.9999899999999997e-01   9.9998518448944163e-01
 -1.1949999999999999e+01   5.5707061820520898e-01   1.7951045474662397e+00   2.9873392936739664e+00   2.1148123882337181e+01   9.9999899999999997e-01   9.9998518448944163e-01
 -1.1924999999999999e+01   5.5707061820520898e-01   1.7951045474662397e+00   2.9873392936739664e+00   2.1148123882337181e+01   9.9999899999999997e-01   9.9998518448944163e-01
 -1.1899999999999999e+01   5.5707061820520898e-01   1.7951045474662397e+00   2.9873392936739664e+00   2.1148123882337181e+01   9.9999899999999997e-01   9.9998518448944163e-01
 -1.1875000000000000e+01   5.5707061820520898e-01   1.7951045474662397e+00   2.9873392936739664e+00   2.1148123882337181e+01   9.9999899999999997e-01   9.9998518448944163e-01
 -1.1850000000000000e+01   5.5707061820520898e-01   1.7951045474662397e+00   2.9873392936739664e+00   2.1148123882337181e+01   9.9999899999999997e-01   9.9998518448944163e-01
 -1.1824999999999999e+01   5.5707061820520898e-01   1.7951045474662397e+00   2.9873392936739664e+00   2.1148123882337181e+01   9.9999899999999997e-01   9.9998518448944163e-01
 -1.1799999999999999e+01   5.5707061820520898e-01   1.7951045474662397e+00   2.9873392936739664e+00   2.1148123882337181e+01   9.9999899999999997e-01   9.9998518448944163e-01
 -1.1774999999999999e+01   5.5707061820520898e-01   1.7951045474662397e+00   2.9873392936739664e+00   2.1148123882337181e+01   9.9999899999999997e-01   9.9998518448944163e-01
 -1.1750000000000000e+01   5.5707061820520898e-01   1.7951045474662397e+00   2.9873392936739664e+00   2.1148123882337181e+01   9.9999899999999997e-01   9.9998518448944163e-01
 -1.1725000000000000e+01   5.5707061820520898e-01   1.7951045474662397e+00   2.9873392936739664e+00   2.1148123882337181e+01   9.9999899999999997e-01   9.9998518448944163e-01
 -1.1699999999999999e+01   5.5707061820520898e-01   1.7951045474662397e+00   2.9873392936739664e+00   2.1148123882337181e+01   9.9999899999999997e-01   9.9998518448944163e-01
 -1.1674999999999999e+01   5.5707061820520898e-01   1.7951045474662397e+00   2.9873392936739664e+00   2.1148123882337181e+01   9.9999899999999997e-01   9.9998518448944163e-01
 -1.1649999999999999e+01   5.5707061820520898e-01   1.7951045474662397e+00   2.9873392936739664e+00   2.1148123882337181e+01   9.9999899999999997e-01   9.9998518448944163e-01
 -1.1625000000000000e+01   5.5707061820520898e-01   1.7951045474662397e+00   2.9873392936739664e+00   2.1148123882337181e+01   9.9999899999999997e-01   9.9998518448944163e-01
 -1.1600000000000000e+01   5.5707061820520898e-01   1.7951045474662397e+00   2.9873392936739664e+00   2.1148123882337181e+01   9.9999899999999997e-01   9.9998518448944163e-01
 -1.1574999999999999e+01   5.5707061820520898e-01   1.7951045474662397e+00   2.9873392936739664e+00   2.1148123882337181e+01   9.9999899999999997e-01   9.9998518448944163e-01
 -1.1549999999999999e+01   5.5707061820520898e-01   1.7951045474662397e+00   2.9873392936739664e+00   2.1148123882337181e+01   9.9999899999999997e-01   9.9998518448944163e-01
 -1.1524999999999999e+01   5.5707061820520898e-01   1.7951045474662397e+00   2.9873392936739664e+00   2.1148123882337181e+01   9.9999899999999997e-01   9.9998518448944163e-01
 -1.1500000000000000e+01   5.5707061820520898e-01   1.7951045474662397e+00   2.9873392936739664e+00   2.1148123882337181e+01   9.9999899999999997e-01   9.9998518448944163e-01
 -1.1475000000000000e+01   5.5707061820520898e-01   1.7951045474662397e+00   2.9873392936739664e+00   2.1148123882337181e+01   9.9999899999999997e-01   9.9998518448944163e-01
 -1.1449999999999999e+01   5.5707061820520898e-01   1.7951045474662397e+00   2.9873392936739664e+00   2.1148123882337181e+01   9.9999899999999997e-01   9.9998518448944163e-01
 -1.1424999999999999e+01   5.5707061820520898e-01   1.7951045474662397e+00   2.9873392936739664e+00   2.1148123882337181e+01   9.9999899999999997e-01   9.9998518448944163e-01
 -1.1399999999999999e+01   5.5707061820520898e-01   1.7951045474662397e+00   2.9873392936739664e+00   2.1148123882337181e+01   9.9999899999999997e-01   9.9998518448944163e-01
 -1.1375000000000000e+01   5.5707061820520898e-01   1.7951045474662397e+00   2.9873392936739664e+00   2.1148123882337181e+01   9.9999899999999997e-01   9.9998518448944163e-01
 -1.1350000000000000e+01   5.5707061820520898e-01   1.7951045474662397e+00   2.9873392936739664e+00   2.1148123882337181e+01   9.9999899999999997e-01   9.9998518448944163e-01
 -1.1324999999999999e+01   5.5707061820520898e-01   1.7951045474662397e+00   2.9873392936739664e+00   2.1148123882337181e+01   9.9999899999999997e-01   9.9998518448944163e-01
 -1.1299999999999999e+01   5.5707061820520898e-01   1.7951045474662397e+00   2.9873392936739664e+00   2.1148123882337181e+01   9.9999899999999997e-01   9.9998518448944163e-01
 -1.1274999999999999e+01   5.5707061820520898e-01   1.7951045474662397e+00   2.9873392936739664e+00   2.1148123882337181e+01   9.9999899999999997e-01   9.9998518448944163e-01
 -1.1250000000000000e+01   5.5707061820520898e-01   1.7951045474662397e+00   2.9873392936739664e+00   2.1148123882337181e+01   9.9999899999999997e-01   9.9998518448944163e-01
 -1.1225000000000000e+01   5.5707061820520898e-01   1.7951045474662397e+00   2.9873392936739664e+00   2.1148123882337181e+01   9.9999899999999997e-01   9.9998518448944163e-01
 -1.1199999999999999e+01   5.5706941143541044e-01   1.7951084361700682e+00   2.9873474327385345e+00   2.1148178776296348e+01   9.9999899373242285e-01   9.9998509791926404e-01
 -1.1174999999999999e+01   5.5706354314688789e-01   1.7951273464261106e+00   2.9873870114380079e+00   2.1148445715020646e+01   9.9999896298286883e-01   9.9998467375570876e-01
 -1.1149999999999999e+01   5.5705758337534983e-01   1.7951465518892182e+00   2.9874272071451089e+00   2.1148716815155780e+01   9.9999893129318396e-01   9.9998423757774013e-01
 -1.1125000000000000e+01   5.5705153069367586e-01   1.7951660571773973e+00   2.9874680294850573e+00   2.1148992141619093e+01   9.9999889863460190e-01   9.9998378904689555e-01
 -1.1100000000000000e+01   5.5704538365259371e-01   1.7951858669807395e+00   2.9875094882324769e+00   2.1149271760335584e+01   9.9999886497747592e-01   9.9998332781524635e-01
 -1.1074999999999999e+01   5.5703914077989780e-01   1.7952059860639646e+00   2.9875515933166650e+00   2.1149555738273442e+01   9.9999883029125036e-01   9.9998285352511462e-01
 -1.1049999999999999e+01   5.5703280058078342e-01   1.7952264192653686e+00   2.9875943548193393e+00   2.1149844143428858e+01   9.9999879454443352e-01   9.9998236580881228e-01
 -1.1024999999999999e+01   5.5702636153647322e-01   1.7952471715012748e+00   2.9876377829839003e+00   2.1150137044888499e+01   9.9999875770456870e-01   9.9998186428836011e-01
 -1.1000000000000000e+01   5.5701982210500378e-01   1.7952682477635240e+00   2.9876818882101279e+00   2.1150434512793726e+01   9.9999871973820520e-01   9.9998134857521015e-01
 -1.0975000000000000e+01   5.5701318071984296e-01   1.7952896531239591e+00   2.9877266810635055e+00   2.1150736618403492e+01   9.9999868061086672e-01   9.9998081826993679e-01
 -1.0949999999999999e+01   5.5700643579030040e-01   1.7953113927331283e+00   2.9877721722724515e+00   2.1151043434075667e+01   9.9999864028702090e-01   9.9998027296194891e-01
 -1.0924999999999999e+01   5.5699958570049424e-01   1.7953334718236447e+00   2.9878183727352887e+00   2.1151355033314040e+01   9.9999859873004593e-01   9.9997971222916637e-01
 -1.0899999999999999e+01   5.5699262880938905e-01   1.7953558957100930e+00   2.9878652935199885e+00   2.1151671490766592e+01   9.9999855590219833e-01   9.9997913563771801e-01
 -1.0875000000000000e+01   5.5698556345003825e-01   1.7953786697915022e+00   2.9879129458692795e+00   2.1151992882259965e+01   9.9999851176457688e-01   9.9997854274159204e-01
 -1.0850000000000000e+01   5.5697838792981513e-01   1.7954017995506317e+00   2.9879613411990911e+00   2.1152319284788938e+01   9.9999846627708844e-01   9.9997793308231742e-01
 -1.0824999999999999e+01   5.5697110052928223e-01   1.7954252905576489e+00   2.9880104911061767e+00   2.1152650776567882e+01   9.9999841939841094e-01   9.9997730618861302e-01
 -1.0799999999999999e+01   5.5696369950191937e-01   1.7954491484710375e+00   2.9880604073699497e+00   2.1152987437043102e+01   9.9999837108595491e-01   9.9997666157602216e-01
 -1.0774999999999999e+01   5.5695618307424422e-01   1.7954733790372455e+00   2.9881111019516711e+00   2.1153329346887368e+01   9.9999832129582644e-01   9.9997599874657261e-01
 -1.0750000000000000e+01   5.5694854944465177e-01   1.7954979880944597e+00   2.9881625870022730e+00   2.1153676588052715e+01   9.9999826998278440e-01   9.9997531718836552e-01
 -1.0725000000000000e+01   5.5694079678364528e-01   1.7955229815718992e+00   2.9882148748608057e+00   2.1154029243759915e+01   9.9999821710020143e-01   9.9997461637522078e-01
 -1.0699999999999999e+01   5.5693292323259225e-01   1.7955483654938629e+00   2.9882679780628245e+00   2.1154387398555084e+01   9.9999816260001984e-01   9.9997389576626183e-01
 -1.0674999999999999e+01   5.5692492690407924e-01   1.7955741459786245e+00   2.9883219093379978e+00   2.1154751138293530e+01   9.9999810643270826e-01   9.9997315480551530e-01
 -1.0649999999999999e+01   5.5691680588116255e-01   1.7956003292408895e+00   2.9883766816151622e+00   2.1155120550173848e+01   9.9999804854721686e-01   9.9997239292149986e-01
 -1.0625000000000000e+01   5.5690855821649976e-01   1.7956269215946350e+00   2.9884323080281772e+00   2.1155495722777417e+01   9.9999798889092950e-01   9.9997160952678121e-01
 -1.0600000000000000e+01   5.5690018193245849e-01   1.7956539294528031e+00   2.9884888019151936e+00   2.1155876746063463e+01   9.9999792740961602e-01   9.9997080401753513e-01
 -1.0574999999999999e+01   5.5689167502045500e-01   1.7956813593294769e+00   2.9885461768231143e+00   2.1156263711399127e+01   9.9999786404738333e-01   9.9996997577310420e-01
 -1.0549999999999999e+01   5.5688303544006756e-01   1.7957092178427856e+00   2.9886044465135733e+00   2.1156656711599819e+01   9.9999779874662309e-01   9.9996912415551453e-01
 -1.0524999999999999e+01   5.5687426111919580e-01   1.7957375117144365e+00   2.9886636249618608e+00   2.1157055840921949e+01   9.9999773144795978e-01   9.9996824850900823e-01
 -1.0500000000000000e+01   5.5686534995298831e-01   1.7957662477732221e+00   2.9887237263641571e+00   2.1157461195111726e+01   9.9999766209019614e-01   9.9996734815954746e-01
 -1.0475000000000000e+01   5.5685629980381468e-01   1.7957954329551604e+00   2.9887847651377202e+00   2.1157872871406408e+01   9.9999759061025739e-01   9.9996642241431277e-01
 -1.0449999999999999e+01   5.5684710850027286e-01   1.7958250743067474e+00   2.9888467559275824e+00   2.1158290968579486e+01   9.9999751694313288e-01   9.9996547056117446e-01
 -1.0424999999999999e+01   5.5683777383693267e-01   1.7958551789858375e+00   2.9889097136082774e+00   2.1158715586952319e+01   9.9999744102181654e-01   9.9996449186815950e-01
 -1.0399999999999999e+01   5.5682829357382013e-01   1.7958857542633606e+00   2.9889736532873199e+00   2.1159146828417615e+01   9.9999736277724605e-01   9.9996348558290971e-01
 -1.0375000000000000e+01   5.5681866543564973e-01   1.7959168075258565e+00   2.9890385903103835e+00   2.1159584796474345e+01   9.9999728213823935e-01   9.9996245093211533e-01
 -1.0350000000000000e+01   5.5680888711151599e-01   1.7959483462765260e+00   2.9891045402633822e+00   2.1160029596241770e+01   9.9999719903142958e-01   9.9996138712093741e-01
 -1.0324999999999999e+01   5.5679895625409526e-01   1.7959803781378676e+00   2.9891715189778503e+00   2.1160481334495756e+01   9.9999711338119657e-01   9.9996029333239733e-01
 -1.0299999999999999e+01   5.5678887047931003e-01   1.7960129108528211e+00   2.9892395425332103e+00   2.1160940119684039e+01   9.9999702510959942e-01   9.9995916872679003e-01
 -1.0274999999999999e+01   5.5677862736543116e-01   1.7960459522877283e+00   2.9893086272628255e+00   2.1161406061967064e+01   9.9999693413630331e-01   9.9995801244103233e-01
 -1.0250000000000000e+01   5.5676822445288121e-01   1.7960795104330332e+00   2.9893787897553277e+00   2.1161879273226937e+01   9.9999684037850745e-01   9.9995682358804028e-01
 -1.0225000000000000e+01   5.5675765924341969e-01   1.7961135934059789e+00   2.9894500468601111e+00   2.1162359867104477e+01   9.9999674375086722e-01   9.9995560125604055e-01
 -1.0199999999999999e+01   5.5674692919912727e-01   1.7961482094539545e+00   2.9895224156941853e+00   2.1162847959045433e+01   9.9999664416541689e-01   9.9995434450790244e-01
 -1.0174999999999999e+01   5.5673603174267772e-01   1.7961833669536913e+00   2.9895959136403385e+00   2.1163343666288107e+01   9.9999654153148954e-01   9.9995305238044663e-01
 -1.0149999999999999e+01   5.5672496425589668e-01   1.7962190744159867e+00   2.9896705583568601e+00   2.1163847107928909e+01   9.9999643575563224e-01   9.9995172388370568e-01
 -1.0125000000000000e+01   5.5671372407955333e-01   1.7962553404864543e+00   2.9897463677789453e+00   2.1164358404931846e+01   9.9999632674152161e-01   9.9995035800020204e-01
 -1.0100000000000000e+01   5.5670230851249969e-01   1.7962921739483804e+00   2.9898233601244986e+00   2.1164877680167667e+01   9.9999621438987385e-01   9.9994895368417080e-01
 -1.0074999999999999e+01   5.5669071481107890e-01   1.7963295837247162e+00   2.9899015538981271e+00   2.1165405058440779e+01   9.9999609859835548e-01   9.9994750986080361e-01
 -1.0049999999999999e+01   5.5667894018844721e-01   1.7963675788803499e+00   2.9899809678957112e+00   2.1165940666520083e+01   9.9999597926148698e-01   9.9994602542541877e-01
 -1.0024999999999999e+01   5.5666698181384722e-01   1.7964061686245405e+00   2.9900616212093079e+00   2.1166484633172050e+01   9.9999585627054799e-01   9.9994449924266415e-01
 -1.0000000000000000e+01   5.5665483681204375e-01   1.7964453623128278e+00   2.9901435332309538e+00   2.1167037089186362e+01   9.9999572951347582e-01   9.9994293014565272e-01
 -9.9749999999999996e+00   5.5664250226231149e-01   1.7964851694503940e+00   2.9902267236594948e+00   2.1167598167421971e+01   9.9999559887476275e-01   9.9994131693509836e-01
 -9.9499999999999993e+00   5.5662997519808977e-01   1.7965255996932732e+00   2.9903112125029137e+00   2.1168168002822817e+01   9.9999546423535002e-01   9.9993965837842524e-01
 -9.9249999999999989e+00   5.5661725260597095e-01   1.7965666628517163e+00   2.9903970200851515e+00   2.1168746732463820e+01   9.9999532547251835e-01   9.9993795320885182e-01
 -9.8999999999999986e+00   5.5660433142504584e-01   1.7966083688924064e+00   2.9904841670505249e+00   2.1169334495580660e+01   9.9999518245977426e-01   9.9993620012444007e-01
 -9.8750000000000000e+00   5.5659120854611477e-01   1.7966507279411112e+00   2.9905726743690462e+00   2.1169931433605690e+01   9.9999503506673426e-01   9.9993439778713422e-01
 -9.8499999999999996e+00   5.5657788081098425e-01   1.7966937502850628e+00   2.9906625633411656e+00   2.1170537690199897e+01   9.9999488315900453e-01   9.9993254482176408e-01
 -9.8249999999999993e+00   5.5656434501173468e-01   1.7967374463754338e+00   2.9907538556027125e+00   2.1171153411286227e+01   9.9999472659805744e-01   9.9993063981502639e-01
 -9.7999999999999989e+00   5.5655059788954686e-01   1.7967818268312421e+00   2.9908465731328078e+00   2.1171778745102973e+01   9.9999456524110275e-01   9.9992868131442159e-01
 -9.7749999999999986e+00   5.5653663613439597e-01   1.7968269024404599e+00   2.9909407382559294e+00   2.1172413842217676e+01   9.9999439894095721e-01   9.9992666782718953e-01
 -9.7500000000000000e+00   5.5652245638390763e-01   1.7968726841638298e+00   2.9910363736496275e+00   2.1173058855579178e+01   9.9999422754590817e-01   9.9992459781919352e-01
 -9.7249999999999996e+00   5.5650805522263225e-01   1.7969191831373363e+00   2.9911335023494172e+00   2.1173713940550623e+01   9.9999405089957427e-01   9.9992246971378951e-01
 -9.6999999999999993e+00   5.5649342918121514e-01   1.7969664106750172e+00   2.9912321477543782e+00   2.1174379254947212e+01   9.9999386884076036e-01   9.9992028189064619e-01
 -9.6749999999999989e+00   5.5647857473534168e-01   1.7970143782725054e+00   2.9913323336342668e+00   2.1175054959084179e+01   9.9999368120330878e-01   9.9991803268454549e-01
 -9.6499999999999986e+00   5.5646348830514270e-01   1.7970630976090911e+00   2.9914340841335267e+00   2.1175741215803839e+01   9.9999348781594655e-01   9.9991572038415399e-01
 -9.6250000000000000e+00   5.5644816625400029e-01   1.7971125805517218e+00   2.9915374237793455e+00   2.1176438190529915e+01   9.9999328850212665e-01   9.9991334323074943e-01
 -9.5999999999999996e+00   5.5643260488795387e-01   1.7971628391570713e+00   2.9916423774856575e+00   2.1177146051294564e+01   9.9999308307986523e-01   9.9991089941692091e-01
 -9.5749999999999993e+00   5.5641680045451447e-01   1.7972138856755229e+00   2.9917489705611415e+00   2.1177864968792285e+01   9.9999287136157322e-01   9.9990838708522878e-01
 -9.5499999999999989e+00   5.5640074914176874e-01   1.7972657325542241e+00   2.9918572287152654e+00   2.1178595116420706e+01   9.9999265315388208e-01   9.9990580432681953e-01
 -9.5249999999999986e+00   5.5638444707752777e-01   1.7973183924399991e+00   2.9919671780640256e+00   2.1179336670319284e+01   9.9999242825746748e-01   9.9990314918004319e-01
 -9.5000000000000000e+00   5.5636789032835132e-01   1.7973718781826726e+00   2.9920788451365277e+00   2.1180089809413701e+01   9.9999219646686222e-01   9.9990041962897058e-01
 -9.4749999999999996e+00   5.5635107489836277e-01   1.7974262028390713e+00   2.9921922568829813e+00   2.1180854715469767e+01   9.9999195757026704e-01   9.9989761360191465e-01
 -9.4499999999999993e+00   5.5633399672853889e-01   1.7974813796755014e+00   2.9923074406794865e+00   2.1181631573125721e+01   9.9999171134935461e-01   9.9989472896989895e-01
 -9.4249999999999989e+00   5.5631665169537170e-01   1.7975374221722573e+00   2.9924244243370630e+00   2.1182420569953116e+01   9.9999145757906760e-01   9.9989176354508902e-01
 -9.3999999999999986e+00   5.5629903561010430e-01   1.7975943440262843e+00   2.9925432361068012e+00   2.1183221896491560e+01   9.9999119602740982e-01   9.9988871507917132e-01
 -9.3750000000000000e+00   5.5628114421747610e-01   1.7976521591554318e+00   2.9926639046883259e+00   2.1184035746305813e+01   9.9999092645523080e-01   9.9988558126168892e-01
 -9.3499999999999996e+00   5.5626297319476747e-01   1.7977108817017458e+00   2.9927864592362399e+00   2.1184862316029228e+01   9.9999064861600473e-01   9.9988235971834438e-01
 -9.3249999999999993e+00   5.5624451815059772e-01   1.7977705260355661e+00   2.9929109293682310e+00   2.1185701805418439e+01   9.9999036225560145e-01   9.9987904800924299e-01
 -9.2999999999999989e+00   5.5622577462400746e-01   1.7978311067587098e+00   2.9930373451712606e+00   2.1186554417395097e+01   9.9999006711205130e-01   9.9987564362710157e-01
 -9.2749999999999986e+00   5.5620673808307530e-01   1.7978926387091692e+00   2.9931657372108944e+00   2.1187420358108803e+01   9.9998976291530051e-01   9.9987214399538293e-01
 -9.2500000000000000e+00   5.5618740392389510e-01   1.7979551369646500e+00   2.9932961365381985e+00   2.1188299836983617e+01   9.9998944938696177e-01   9.9986854646641254e-01
 -9.2249999999999996e+00   5.5616776746944974e-01   1.7980186168464536e+00   2.9934285746973366e+00   2.1189193066769306e+01   9.9998912624005487e-01   9.9986484831941913e-01
 -9.1999999999999993e+00   5.5614782396833551e-01   1.7980830939238475e+00   2.9935630837341733e+00   2.1190100263599348e+01   9.9998879317874001e-01   9.9986104675853116e-01
 -9.1749999999999989e+00   5.5612756859368573e-01   1.7981485840178038e+00   2.9936996962035338e+00   2.1191021647039914e+01   9.9998844989804381e-01   9.9985713891073080e-01
 -9.1499999999999986e+00   5.5610699644165384e-01   1.7982151032061668e+00   2.9938384451794344e+00   2.1191957440158866e+01   9.9998809608357375e-01   9.9985312182371788e-01
 -9.1250000000000000e+00   5.5608610253050716e-01   1.7982826678268578e+00   2.9939793642611945e+00   2.1192907869566966e+01   9.9998773141122732e-01   9.9984899246375658e-01
 -9.0999999999999996e+00   5.5606488179912350e-01   1.7983512944830178e+00   2.9941224875835761e+00   2.1193873165486284e+01   9.9998735554688900e-01   9.9984474771343068e-01
 -9.0749999999999993e+00   5.5604332910581455e-01   1.7984210000471039e+00   2.9942678498247202e+00   2.1194853561803701e+01   9.9998696814611998e-01   9.9984038436936074e-01
 -9.0499999999999989e+00   5.5602143922696357e-01   1.7984918016655971e+00   2.9944154862153347e+00   2.1195849296132888e+01   9.9998656885383730e-01   9.9983589913985138e-01
 -9.0249999999999986e+00   5.5599920685564308e-01   1.7985637167637816e+00   2.9945654325480167e+00   2.1196860609877188e+01   9.9998615730398088e-01   9.9983128864245030e-01
 -9.0000000000000000e+00   5.5597662660032632e-01   1.7986367630502349e+00   2.9947177251859438e+00   2.1197887748288220e+01   9.9998573311917482e-01   9.9982654940149485e-01
 -8.9749999999999996e+00   5.5595369298347852e-01   1.7987109585217151e+00   2.9948724010723748e+00   2.1198930960529971e+01   9.9998529591037399e-01   9.9982167784554510e-01
 -8.9499999999999993e+00   5.5593040044011699e-01   1.7987863214681614e+00   2.9950294977403620e+00   2.1199990499744285e+01   9.9998484527650033e-01   9.9981667030475729e-01
 -8.9249999999999989e+00   5.5590674331648127e-01   1.7988628704773484e+00   2.9951890533217189e+00   2.1201066623111355e+01   9.9998438080406915e-01   9.9981152300820086e-01
 -8.8999999999999986e+00   5.5588271586832427e-01   1.7989406244407802e+00   2.9953511065585467e+00   2.1202159591927472e+01   9.9998390206680154e-01   9.9980623208107910e-01
 -8.8750000000000000e+00   5.5585831225981819e-01   1.7990196025576064e+00   2.9955156968106142e+00   2.1203269671654777e+01   9.9998340862522761e-01   9.9980079354190743e-01
 -8.8499999999999996e+00   5.5583352656164653e-01   1.7990998243411855e+00   2.9956828640682240e+00   2.1204397132008047e+01   9.9998290002627399e-01   9.9979520329957949e-01
 -8.8249999999999993e+00   5.5580835274976692e-01   1.7991813096234894e+00   2.9958526489605579e+00   2.1205542247011000e+01   9.9998237580284000e-01   9.9978945715037093e-01
 -8.7999999999999989e+00   5.5578278470366471e-01   1.7992640785611693e+00   2.9960250927674554e+00   2.1206705295075700e+01   9.9998183547336039e-01   9.9978355077486136e-01
 -8.7749999999999986e+00   5.5575681620486150e-01   1.7993481516408119e+00   2.9962002374294743e+00   2.1207886559070438e+01   9.9998127854135466e-01   9.9977747973477604e-01
 -8.7500000000000000e+00   5.5573044093526258e-01   1.7994335496847305e+00   2.9963781255590329e+00   2.1209086326394871e+01   9.9998070449496024e-01   9.9977123946972180e-01
 -8.7249999999999996e+00   5.5570365247554532e-01   1.7995202938566375e+00   2.9965588004512833e+00   2.1210304889053354e+01   9.9998011280645438e-01   9.9976482529386945e-01
 -8.6999999999999993e+00   5.5567644430336294e-01   1.7996084056679313e+00   2.9967423060962242e+00   2.1211542543736641e+01   9.9997950293175708e-01   9.9975823239250616e-01
 -8.6749999999999989e+00   5.5564880979188391e-01   1.7996979069829127e+00   2.9969286871885514e+00   2.1212799591888313e+01   9.9997887430992127e-01   9.9975145581852465e-01
 -8.6499999999999986e+00   5.5562074220778157e-01   1.7997888200257957e+00   2.9971179891412190e+00   2.1214076339796254e+01   9.9997822636260603e-01   9.9974449048880798e-01
 -8.6250000000000000e+00   5.5559223470969421e-01   1.7998811673862143e+00   2.9973102580958217e+00   2.1215373098662674e+01   9.9997755849353165e-01   9.9973733118050001e-01
 -8.5999999999999996e+00   5.5556328034623037e-01   1.7999749720262181e+00   2.9975055409360536e+00   2.1216690184694851e+01   9.9997687008791925e-01   9.9972997252719342e-01
 -8.5749999999999993e+00   5.5553387205440008e-01   1.8000702572859069e+00   2.9977038852982822e+00   2.1218027919176507e+01   9.9997616051191329e-01   9.9972240901502130e-01
 -8.5499999999999989e+00   5.5550400265746547e-01   1.8001670468909643e+00   2.9979053395860502e+00   2.1219386628565552e+01   9.9997542911198267e-01   9.9971463497860791e-01
 -8.5249999999999986e+00   5.5547366486328986e-01   1.8002653649585971e+00   2.9981099529812081e+00   2.1220766644569210e+01   9.9997467521430661e-01   9.9970664459695091e-01
 -8.5000000000000000e+00   5.5544285126226256e-01   1.8003652360048679e+00   2.9983177754579096e+00   2.1222168304238398e+01   9.9997389812413906e-01   9.9969843188916896e-01
 -8.4749999999999996e+00   5.5541155432542599e-01   1.8004666849513926e+00   2.9985288577952445e+00   2.1223591950052917e+01   9.9997309712515137e-01   9.9968999071011722e-01
 -8.4499999999999993e+00   5.5537976640246656e-01   1.8005697371325027e+00   2.9987432515907888e+00   2.1225037930012871e+01   9.9997227147875889e-01   9.9968131474593525e-01
 -8.4249999999999989e+00   5.5534747971959109e-01   1.8006744183027987e+00   2.9989610092749266e+00   2.1226506597735224e+01   9.9997142042342024e-01   9.9967239750940939e-01
 -8.3999999999999986e+00   5.5531468637767534e-01   1.8007807546438444e+00   2.9991821841233390e+00   2.1227998312538059e+01   9.9997054317391965e-01   9.9966323233526655e-01
 -8.3750000000000000e+00   5.5528137834988178e-01   1.8008887727726066e+00   2.9994068302730690e+00   2.1229513439548921e+01   9.9996963892062274e-01   9.9965381237530071e-01
 -8.3499999999999996e+00   5.5524754747979743e-01   1.8009984997482313e+00   2.9996350027350820e+00   2.1231052349789522e+01   9.9996870682871086e-01   9.9964413059338864e-01
 -8.3249999999999993e+00   5.5521318547904663e-01   1.8011099630805496e+00   2.9998667574103672e+00   2.1232615420284340e+01   9.9996774603738936e-01   9.9963417976035407e-01
 -8.3000000000000007e+00   5.5517828392518109e-01   1.8012231907377083e+00   3.0001021511041666e+00   2.1234203034156600e+01   9.9996675565907267e-01   9.9962395244871305e-01
 -8.2749999999999986e+00   5.5514283425941335e-01   1.8013382111543366e+00   3.0003412415412614e+00   2.1235815580731366e+01   9.9996573477854211e-01   9.9961344102726191e-01
 -8.2500000000000000e+00   5.5510682778433773e-01   1.8014550532397808e+00   3.0005840873813461e+00   2.1237453455639212e+01   9.9996468245207581e-01   9.9960263765550805e-01
 -8.2249999999999996e+00   5.5507025566145551e-01   1.8015737463870030e+00   3.0008307482357162e+00   2.1239117060928809e+01   9.9996359770655274e-01   9.9959153427796843e-01
 -8.1999999999999993e+00   5.5503310890901925e-01   1.8016943204804734e+00   3.0010812846818098e+00   2.1240806805164965e+01   9.9996247953852879e-01   9.9958012261832041e-01
 -8.1750000000000007e+00   5.5499537839939717e-01   1.8018168059056512e+00   3.0013357582809816e+00   2.1242523103548532e+01   9.9996132691327977e-01   9.9956839417335541e-01
 -8.1499999999999986e+00   5.5495705485678437e-01   1.8019412335573717e+00   3.0015942315939421e+00   2.1244266378020512e+01   9.9996013876381862e-01   9.9955634020681894e-01
 -8.1250000000000000e+00   5.5491812885452041e-01   1.8020676348495439e+00   3.0018567681988464e+00   2.1246037057384072e+01   9.9995891398987546e-01   9.9954395174302402e-01
 -8.0999999999999996e+00   5.5487859081264812e-01   1.8021960417240981e+00   3.0021234327077608e+00   2.1247835577415596e+01   9.9995765145685145e-01   9.9953121956035584e-01
 -8.0749999999999993e+00   5.5483843099530339e-01   1.8023264866605191e+00   3.0023942907842662e+00   2.1249662380983413e+01   9.9995634999473348e-01   9.9951813418454449e-01
 -8.0500000000000007e+00   5.5479763950800587e-01   1.8024590026857346e+00   3.0026694091617316e+00   2.1251517918171047e+01   9.9995500839697782e-01   9.9950468588178998e-01
 -8.0249999999999986e+00   5.5475620629495637e-01   1.8025936233840232e+00   3.0029488556615429e+00   2.1253402646400140e+01   9.9995362541935595e-01   9.9949086465168258e-01
 -8.0000000000000000e+00   5.5471412113640084e-01   1.8027303829067407e+00   3.0032326992108778e+00   2.1255317030550383e+01   9.9995219977876482e-01   9.9947666021994286e-01
 -7.9749999999999996e+00   5.5467137364562491e-01   1.8028693159832907e+00   3.0035210098629808e+00   2.1257261543096202e+01   9.9995073015199676e-01   9.9946206203094579e-01
 -7.9499999999999993e+00   5.5462795326632242e-01   1.8030104579309185e+00   3.0038138588149086e+00   2.1259236664226485e+01   9.9994921517447199e-01   9.9944705924005972e-01
 -7.9249999999999998e+00   5.5458384926952942e-01   1.8031538446659614e+00   3.0041113184282082e+00   2.1261242881984021e+01   9.9994765343892944e-01   9.9943164070577062e-01
 -7.8999999999999995e+00   5.5453905075073506e-01   1.8032995127145686e+00   3.0044134622484049e+00   2.1263280692396950e+01   9.9994604349407590e-01   9.9941579498159505e-01
 -7.8750000000000000e+00   5.5449354662682904e-01   1.8034474992239977e+00   3.0047203650255878e+00   2.1265350599617602e+01   9.9994438384318951e-01   9.9939951030775287e-01
 -7.8499999999999996e+00   5.5444732563305665e-01   1.8035978419739340e+00   3.0050321027349476e+00   2.1267453116061006e+01   9.9994267294268246e-01   9.9938277460265446e-01
 -7.8249999999999993e+00   5.5440037631992611e-01   1.8037505793880144e+00   3.0053487525976359e+00   2.1269588762545581e+01   9.9994090920061318e-01   9.9936557545411597e-01
 -7.7999999999999998e+00   5.5435268704989504e-01   1.8039057505461213e+00   3.0056703931031112e+00   2.1271758068443852e+01   9.9993909097515243e-01   9.9934790011035501e-01
 -7.7749999999999995e+00   5.5430424599428696e-01   1.8040633951959781e+00   3.0059971040299382e+00   2.1273961571822714e+01   9.9993721657299928e-01   9.9932973547073511e-01
 -7.7500000000000000e+00   5.5425504112984980e-01   1.8042235537659674e+00   3.0063289664689967e+00   2.1276199819599992e+01   9.9993528424774636e-01   9.9931106807626424e-01
 -7.7249999999999996e+00   5.5420506023543736e-01   1.8043862673776021e+00   3.0066660628458641e+00   2.1278473367695383e+01   9.9993329219819205e-01   9.9929188409983216e-01
 -7.6999999999999993e+00   5.5415429088862822e-01   1.8045515778582613e+00   3.0070084769436209e+00   2.1280782781184257e+01   9.9993123856659727e-01   9.9927216933617635e-01
 -7.6749999999999998e+00   5.5410272046208220e-01   1.8047195277548380e+00   3.0073562939274212e+00   2.1283128634463406e+01   9.9992912143688606e-01   9.9925190919157625e-01
 -7.6499999999999995e+00   5.5405033612014820e-01   1.8048901603466327e+00   3.0077096003673747e+00   2.1285511511405332e+01   9.9992693883278871e-01   9.9923108867327737e-01
 -7.6250000000000000e+00   5.5399712481509289e-01   1.8050635196595453e+00   3.0080684842639798e+00   2.1287932005529814e+01   9.9992468871592322e-01   9.9920969237861335e-01
 -7.5999999999999996e+00   5.5394307328344139e-01   1.8052396504799697e+00   3.0084330350728048e+00   2.1290390720170357e+01   9.9992236898381470e-01   9.9918770448383576e-01
 -7.5749999999999993e+00   5.5388816804224794e-01   1.8054185983689848e+00   3.0088033437296415e+00   2.1292888268643825e+01   9.9991997746785122e-01   9.9916510873264630e-01
 -7.5499999999999998e+00   5.5383239538519258e-01   1.8056004096771843e+00   3.0091795026768282e+00   2.1295425274428009e+01   9.9991751193117173e-01   9.9914188842440610e-01
 -7.5249999999999995e+00   5.5377574137866925e-01   1.8057851315596085e+00   3.0095616058896373e+00   2.1298002371339567e+01   9.9991497006648644e-01   9.9911802640203384e-01
 -7.5000000000000000e+00   5.5371819185781546e-01   1.8059728119909439e+00   3.0099497489030496e+00   2.1300620203714637e+01   9.9991234949382413e-01   9.9909350503955674e-01
 -7.4749999999999996e+00   5.5365973242239774e-01   1.8061634997812710e+00   3.0103440288395071e+00   2.1303279426595978e+01   9.9990964775820823e-01   9.9906830622934473e-01
 -7.4499999999999993e+00   5.5360034843272588e-01   1.8063572445918017e+00   3.0107445444364700e+00   2.1305980705918856e+01   9.9990686232725545e-01   9.9904241136898075e-01
 -7.4249999999999998e+00   5.5354002500531507e-01   1.8065540969515221e+00   3.0111513960756708e+00   2.1308724718708330e+01   9.9990399058869550e-01   9.9901580134777168e-01
 -7.3999999999999995e+00   5.5347874700868160e-01   1.8067541082734917e+00   3.0115646858114724e+00   2.1311512153270542e+01   9.9990102984781071e-01   9.9898845653290125e-01
 -7.3750000000000000e+00   5.5341649905886137e-01   1.8069573308721323e+00   3.0119845174010931e+00   2.1314343709396525e+01   9.9989797732479102e-01   9.9896035675519890e-01
 -7.3499999999999996e+00   5.5335326551496089e-01   1.8071638179805107e+00   3.0124109963346122e+00   2.1317220098564622e+01   9.9989483015200142e-01   9.9893148129451270e-01
 -7.3249999999999993e+00   5.5328903047458688e-01   1.8073736237681131e+00   3.0128442298657960e+00   2.1320142044148358e+01   9.9989158537116196e-01   9.9890180886470570e-01
 -7.2999999999999998e+00   5.5322377776916998e-01   1.8075868033590654e+00   3.0132843270436362e+00   2.1323110281629173e+01   9.9988823993043130e-01   9.9887131759820813e-01
 -7.2749999999999995e+00   5.5315749095917821e-01   1.8078034128508218e+00   3.0137313987446337e+00   2.1326125558814145e+01   9.9988479068139735e-01   9.9883998503017513e-01
 -7.2500000000000000e+00   5.5309015332931000e-01   1.8080235093330250e+00   3.0141855577052183e+00   2.1329188636054649e+01   9.9988123437596743e-01   9.9880778808220172e-01
 -7.2249999999999996e+00   5.5302174788357139e-01   1.8082471509068603e+00   3.0146469185549503e+00   2.1332300286470307e+01   9.9987756766315650e-01   9.9877470304559679e-01
 -7.1999999999999993e+00   5.5295225734012088e-01   1.8084743967052839e+00   3.0151155978512918e+00   2.1335461296183453e+01   9.9987378708576646e-01   9.9874070556417593e-01
 -7.1749999999999998e+00   5.5288166412623518e-01   1.8087053069129775e+00   3.0155917141135569e+00   2.1338672464548168e+01   9.9986988907695984e-01   9.9870577061662003e-01
 -7.1499999999999995e+00   5.5280995037300174e-01   1.8089399427873218e+00   3.0160753878587099e+00   2.1341934604391678e+01   9.9986586995671689e-01   9.9866987249832440e-01
 -7.1250000000000000e+00   5.5273709790997561e-01   1.8091783666796148e+00   3.0165667416374027e+00   2.1345248542257430e+01   9.9986172592817679e-01   9.9863298480276352e-01
 -7.0999999999999996e+00   5.5266308825972710e-01   1.8094206420567831e+00   3.0170659000707460e+00   2.1348615118653093e+01   9.9985745307385598e-01   9.9859508040233302e-01
 -7.0749999999999993e+00   5.5258790263224089e-01   1.8096668335237180e+00   3.0175729898880865e+00   2.1352035188305337e+01   9.9985304735174207e-01   9.9855613142867894e-01
 -7.0499999999999998e+00   5.5251152191925479e-01   1.8099170068459534e+00   3.0180881399651884e+00   2.1355509620417358e+01   9.9984850459125740e-01   9.9851610925248202e-01
 -7.0249999999999995e+00   5.5243392668844304e-01   1.8101712289730016e+00   3.0186114813634632e+00   2.1359039298933464e+01   9.9984382048908760e-01   9.9847498446268534e-01
 -7.0000000000000000e+00   5.5235509717750253e-01   1.8104295680621632e+00   3.0191431473698582e+00   2.1362625122808090e+01   9.9983899060487114e-01   9.9843272684515116e-01
 -6.9749999999999996e+00   5.5227501328809692e-01   1.8106920935029613e+00   3.0196832735376962e+00   2.1366268006281263e+01   9.9983401035674624e-01   9.9838930536074488e-01
 -6.9499999999999993e+00   5.5219365457973502e-01   1.8109588759419604e+00   3.0202319977279659e+00   2.1369968879157071e+01   9.9982887501674678e-01   9.9834468812279764e-01
 -6.9249999999999998e+00   5.5211100026340010e-01   1.8112299873085700e+00   3.0207894601522884e+00   2.1373728687093447e+01   9.9982357970604474e-01   9.9829884237395661e-01
 -6.8999999999999995e+00   5.5202702919519209e-01   1.8115055008409895e+00   3.0213558034157972e+00   2.1377548391891381e+01   9.9981811939003429e-01   9.9825173446240878e-01
 -6.8750000000000000e+00   5.5194171986975837e-01   1.8117854911130289e+00   3.0219311725614437e+00   2.1381428971793738e+01   9.9981248887324936e-01   9.9820332981743753e-01
 -6.8499999999999996e+00   5.5185505041356431e-01   1.8120700340616480e+00   3.0225157151153850e+00   2.1385371421791383e+01   9.9980668279411111e-01   9.9815359292431360e-01
 -6.8249999999999993e+00   5.5176699857812739e-01   1.8123592070148158e+00   3.0231095811326152e+00   2.1389376753930925e+01   9.9980069561949780e-01   9.9810248729848838e-01
 -6.7999999999999998e+00   5.5167754173298988e-01   1.8126530887204335e+00   3.0237129232443634e+00   2.1393445997634402e+01   9.9979452163913352e-01   9.9804997545909135e-01
 -6.7749999999999995e+00   5.5158665685859565e-01   1.8129517593757880e+00   3.0243258967061335e+00   2.1397580200023292e+01   9.9978815495978468e-01   9.9799601890167478e-01
 -6.7500000000000000e+00   5.5149432053907244e-01   1.8132553006575372e+00   3.0249486594463861e+00   2.1401780426246837e+01   9.9978158949926321e-01   9.9794057807022962e-01
 -6.7249999999999996e+00   5.5140050895476123e-01   1.8135637957527591e+00   3.0255813721169234e+00   2.1406047759821867e+01   9.9977481898022458e-01   9.9788361232841261e-01
 -6.7000000000000002e+00   5.5130519787463983e-01   1.8138773293905854e+00   3.0262241981439875e+00   2.1410383302977447e+01   9.9976783692375681e-01   9.9782507992998848e-01
 -6.6749999999999998e+00   5.5120836264860051e-01   1.8141959878745664e+00   3.0268773037803460e+00   2.1414788177006141e+01   9.9976063664275139e-01   9.9776493798845234e-01
 -6.6499999999999995e+00   5.5110997819951890e-01   1.8145198591159766e+00   3.0275408581587824e+00   2.1419263522624803e+01   9.9975321123504945e-01   9.9770314244581826e-01
 -6.6250000000000000e+00   5.5101001901521740e-01   1.8148490326677393e+00   3.0282150333462976e+00   2.1423810500340132e+01   9.9974555357635242e-01   9.9763964804052618e-01
 -6.5999999999999996e+00   5.5090845914015563e-01   1.8151835997595234e+00   3.0289000044001555e+00   2.1428430290826658e+01   9.9973765631289579e-01   9.9757440827450261e-01
 -6.5750000000000002e+00   5.5080527216707187e-01   1.8155236533332910e+00   3.0295959494242570e+00   2.1433124095306979e+01   9.9972951185386660e-01   9.9750737537925771e-01
 -6.5499999999999998e+00   5.5070043122831380e-01   1.8158692880801686e+00   3.0303030496276087e+00   2.1437893135946098e+01   9.9972111236356653e-01   9.9743850028108572e-01
 -6.5249999999999995e+00   5.5059390898708882e-01   1.8162206004778916e+00   3.0310214893833374e+00   2.1442738656249421e+01   9.9971244975330387e-01   9.9736773256527800e-01
 -6.5000000000000000e+00   5.5048567762843870e-01   1.8165776888294811e+00   3.0317514562895584e+00   2.1447661921473326e+01   9.9970351567300786e-01   9.9729502043934937e-01
 -6.4749999999999996e+00   5.5037570885010145e-01   1.8169406533026273e+00   3.0324931412310114e+00   2.1452664219040830e+01   9.9969430150255634e-01   9.9722031069525541e-01
 -6.4500000000000002e+00   5.5026397385308279e-01   1.8173095959703771e+00   3.0332467384426476e+00   2.1457746858970477e+01   9.9968479834280299e-01   9.9714354867054578e-01
 -6.4249999999999998e+00   5.5015044333210716e-01   1.8176846208525801e+00   3.0340124455740360e+00   2.1462911174310712e+01   9.9967499700629703e-01   9.9706467820845224e-01
 -6.3999999999999995e+00   5.5003508746577856e-01   1.8180658339586688e+00   3.0347904637557219e+00   2.1468158521587437e+01   9.9966488800768027e-01   9.9698364161685094e-01
 -6.3750000000000000e+00   5.4991787590659535e-01   1.8184533433313086e+00   3.0355809976665724e+00   2.1473490281258236e+01   9.9965446155375492e-01   9.9690037962610545e-01
 -6.3499999999999996e+00   5.4979877777069974e-01   1.8188472590913292e+00   3.0363842556029113e+00   2.1478907858178641e+01   9.9964370753320531e-01   9.9681483134572113e-01
 -6.3250000000000002e+00   5.4967776162739346e-01   1.8192476934838482e+00   3.0372004495492302e+00   2.1484412682079050e+01   9.9963261550596316e-01   9.9672693421979441e-01
 -6.2999999999999998e+00   5.4955479548847663e-01   1.8196547609254163e+00   3.0380297952500936e+00   2.1490006208049692e+01   9.9962117469220524e-01   9.9663662398123687e-01
 -6.2749999999999995e+00   5.4942984679726037e-01   1.8200685780526955e+00   3.0388725122842426e+00   2.1495689917040412e+01   9.9960937396096450e-01   9.9654383460469687e-01
 -6.2500000000000000e+00   5.4930288241740965e-01   1.8204892637721681e+00   3.0397288241398437e+00   2.1501465316368201e+01   9.9959720181834744e-01   9.9644849825819415e-01
 -6.2249999999999996e+00   5.4917386862148698e-01   1.8209169393113291e+00   3.0405989582917576e+00   2.1507333940238325e+01   9.9958464639533728e-01   9.9635054525338573e-01
 -6.2000000000000002e+00   5.4904277107926791e-01   1.8213517282711391e+00   3.0414831462803447e+00   2.1513297350275828e+01   9.9957169543517221e-01   9.9624990399445756e-01
 -6.1749999999999998e+00   5.4890955484577841e-01   1.8217937566799323e+00   3.0423816237921453e+00   2.1519357136069694e+01   9.9955833628027979e-01   9.9614650092557855e-01
 -6.1499999999999995e+00   5.4877418434902181e-01   1.8222431530489003e+00   3.0432946307426585e+00   2.1525514915731122e+01   9.9954455585875202e-01   9.9604026047688221e-01
 -6.1250000000000000e+00   5.4863662337749619e-01   1.8227000484288445e+00   3.0442224113605287e+00   2.1531772336461358e+01   9.9953034067034574e-01   9.9593110500894566e-01
 -6.0999999999999996e+00   5.4849683506738200e-01   1.8231645764686164e+00   3.0451652142739598e+00   2.1538131075134483e+01   9.9951567677198994e-01   9.9581895475571902e-01
 -6.0750000000000002e+00   5.4835478188944387e-01   1.8236368734751258e+00   3.0461232925990562e+00   2.1544592838893259e+01   9.9950054976277913e-01   9.9570372776583904e-01
 -6.0499999999999998e+00   5.4821042563559674e-01   1.8241170784751077e+00   3.0470969040304263e+00   2.1551159365760174e+01   9.9948494476843586e-01   9.9558533984229891e-01
 -6.0249999999999995e+00   5.4806372740522324e-01   1.8246053332783827e+00   3.0480863109334666e+00   2.1557832425259882e+01   9.9946884642522482e-01   9.9546370448044541e-01
 -6.0000000000000000e+00   5.4791464759112674e-01   1.8251017825430274e+00   3.0490917804391007e+00   2.1564613819058145e+01   9.9945223886329226e-01   9.9533873280420793e-01
 -5.9749999999999996e+00   5.4776314586515928e-01   1.8256065738423484e+00   3.0501135845407119e+00   2.1571505381615616e+01   9.9943510568941452e-01   9.9521033350055443e-01
 -5.9500000000000002e+00   5.4760918116353707e-01   1.8261198577336519e+00   3.0511520001931824e+00   2.1578508980855794e+01   9.9941742996913119e-01   9.9507841275210152e-01
 -5.9249999999999998e+00   5.4745271167176224e-01   1.8266417878291064e+00   3.0522073094145896e+00   2.1585626518850930e+01   9.9939919420823697e-01   9.9494287416780791e-01
 -5.8999999999999995e+00   5.4729369480925494e-01   1.8271725208683871e+00   3.0532797993898537e+00   2.1592859932521062e+01   9.9938038033361609e-01   9.9480361871175560e-01
 -5.8750000000000000e+00   5.4713208721356899e-01   1.8277122167935609e+00   3.0543697625771964e+00   2.1600211194352038e+01   9.9936096967338328e-01   9.9466054462988063e-01
 -5.8499999999999996e+00   5.4696784472422855e-01   1.8282610388261165e+00   3.0554774968171543e+00   2.1607682313130763e+01   9.9934094293631426e-01   9.9451354737466435e-01
 -5.8250000000000002e+00   5.4680092236621480e-01   1.8288191535460858e+00   3.0566033054439532e+00   2.1615275334696332e+01   9.9932028019053354e-01   9.9436251952768695e-01
 -5.7999999999999998e+00   5.4663127433303338e-01   1.8293867309735248e+00   3.0577474973997085e+00   2.1622992342710305e+01   9.9929896084143488e-01   9.9420735072000899e-01
 -5.7749999999999995e+00   5.4645885396938665e-01   1.8299639446523110e+00   3.0589103873512946e+00   2.1630835459444885e+01   9.9927696360879859e-01   9.9404792755027205e-01
 -5.7500000000000000e+00   5.4628361375338086e-01   1.8305509717365400e+00   3.0600922958103469e+00   2.1638806846592303e+01   9.9925426650308369e-01   9.9388413350051574e-01
 -5.7249999999999996e+00   5.4610550527839474e-01   1.8311479930791359e+00   3.0612935492555495e+00   2.1646908706089572e+01   9.9923084680085617e-01   9.9371584884959252e-01
 -5.7000000000000002e+00   5.4592447923440279e-01   1.8317551933234184e+00   3.0625144802586002e+00   2.1655143280968076e+01   9.9920668101932208e-01   9.9354295058412978e-01
 -5.6749999999999998e+00   5.4574048538891096e-01   1.8323727609971434e+00   3.0637554276127918e+00   2.1663512856220763e+01   9.9918174488993239e-01   9.9336531230697445e-01
 -5.6499999999999995e+00   5.4555347256739206e-01   1.8330008886094484e+00   3.0650167364649628e+00   2.1672019759692102e+01   9.9915601333102178e-01   9.9318280414303683e-01
 -5.6250000000000000e+00   5.4536338863326195e-01   1.8336397727506155e+00   3.0662987584505488e+00   2.1680666362988944e+01   9.9912946041944339e-01   9.9299529264245467e-01
 -5.5999999999999996e+00   5.4517018046732990e-01   1.8342896141949319e+00   3.0676018518321815e+00   2.1689455082415289e+01   9.9910205936116314e-01   9.9280264068101676e-01
 -5.5750000000000002e+00   5.4497379394676371e-01   1.8349506180065716e+00   3.0689263816415568e+00   2.1698388379929117e+01   9.9907378246076906e-01   9.9260470735774375e-01
 -5.5499999999999998e+00   5.4477417392354066e-01   1.8356229936486499e+00   3.0702727198247719e+00   2.1707468764122630e+01   9.9904460108985682e-01   9.9240134788956391e-01
 -5.5249999999999995e+00   5.4457126420231172e-01   1.8363069550957680e+00   3.0716412453916231e+00   2.1716698791229177e+01   9.9901448565424478e-01   9.9219241350298515e-01
 -5.5000000000000000e+00   5.4436500751776606e-01   1.8370027209498099e+00   3.0730323445682668e+00   2.1726081066152883e+01   9.9898340555997245e-01   9.9197775132267596e-01
 -5.4749999999999996e+00   5.4415534551138711e-01   1.8377105145594381e+00   3.0744464109539926e+00   2.1735618243526002e+01   9.9895132917803642e-01   9.9175720425687752e-01
 -5.4500000000000002e+00   5.4394221870762904e-01   1.8384305641432546e+00   3.0758838456818984e+00   2.1745313028792591e+01   9.9891822380781026e-01   9.9153061087953398e-01
 -5.4249999999999998e+00   5.4372556648950854e-01   1.8391631029167277e+00   3.0773450575835124e+00   2.1755168179318815e+01   9.9888405563910032e-01   9.9129780530907097e-01
 -5.3999999999999995e+00   5.4350532707354993e-01   1.8399083692231684e+00   3.0788304633577757e+00   2.1765186505532640e+01   9.9884878971277968e-01   9.9105861708370369e-01
 -5.3750000000000000e+00   5.4328143748409341e-01   1.8406666066688111e+00   3.0803404877443219e+00   2.1775370872092513e+01   9.9881238987994336e-01   9.9081287103317228e-01
 -5.3499999999999996e+00   5.4305383352695114e-01   1.8414380642621340e+00   3.0818755637011521e+00   2.1785724199085703e+01   9.9877481875952800e-01   9.9056038714681671e-01
 -5.3250000000000002e+00   5.4282244976239269e-01   1.8422229965575772e+00   3.0834361325868351e+00   2.1796249463257148e+01   9.9873603769433283e-01   9.9030098043787407e-01
 -5.2999999999999998e+00   5.4258721947741217e-01   1.8430216638039147e+00   3.0850226443475517e+00   2.1806949699270977e+01   9.9869600670537728e-01   9.9003446080388802e-01
 -5.2749999999999995e+00   5.4234807465727919e-01   1.8438343320973720e+00   3.0866355577089708e+00   2.1817828001004617e+01   9.9865468444452710e-01   9.8976063288310956e-01
 -5.2500000000000000e+00   5.4210494595636760e-01   1.8446612735396202e+00   3.0882753403729928e+00   2.1828887522875732e+01   9.9861202814532168e-01   9.8947929590679218e-01
 -5.2249999999999996e+00   5.4185776266819563e-01   1.8455027664009787e+00   3.0899424692198161e+00   2.1840131481205052e+01   9.9856799357192561e-01   9.8919024354723617e-01
 -5.2000000000000002e+00   5.4160645269469376e-01   1.8463590952888904e+00   3.0916374305152083e+00   2.1851563155614336e+01   9.9852253496613153e-01   9.8889326376148190e-01
 -5.1749999999999998e+00   5.4135094251466731e-01   1.8472305513219016e+00   3.0933607201232127e+00   2.1863185890460940e+01   9.9847560499233179e-01   9.8858813863050532e-01
 -5.1499999999999995e+00   5.4109115715140632e-01   1.8481174323094387e+00   3.0951128437246007e+00   2.1875003096311207e+01   9.9842715468037679e-01   9.8827464419379540e-01
 -5.1250000000000000e+00   5.4082702013946082e-01   1.8490200429374519e+00   3.0968943170409591e+00   2.1887018251451792e+01   9.9837713336623313e-01   9.8795255027917639e-01
 -5.0999999999999996e+00   5.4055845349050602e-01   1.8499386949603283e+00   3.0987056660649097e+00   2.1899234903442409e+01   9.9832548863035131e-01   9.8762162032774303e-01
 -5.0750000000000002e+00   5.4028537765832219e-01   1.8508737073991339e+00   3.1005474272963047e+00   2.1911656670708823e+01   9.9827216623364512e-01   9.8728161121374358e-01
 -5.0499999999999998e+00   5.4000771150280047e-01   1.8518254067466480e+00   3.1024201479849896e+00   2.1924287244180185e+01   9.9821711005098812e-01   9.8693227305929665e-01
 -5.0249999999999995e+00   5.3972537225301342e-01   1.8527941271792170e+00   3.1043243863798722e+00   2.1937130388968875e+01   9.9816026200211971e-01   9.8657334904376304e-01
 -5.0000000000000000e+00   5.3943827546926593e-01   1.8537802107758929e+00   3.1062607119848726e+00   2.1950189946096753e+01   9.9810156197985556e-01   9.8620457520763760e-01
 -4.9749999999999996e+00   5.3914633500412579e-01   1.8547840077450355e+00   3.1082297058217514e+00   2.1963469834267812e+01   9.9804094777548713e-01   9.8582568025078832e-01
 -4.9500000000000002e+00   5.3884946296239422e-01   1.8558058766587080e+00   3.1102319607000899e+00   2.1976974051689048e+01   9.9797835500125420e-01   9.8543638532489020e-01
 -4.9249999999999998e+00   5.3854756965997430e-01   1.8568461846952080e+00   3.1122680814946997e+00   2.1990706677941468e+01   9.9791371700976428e-01   9.8503640381987179e-01
 -4.8999999999999995e+00   5.3824056358161598e-01   1.8579053078900198e+00   3.1143386854306141e+00   2.2004671875902211e+01   9.9784696481023427e-01   9.8462544114422779e-01
 -4.8750000000000000e+00   5.3792835133751515e-01   1.8589836313954846e+00   3.1164444023758060e+00   2.2018873893718769e+01   9.9777802698141393e-01   9.8420319449898674e-01
 -4.8499999999999996e+00   5.3761083761867989e-01   1.8600815497497216e+00   3.1185858751422177e+00   2.2033317066839306e+01   9.9770682958105494e-01   9.8376935264518328e-01
 -4.8250000000000002e+00   5.3728792515109636e-01   1.8611994671549328e+00   3.1207637597948921e+00   2.2048005820097583e+01   9.9763329605177575e-01   9.8332359566463301e-01
 -4.7999999999999998e+00   5.3695951464859970e-01   1.8623377977656772e+00   3.1229787259698343e+00   2.2062944669856773e+01   9.9755734712316702e-01   9.8286559471381474e-01
 -4.7749999999999995e+00   5.3662550476443571e-01   1.8634969659874316e+00   3.1252314572007029e+00   2.2078138226212847e+01   9.9747890070997924e-01   9.8239501177068156e-01
 -4.7500000000000000e+00   5.3628579204146209e-01   1.8646774067859075e+00   3.1275226512546803e+00   2.2093591195259840e+01   9.9739787180622153e-01   9.8191149937418654e-01
 -4.7249999999999996e+00   5.3594027086096840e-01   1.8658795660074894e+00   3.1298530204776545e+00   2.2109308381417932e+01   9.9731417237499531e-01   9.8141470035632028e-01
 -4.7000000000000002e+00   5.3558883339003016e-01   1.8671039007114123e+00   3.1322232921492899e+00   2.2125294689828245e+01   9.9722771123387788e-01   9.8090424756644734e-01
 -4.6749999999999998e+00   5.3523136952739581e-01   1.8683508795140136e+00   3.1346342088479946e+00   2.2141555128814321e+01   9.9713839393566428e-01   9.8037976358773848e-01
 -4.6499999999999995e+00   5.3486776684783388e-01   1.8696209829456651e+00   3.1370865288262699e+00   2.2158094812413722e+01   9.9704612264426351e-01   9.7984086044546692e-01
 -4.6250000000000000e+00   5.3449791054488127e-01   1.8709147038209628e+00   3.1395810263968449e+00   2.2174918962982275e+01   9.9695079600553504e-01   9.7928713930693367e-01
 -4.5999999999999996e+00   5.3412168337198385e-01   1.8722325476225981e+00   3.1421184923296535e+00   2.2192032913871518e+01   9.9685230901284927e-01   9.7871819017281947e-01
 -4.5750000000000002e+00   5.3373896558193534e-01   1.8735750328996505e+00   3.1446997342602909e+00   2.2209442112183506e+01   9.9675055286713510e-01   9.7813359155970592e-01
 -4.5499999999999998e+00   5.3334963486457598e-01   1.8749426916808751e+00   3.1473255771102031e+00   2.2227152121604803e+01   9.9664541483117208e-01   9.7753291017352550e-01
 -4.5250000000000004e+00   5.3295356628271151e-01   1.8763360699035798e+00   3.1499968635188829e+00   2.2245168625321426e+01   9.9653677807787433e-01   9.7691570057370936e-01
 -4.5000000000000000e+00   5.3255063220617171e-01   1.8777557278588675e+00   3.1527144542886125e+00   2.2263497429018400e+01   9.9642452153229844e-01   9.7628150482777609e-01
 -4.4749999999999996e+00   5.3214070224395194e-01   1.8792022406539484e+00   3.1554792288421347e+00   2.2282144463966542e+01   9.9630851970709378e-01   9.7562985215609599e-01
 -4.4500000000000002e+00   5.3172364317440024e-01   1.8806761986922023e+00   3.1582920856935051e+00   2.2301115790198118e+01   9.9618864253110628e-01   9.7496025856659341e-01
 -4.4249999999999998e+00   5.3129931887335091e-01   1.8821782081719103e+00   3.1611539429327991e+00   2.2320417599775947e+01   9.9606475517082471e-01   9.7427222647910094e-01
 -4.4000000000000004e+00   5.3086759024018182e-01   1.8837088916043403e+00   3.1640657387248150e+00   2.2340056220156910e+01   9.9593671784435234e-01   9.7356524433912339e-01
 -4.3750000000000000e+00   5.3042831512168076e-01   1.8852688883522348e+00   3.1670284318225588e+00   2.2360038117655161e+01   9.9580438562756213e-01   9.7283878622071307e-01
 -4.3499999999999996e+00   5.2998134823370147e-01   1.8868588551894441e+00   3.1700430020956376e+00   2.2380369901005860e+01   9.9566760825208667e-01   9.7209231141820518e-01
 -4.3250000000000002e+00   5.2952654108048747e-01   1.8884794668828528e+00   3.1731104510743773e+00   2.2401058325034985e+01   9.9552622989476891e-01   9.7132526402651753e-01
 -4.2999999999999998e+00   5.2906374187163552e-01   1.8901314167974599e+00   3.1762318025098644e+00   2.2422110294436546e+01   9.9538008895818897e-01   9.7053707250974974e-01
 -4.2750000000000004e+00   5.2859279543659454e-01   1.8918154175257793e+00   3.1794081029506094e+00   2.2443532867661879e+01   9.9522901784185547e-01   9.6972714925777748e-01
 -4.2500000000000000e+00   5.2811354313661985e-01   1.8935322015427010e+00   3.1826404223363691e+00   2.2465333260924702e+01   9.9507284270363972e-01   9.6889489013058105e-01
 -4.2249999999999996e+00   5.2762582277413961e-01   1.8952825218868585e+00   3.1859298546094288e+00   2.2487518852323880e+01   9.9491138321100259e-01   9.6803967399001056e-01
 -4.2000000000000002e+00   5.2712946849938125e-01   1.8970671528700047e+00   3.1892775183443574e+00   2.2510097186090849e+01   9.9474445228154273e-01   9.6716086221868791e-01
 -4.1749999999999998e+00   5.2662431071425075e-01   1.8988868908154251e+00   3.1926845573962952e+00   2.2533075976961968e+01   9.9457185581237650e-01   9.6625779822577529e-01
 -4.1500000000000004e+00   5.2611017597331067e-01   1.9007425548270132e+00   3.1961521415688097e+00   2.2556463114682881e+01   9.9439339239783420e-01   9.6532980693932868e-01
 -4.1250000000000000e+00   5.2558688688181210e-01   1.9026349875902981e+00   3.1996814673016170e+00   2.2580266668646871e+01   9.9420885303492579e-01   9.6437619428492405e-01
 -4.0999999999999996e+00   5.2505426199065042e-01   1.9045650562070990e+00   3.2032737583790536e+00   2.2604494892673141e+01   9.9401802081601276e-01   9.6339624665030388e-01
 -4.0750000000000002e+00   5.2451211568818490e-01   1.9065336530652917e+00   3.2069302666597026e+00   2.2629156229927773e+01   9.9382067060808643e-01   9.6238923033574697e-01
 -4.0500000000000007e+00   5.2396025808878277e-01   1.9085416967455466e+00   3.2106522728281042e+00   2.2654259317993660e+01   9.9361656871802784e-01   9.6135439098989472e-01
 -4.0250000000000004e+00   5.2339849491802204e-01   1.9105901329667108e+00   3.2144410871690097e+00   2.2679812994092448e+01   9.9340547254319178e-01   9.6029095303076428e-01
 -4.0000000000000000e+00   5.2282662739442842e-01   1.9126799355718060e+00   3.2182980503650045e+00   2.2705826300464135e+01   9.9318713020662819e-01   9.5919811905170127e-01
 -3.9749999999999996e+00   5.2224445210763359e-01   1.9148121075566771e+00   3.2222245343182720e+00   2.2732308489909432e+01   9.9296128017621232e-01   9.5807506921199848e-01
 -3.9499999999999993e+00   5.2165176089286946e-01   1.9169876821433138e+00   3.2262219429970682e+00   2.2759269031498821e+01   9.9272765086693027e-01   9.5692096061197163e-01
 -3.9250000000000007e+00   5.2104834070165973e-01   1.9192077239001841e+00   3.2302917133078402e+00   2.2786717616454581e+01   9.9248596022551905e-01   9.5573492665224946e-01
 -3.9000000000000004e+00   5.2043397346859810e-01   1.9214733299119220e+00   3.2344353159937445e+00   2.2814664164210832e+01   9.9223591529662525e-01   9.5451607637707114e-01
 -3.8750000000000000e+00   5.1980843597410853e-01   1.9237856310008206e+00   3.2386542565602587e+00   2.2843118828656330e+01   9.9197721176960718e-01   9.5326349380141850e-01
 -3.8499999999999996e+00   5.1917149970304899e-01   1.9261457930028343e+00   3.2429500762288304e+00   2.2872092004566358e+01   9.9170953350505442e-01   9.5197623722179081e-01
 -3.8249999999999993e+00   5.1852293069904620e-01   1.9285550181008406e+00   3.2473243529193168e+00   2.2901594334228804e+01   9.9143255204006131e-01   9.5065333851049849e-01
 -3.8000000000000007e+00   5.1786248941442048e-01   1.9310145462181718e+00   3.2517787022621674e+00   2.2931636714270809e+01   9.9114592607123719e-01   9.4929380239335126e-01
 -3.7750000000000004e+00   5.1718993055559337e-01   1.9335256564754577e+00   3.2563147786410731e+00   2.2962230302690937e+01   9.9084930091438916e-01   9.4789660571066303e-01
 -3.7500000000000000e+00   5.1650500292382673e-01   1.9360896687141640e+00   3.2609342762671023e+00   2.2993386526103688e+01   9.9054230793975673e-01   9.4646069666151633e-01
 -3.7249999999999996e+00   5.1580744925116984e-01   1.9387079450902909e+00   3.2656389302851552e+00   2.3025117087201984e+01   9.9022456398162739e-01   9.4498499403129255e-01
 -3.6999999999999993e+00   5.1509700603146891e-01   1.9413818917419738e+00   3.2704305179137223e+00   2.3057433972444272e+01   9.8989567072109719e-01   9.4346838640248631e-01
 -3.6750000000000007e+00   5.1437340334632309e-01   1.9441129605348371e+00   3.2753108596187248e+00   2.3090349459971502e+01   9.8955521404068891e-01   9.4190973134891975e-01
 -3.6500000000000004e+00   5.1363636468582252e-01   1.9469026508893563e+00   3.2802818203225472e+00   2.3123876127761442e+01   9.8920276334946600e-01   9.4030785461347444e-01
 -3.6250000000000000e+00   5.1288560676394457e-01   1.9497525116945809e+00   3.2853453106490980e+00   2.3158026862026009e+01   9.8883787087722397e-01   9.3866154926957612e-01
 -3.5999999999999996e+00   5.1212083932846408e-01   1.9526641433129026e+00   3.2905032882058713e+00   2.3192814865858136e+01   9.8846007093626143e-01   9.3696957486668664e-01
 -3.5749999999999993e+00   5.1134176496523587e-01   1.9556391996808360e+00   3.2957577589039655e+00   2.3228253668134627e+01   9.8806887914916885e-01   9.3523065656018178e-01
 -3.5500000000000007e+00   5.1054807889670495e-01   1.9586793905110784e+00   3.3011107783170295e+00   2.3264357132681614e+01   9.8766379164099194e-01   9.3344348422605516e-01
 -3.5250000000000004e+00   5.0973946877451848e-01   1.9617864836013839e+00   3.3065644530799951e+00   2.3301139467708268e+01   9.8724428419404575e-01   9.3160671156098140e-01
 -3.5000000000000000e+00   5.0891561446607625e-01   1.9649623072562630e+00   3.3121209423286859e+00   2.3338615235516286e+01   9.8680981136357693e-01   9.2971895516839864e-01
 -3.4749999999999996e+00   5.0807618783491093e-01   1.9682087528276955e+00   3.3177824591810459e+00   2.3376799362490026e+01   9.8635980555238223e-01   9.2777879363137516e-01
 -3.4499999999999993e+00   5.0722085251474069e-01   1.9715277773816255e+00   3.3235512722610405e+00   2.3415707149374466e+01   9.8589367604240064e-01   9.2578476657315578e-01
 -3.4250000000000007e+00   5.0634926367708155e-01   1.9749214064972722e+00   3.3294297072659980e+00   2.3455354281846148e+01   9.8541080798120473e-01   9.2373537370643388e-01
 -3.4000000000000004e+00   5.0546106779228128e-01   1.9783917372068485e+00   3.3354201485783168e+00   2.3495756841383347e+01   9.8491056132121690e-01   9.2162907387254744e-01
 -3.3750000000000000e+00   5.0455590238386616e-01   1.9819409410836699e+00   3.3415250409222748e+00   2.3536931316440416e+01   9.8439226970937821e-01   9.1946428407198233e-01
 -3.3499999999999996e+00   5.0363339577607902e-01   1.9855712674872161e+00   3.3477468910667594e+00   2.3578894613931894e+01   9.8385523932488650e-01   9.1723937848773540e-01
 -3.3249999999999993e+00   5.0269316683451548e-01   1.9892850469741832e+00   3.3540882695745493e+00   2.3621664071030491e+01   9.8329874766252245e-01   9.1495268750334535e-01
 -3.3000000000000007e+00   5.0173482469976149e-01   1.9930846948851930e+00   3.3605518125987968e+00   2.3665257467283514e+01   9.8272204225895787e-01   9.1260249671757976e-01
 -3.2750000000000004e+00   5.0075796851394561e-01   1.9969727151174650e+00   3.3671402237272967e+00   2.3709693037051530e+01   9.8212433935933363e-01   9.1018704595805844e-01
 -3.2500000000000000e+00   4.9976218714015858e-01   2.0009517040943106e+00   3.3738562758748616e+00   2.3754989482271505e+01   9.8150482252127569e-01   9.0770452829637105e-01
 -3.2249999999999996e+00   4.9874705887467130e-01   2.0050243549431879e+00   3.3807028132242722e+00   2.3801165985547538e+01   9.8086264115338917e-01   9.0515308906752923e-01
 -3.1999999999999993e+00   4.9771215115193923e-01   2.0091934618946539e+00   3.3876827532158722e+00   2.3848242223569731e+01   9.8019690898515521e-01   9.0253082489696257e-01
 -3.1750000000000007e+00   4.9665702024237779e-01   2.0134619249154708e+00   3.3947990885859269e+00   2.3896238380861856e+01   9.7950670246502058e-01   8.9983578273861031e-01
 -3.1500000000000004e+00   4.9558121094292801e-01   2.0178327545899672e+00   3.4020548894536038e+00   2.3945175163857044e+01   9.7879105908334851e-01   8.9706595892808438e-01
 -3.1250000000000000e+00   4.9448425626047399e-01   2.0223090772646177e+00   3.4094533054561640e+00   2.3995073815298579e+01   9.7804897561676529e-01   8.9421929825531143e-01
 -3.0999999999999996e+00   4.9336567708817930e-01   2.0268941404719363e+00   3.4169975679319129e+00   2.4045956128962832e+01   9.7727940629030896e-01   8.9129369306154627e-01
 -3.0749999999999993e+00   4.9222498187487812e-01   2.0315913186506989e+00   3.4246909921499955e+00   2.4097844464698095e+01   9.7648126085365305e-01   8.8828698236616577e-01
 -3.0500000000000007e+00   4.9106166628767572e-01   2.0364041191807791e+00   3.4325369795859864e+00   2.4150761763772348e+01   9.7565340256755928e-01   8.8519695102926421e-01
 -3.0250000000000004e+00   4.8987521286798058e-01   2.0413361887520036e+00   3.4405390202417840e+00   2.4204731564519761e+01   9.7479464609657407e-01   8.8202132895664709e-01
 -3.0000000000000000e+00   4.8866509068123737e-01   2.0463913200877961e+00   3.4487006950079873e+00   2.4259778018273789e+01   9.7390375530387485e-01   8.7875779035455626e-01
 -2.9749999999999996e+00   4.8743075496069099e-01   2.0515734590457781e+00   3.4570256780665325e+00   2.4315925905571731e+01   9.7297944094404931e-01   8.7540395304218221e-01
 -2.9499999999999993e+00   4.8617164674559055e-01   2.0568867121189638e+00   3.4655177393308265e+00   2.4373200652612258e+01   9.7202035824948230e-01   8.7195737783082972e-01
 -2.9250000000000007e+00   4.8488719251430695e-01   2.0623353543628484e+00   3.4741807469201880e+00   2.4431628347944251e+01   9.7102510440593148e-01   8.6841556797950925e-01
 -2.9000000000000004e+00   4.8357680381295398e-01   2.0679238377753060e+00   3.4830186696646126e+00   2.4491235759360244e+01   9.6999221591278550e-01   8.6477596873768470e-01
 -2.8750000000000000e+00   4.8223987688016773e-01   2.0736568001581732e+00   3.4920355796354521e+00   2.4552050350964578e+01   9.6892016582342710e-01   8.6103596698694718e-01
 -2.8499999999999996e+00   4.8087579226884153e-01   2.0795390744912639e+00   3.5012356546966248e+00   2.4614100300380045e+01   9.6780736086107688e-01   8.5719289099454155e-01
 -2.8249999999999993e+00   4.7948391446572025e-01   2.0855756988517142e+00   3.5106231810702604e+00   2.4677414516051915e+01   9.6665213840546982e-01   8.5324401029291441e-01
 -2.8000000000000007e+00   4.7806359150991123e-01   2.0917719269137609e+00   3.5202025559096590e+00   2.4742022654601243e+01   9.6545276334571062e-01   8.4918653570077141e-01
 -2.7750000000000004e+00   4.7661415461151263e-01   2.0981332390665113e+00   3.5299782898714516e+00   2.4807955138172847e+01   9.6420742479470334e-01   8.4501761950262877e-01
 -2.7500000000000000e+00   4.7513491777174471e-01   2.1046653541897777e+00   3.5399550096776262e+00   2.4875243171714885e+01   9.6291423266061593e-01   8.4073435580538325e-01
 -2.7249999999999996e+00   4.7362517740616500e-01   2.1113742421307844e+00   3.5501374606567566e+00   2.4943918760118180e+01   9.6157121407097679e-01   8.3633378109217160e-01
 -2.6999999999999993e+00   4.7208421197275707e-01   2.1182661369275104e+00   3.5605305092523576e+00   2.5014014725133855e+01   9.6017630964517431e-01   8.3181287499560941e-01
 -2.6750000000000007e+00   4.7051128160693345e-01   2.1253475508274913e+00   3.5711391454846111e+00   2.5085564721976436e+01   9.5872736961138449e-01   8.2716856131451832e-01
 -2.6500000000000004e+00   4.6890562776576100e-01   2.1326252891542263e+00   3.5819684853498885e+00   2.5158603255507458e+01   9.5722214976426923e-01   8.2239770930037670e-01
 -2.6250000000000000e+00   4.6726647288401219e-01   2.1401064660768552e+00   3.5930237731405152e+00   2.5233165695881109e+01   9.5565830726021472e-01   8.1749713524209033e-01
 -2.5999999999999996e+00   4.6559302004498199e-01   2.1477985213424970e+00   3.6043103836649468e+00   2.5309288293518243e+01   9.5403339624737926e-01   8.1246360438011123e-01
 -2.5749999999999993e+00   4.6388445266938649e-01   2.1557092380345555e+00   3.6158338243459958e+00   2.5387008193257852e+01   9.5234486332848056e-01   8.0729383318368864e-01
 -2.5500000000000007e+00   4.6213993422605149e-01   2.1638467614245585e+00   3.6275997371720905e+00   2.5466363447517367e+01   9.5059004285500737e-01   8.0198449202783306e-01
 -2.5250000000000004e+00   4.6035860796858047e-01   2.1722196189893990e+00   3.6396139004733223e+00   2.5547393028271198e+01   9.4876615205249426e-01   7.9653220830970495e-01
 -2.5000000000000000e+00   4.5853959670267003e-01   2.1808367416705958e+00   3.6518822304907865e+00   2.5630136837635174e+01   9.4687028597760547e-01   7.9093357004738385e-01
 -2.4749999999999996e+00   4.5668200258931679e-01   2.1897074864569954e+00   3.6644107827038539e+00   2.5714635716818314e+01   9.4489941230910934e-01   7.8518513000748713e-01
 -2.4499999999999993e+00   4.5478490698977148e-01   2.1988416603774650e+00   3.6772057528758784e+00   2.5800931453175636e+01   9.4285036597639227e-01   7.7928341041181370e-01
 -2.4250000000000007e+00   4.5284737035877742e-01   2.2082495459954421e+00   3.6902734777742525e+00   2.5889066785064550e+01   9.4071984363100203e-01   7.7322490827711166e-01
 -2.4000000000000004e+00   4.5086843219338735e-01   2.2179419285027215e+00   3.7036204355156106e+00   2.5979085404173084e+01   9.3850439796886698e-01   7.6700610144622339e-01
 -2.3750000000000000e+00   4.4884711104548364e-01   2.2279301245155292e+00   3.7172532454813862e+00   2.6071031954950382e+01   9.3620043191335200e-01   7.6062345537322595e-01
 -2.3499999999999996e+00   4.4678240460704577e-01   2.2382260126817672e+00   3.7311786677427268e+00   2.6164952030728010e+01   9.3380419267221804e-01   7.5407343072972866e-01
 -2.3249999999999993e+00   4.4467328987821320e-01   2.2488420662142294e+00   3.7454036019269918e+00   2.6260892166075070e+01   9.3131176568493246e-01   7.4735249190425690e-01
 -2.3000000000000007e+00   4.4251872342930848e-01   2.2597913874705191e+00   3.7599350854505360e+00   2.6358899824879181e+01   9.2871906848065300e-01   7.4045711647152834e-01
 -2.2750000000000004e+00   4.4031764176919269e-01   2.2710877447063176e+00   3.7747802910343360e+00   2.6459023383590623e+01   9.2602184447169600e-01   7.3338380571351158e-01
 -2.2500000000000000e+00   4.3806896183367788e-01   2.2827456111343287e+00   3.7899465234098884e+00   2.6561312109005250e+01   9.2321565671241423e-01   7.2612909627924327e-01
 -2.2249999999999996e+00   4.3577158160916013e-01   2.2947802064267964e+00   3.8054412151131158e+00   2.6665816129896463e+01   9.2029588165928211e-01   7.1868957307555448e-01
 -2.1999999999999993e+00   4.3342438090824476e-01   2.3072075408044439e+00   3.8212719212531572e+00   2.6772586401733300e+01   9.1725770297468179e-01   7.1106188348598587e-01
 -2.1750000000000007e+00   4.3102622231587512e-01   2.3200444618591107e+00   3.8374463131311991e+00   2.6881674663642599e+01   9.1409610542450248e-01   7.0324275302015304e-01
 -2.1500000000000004e+00   4.2857595232634976e-01   2.3333087042609550e+00   3.8539721705718564e+00   2.6993133386687987e+01   9.1080586892831450e-01   6.9522900250059527e-01
 -2.1250000000000000e+00   4.2607240269367813e-01   2.3470189425034018e+00   3.8708573728156939e+00   2.7107015712444415e+01   9.0738156283067539e-01   6.8701756689851468e-01
 -2.0999999999999996e+00   4.2351439201991892e-01   2.3611948468399806e+00   3.8881098878066696e+00   2.7223375380747296e+01   9.0381754047319440e-01   6.7860551593369856e-01
 -2.0749999999999993e+00   4.2090072760853314e-01   2.3758571425660953e+00   3.9057377596921872e+00   2.7342266645386527e+01   9.0010793415942891e-01   6.6999007655700327e-01
 -2.0500000000000007e+00   4.1823020761233309e-01   2.3910276727952713e+00   3.9237490943362423e+00   2.7463744176399871e+01   8.9624665061869369e-01   6.6116865743598008e-01
 -2.0250000000000004e+00   4.1550162350832698e-01   2.4067294648728592e+00   3.9421520426278236e+00   2.7587862947496347e+01   8.9222736709051687e-01   6.5213887556510775e-01
 -2.0000000000000000e+00   4.1271376293464096e-01   2.4229868005597965e+00   3.9609547813472776e+00   2.7714678107009366e+01   8.8804352816895804e-01   6.4289858512144238e-01
 -1.9749999999999996e+00   4.0986541292773671e-01   2.4398252901039732e+00   3.9801654913328792e+00   2.7844244830641060e+01   8.8368834356543036e-01   6.3344590868385531e-01
 -1.9499999999999993e+00   4.0695536360132051e-01   2.4572719502959148e+00   3.9997923326684131e+00   2.7976618154114799e+01   8.7915478697018501e-01   6.2377927092898644e-01
 -1.9250000000000007e+00   4.0398241231161153e-01   2.4753552865777997e+00   4.0198434165905024e+00   2.8111852783704041e+01   8.7443559621631750e-01   6.1389743490901327e-01
 -1.9000000000000004e+00   4.0094536835699096e-01   2.4941053792386669e+00   4.0403267737918007e+00   2.8250002882453074e+01   8.6952327497616766e-01   6.0379954100479960e-01
 -1.8750000000000000e+00   3.9784305826342736e-01   2.5135539736824088e+00   4.0612503187734195e+00   2.8391121829751771e+01   8.6441009624834009e-01   5.9348514863218527e-01
 -1.8499999999999996e+00   3.9467433171038518e-01   2.5337345746969100e+00   4.0826218098776081e+00   2.8535261951775837e+01   8.5908810792428247e-01   5.8295428075833622e-01
 -1.8249999999999993e+00   3.9143806815511722e-01   2.5546825445800145e+00   4.1044488046101808e+00   2.8682474220158706e+01   8.5354914075639798e-01   5.7220747125838378e-01
 -1.8000000000000007e+00   3.8813318421615989e-01   2.5764352048885315e+00   4.1267386098425050e+00   2.8832807916128569e+01   8.4778481908484205e-01   5.6124581510895566e-01
 -1.7750000000000004e+00   3.8475864187940823e-01   2.5990319414668841e+00   4.1494982264655782e+00   2.8986310257227640e+01   8.4178657471725948e-01   5.5007102137370967e-01
 -1.7500000000000000e+00   3.8131345759209634e-01   2.6225143122793564e+00   4.1727342880556471e+00   2.9143025983642016e+01   8.3554566439427991e-01   5.3868546888531943e-01
 -1.7249999999999996e+00   3.7779671231121409e-01   2.6469261574098595e+00   4.1964529931026053e+00   2.9302996901115872e+01   8.2905319131310340e-01   5.2709226446750024e-01
 -1.6999999999999993e+00   3.7420756257302579e-01   2.6723137104019701e+00   4.2206600303515742e+00   2.9466261377417378e+01   8.2230013122105450e-01   5.1529530346813823e-01
 -1.6750000000000007e+00   3.7054525264912874e-01   2.6987257098849011e+00   4.2453604968163141e+00   2.9632853789379737e+01   8.1527736362952363e-01   5.0329933228926738e-01
 -1.6500000000000004e+00   3.6680912785153896e-01   2.7262135101630744e+00   4.2705588080430017e+00   2.9802803917674872e+01   8.0797570873477387e-01   4.9111001250023623e-01
 -1.6250000000000000e+00   3.6299864904416734e-01   2.7548311891329558e+00   4.2962586002375218e+00   2.9976136286710425e+01   8.0038597066382366e-01   4.7873398600582051e-01
 -1.5999999999999996e+00   3.5911340841022482e-01   2.7846356515256412e+00   4.3224626239221191e+00   3.0152869447396593e+01   7.9249898768868687e-01   4.6617894061035203e-01
 -1.5749999999999993e+00   3.5515314651405044e-01   2.8156867250518314e+00   4.3491726288618295e+00   3.0333015201031852e+01   7.8430569006780215e-01   4.5345367517159774e-01
 -1.5500000000000007e+00   3.5111777068085359e-01   2.8480472465432234e+00   4.3763892401022106e+00   3.0516577763238907e+01   7.7579716617600880e-01   4.4056816337401694e-01
 -1.5250000000000004e+00   3.4700737469827353e-01   2.8817831346365774e+00   4.4041118250920910e+00   3.0703552867773411e+01   7.6696473756979078e-01   4.2753361497076892e-01
 -1.5000000000000000e+00   3.4282225981863640e-01   2.9169634449321671e+00   4.4323383520337423e+00   3.0893926811166061e+01   7.5780004359780884e-01   4.1436253314887017e-01
 -1.4749999999999996e+00   3.3856295700957961e-01   2.9536604028765767e+00   4.4610652398134434e+00   3.1087675440578550e+01   7.4829513610240805e-01   4.0106876646490164e-01
 -1.4499999999999993e+00   3.3423025036244880e-01   2.9919494088747847e+00   4.4902872001234337e+00   3.1284763088994392e+01   7.3844258465944701e-01   3.8766755358361538e-01
 -1.4250000000000007e+00   3.2982520152184003e-01   3.0319090093356102e+00   4.5199970726967553e+00   3.1485141463959479e+01   7.2823559266466664e-01   3.7417555883472298e-01
 -1.4000000000000004e+00   3.2534917494513699e-01   3.0736208265124021e+00   4.5501856549441833e+00   3.1688748498567602e+01   7.1766812438743166e-01   3.6061089639176847e-01
 -1.3750000000000000e+00   3.2080386373742459e-01   3.1171694391389626e+00   4.5808415277105254e+00   3.1895507176273011e+01   7.0673504286972622e-01   3.4699314068184617e-01
 -1.3499999999999996e+00   3.1619131573457832e-01   3.1626422050105698e+00   4.6119508793571136e+00   3.2105324344413887e+01   6.9543225824260269e-01   3.3334332046890736e-01
 -1.3250000000000011e+00   3.1151395942582372e-01   3.2101290158655487e+00   4.6434973309269711e+00   3.2318089535038069e+01   6.8375688565770298e-01   3.1968389393233432e-01
 -1.3000000000000007e+00   3.0677462921754595e-01   3.2597219742407728e+00   4.6754617657529352e+00   3.2533673815694172e+01   6.7170741158369285e-01   3.0603870200505157e-01
 -1.2750000000000004e+00   3.0197658944409927e-01   3.3115149814787750e+00   4.7078221675166381e+00   3.2751928697219675e+01   6.5928386669479822e-01   2.9243289726274446e-01
 -1.2500000000000000e+00   2.9712355643146920e-01   3.3656032258440183e+00   4.7405534714400330e+00   3.2972685130101439e+01   6.4648800298370468e-01   2.7889284579103291e-01
 -1.2249999999999996e+00   2.9221971781946909e-01   3.4220825598695281e+00   4.7736274339667517e+00   3.3195752625541019e+01   6.3332347207173212e-01   2.6544599972465655e-01
 -1.2000000000000011e+00   2.8726974825278007e-01   3.4810487567248476e+00   4.8070125269338089e+00   3.3420918541695244e+01   6.1979600098052634e-01   2.5212073857550843e-01
 -1.1750000000000007e+00   2.8227882046692493e-01   3.5425966367078949e+00   4.8406738628022019e+00   3.3647947579393623e+01   6.0591356089489834e-01   2.3894617806540408e-01
 -1.1500000000000004e+00   2.7725261073007240e-01   3.6068190570568874e+00   4.8745731579546350e+00   3.3876581534599673e+01   5.9168652371928210e-01   2.2595194597033397e-01
 -1.1250000000000000e+00   2.7219729756453043e-01   3.6738057612894841e+00   4.9086687413184134e+00   3.4106539356568099e+01   5.7712780055438617e-01   2.1316792547235752e-01
 -1.0999999999999996e+00   2.6711955267305199e-01   3.7436420883198180e+00   4.9429156155630158e+00   3.4337517560592076e+01   5.6225295565049471e-01   2.0062396769792035e-01
 -1.0750000000000011e+00   2.6202652304515284e-01   3.8164075467569303e+00   4.9772655777841210e+00   3.4569191041957254e+01   5.4708028899324324e-01   1.8834957647585382e-01
 -1.0500000000000007e+00   2.5692580332800896e-01   3.8921742660597309e+00   5.0116674058482191e+00   3.4801214332743839e+01   5.3163088051788865e-01   1.7637356983497721e-01
 -1.0250000000000004e+00   2.5182539772306878e-01   3.9710053435503569e+00   5.0460671153810850e+00   3.5033223335086589e+01   5.1592858909941552e-01   1.6472372431652116e-01
 -1.0000000000000000e+00   2.4673367092034149e-01   4.0529531144650797e+00   5.0804082906917065e+00   3.5264837553092782e+01   4.9999999999992573e-01   1.5342640971997590e-01
 -9.7499999999999964e-01   2.4165928790768654e-01   4.1380573809436960e+00   5.1146324907288108e+00   3.5495662830817906e+01   4.8387431542316134e-01   1.4250622332582108e-01
 -9.5000000000000107e-01   2.3661114288878068e-01   4.2263436446442046e+00   5.1486797284939696e+00   3.5725294585669609e+01   4.6758318426366247e-01   1.3198563382843120e-01
 -9.2500000000000071e-01   2.3159827799906116e-01   4.3178213959088838e+00   5.1824890192623014e+00   3.5953321505884809e+01   4.5116046904401697e-01   1.2188464604128835e-01
 -9.0000000000000036e-01   2.2662979300463892e-01   4.4124825193637749e+00   5.2159989896185772e+00   3.6179329658176520e+01   4.3464195036667735e-01   1.1222049778453880e-01
 -8.7500000000000000e-01   2.2171474767790622e-01   4.5102998806950794e+00   5.2491485358853902e+00   3.6402906928505800e+01   4.1806497187789299e-01   1.0300740013077425e-01
 -8.4999999999999964e-01   2.1686205903155695e-01   4.6112261613013814e+00   5.2818775172287884e+00   3.6623647696735880e+01   4.0146803161264638e-01   9.4256331301830976e-02
 -8.2500000000000107e-01   2.1208039602180995e-01   4.7151930058503000e+00   5.3141274658328816e+00   3.6841157626408162e+01   3.8489032847947119e-01   8.5974892958631699e-02
 -8.0000000000000071e-01   2.0737807466246308e-01   4.8221105419540633e+00   5.3458422943035906e+00   3.7055058435830134e+01   3.6837127533929853e-01   7.8167235447436756e-02
 -7.7500000000000036e-01   2.0276295668790786e-01   4.9318673210077373e+00   5.3769689791364286e+00   3.7264992507726994e+01   3.5194999240698821e-01   7.0834055861927370e-02
 -7.5000000000000000e-01   1.9824235493701270e-01   5.0443307148854686e+00   5.4074581988553341e+00   3.7470627193172049e+01   3.3566479634345725e-01   6.3972669713269315e-02
 -7.2499999999999964e-01   1.9382294848453541e-01   5.1593477852793432e+00   5.4372649064092666e+00   3.7671658672118205e+01   3.1955270123386265e-01   5.7577153778634038e-02
 -7.0000000000000107e-01   1.8951071022132851e-01   5.2767466220357973e+00   5.4663488176078481e+00   3.7867815247654441e+01   3.0364894754927685e-01   5.1638554558644301e-02
 -6.7500000000000071e-01   1.8531084909468917e-01   5.3963381252925195e+00   5.4946748006815929e+00   3.8058859973396622e+01   2.8798657413311157e-01   4.6145153953505158e-02
 -6.5000000000000036e-01   1.8122776859736581e-01   5.5179181851634587e+00   5.5222131562529988e+00   3.8244592541753853e+01   2.7259604629632639e-01   4.1082781478260721e-02
 -6.2500000000000000e-01   1.7726504238262494e-01   5.6412701938237166e+00   5.5489397818008426e+00   3.8424850393158650e+01   2.5750495039089422e-01   3.6435160741633443e-02
 -5.9999999999999964e-01   1.7342540713631083e-01   5.7661678096220870e+00   5.5748362197346077e+00   3.8599509040305179e+01   2.4273776197382230e-01   3.2184277104061465e-02
 -5.7500000000000107e-01   1.6971077211017524e-01   5.8923778824764632e+00   5.5998895930968962e+00   3.8768481634493845e+01   2.2831569113488479e-01   2.8310753426027291e-02
 -5.5000000000000071e-01   1.6612224406519871e-01   6.0196634449961177e+00   5.6240924373330818e+00   3.8931717831000960e+01   2.1425660501573601e-01   2.4794221560240470e-02
 -5.2500000000000036e-01   1.6266016583114956e-01   6.1477866746924166e+00   5.6474424402261842e+00   3.9089202035068240e+01   2.0057502425530813e-01   2.1613678610644005e-02
 -5.0000000000000000e-01   1.5932416628803622e-01   6.2765117389168523e+00   5.6699421047967276e+00   3.9240951128329357e+01   1.8728218727163476e-01   1.8747818813823036e-02
 -4.7499999999999964e-01   1.5611321933018291e-01   6.4056074449722153e+00   5.6915983516192563e+00   3.9387011786631803e+01   1.7438617408593374e-01   1.6175334009271514e-02
 -4.5000000000000107e-01   1.5302570928341988e-01   6.5348496320176741e+00   5.7124220776157886e+00   3.9527457504317255e+01   1.6189207989159060e-01   1.3875177870327549e-02
 -4.2500000000000071e-01   1.5005950029656212e-01   6.6640232575991734e+00   5.7324276880446643e+00   3.9662385437718157e+01   1.4980222777875479e-01   1.1826791203573883e-02
 -4.0000000000000036e-01   1.4721200739672360e-01   6.7929241485382823e+00   5.7516326172676395e+00   3.9791913172969196e+01   1.3811640989386550e-01   1.0010287560424103e-02
 -3.7500000000000000e-01   1.4448026715517201e-01   6.9213604022893911e+00   5.7700568521437043e+00   3.9916175511534597e+01   1.2683214674631987e-01   8.4066000498105309e-03
 -3.4999999999999964e-01   1.4186100622559653e-01   7.0491534397390039e+00   5.7877224697724099e+00   4.0035321352515865e+01   1.1594495524763657e-01   6.9975915454049131e-03
 -3.2500000000000107e-01   1.3935070636041710e-01   7.1761387230689513e+00   5.8046531989910672e+00   4.0149510735167567e+01   1.0544861724734124e-01   5.7661314315022860e-03
 -3.0000000000000071e-01   1.3694566485744100e-01   7.3021661623315310e+00   5.8208740126919878e+00   4.0258912089279079e+01   9.5335441684079397e-02   4.6961426450201627e-03
 -2.7500000000000036e-01   1.3464204971828297e-01   7.4271002416580894e+00   5.8364107558062601e+00   4.0363699726109381e+01   8.5596514884813235e-02   3.7726230845538389e-03
 -2.5000000000000000e-01   1.3243594909678216e-01   7.5508199006390280e+00   5.8512898117986696e+00   4.0464051589060517e+01   7.6221934925606832e-02   2.9816455210951442e-03
 -2.2499999999999964e-01   1.3032341487101051e-01   7.6732182086370626e+00   5.8655378087960841e+00   4.0560147271659062e+01   6.7201027244906258e-02   2.3103400139302677e-03
 -2.0000000000000107e-01   1.2830050038215157e-01   7.7942018699960913e+00   5.8791813650574074e+00   4.0652166300877106e+01   5.8522539828627478e-02   1.7468625634978752e-03
 -1.7500000000000071e-01   1.2636329254726231e-01   7.9136905967053739e+00   5.8922468723889105e+00   4.0740286676375852e+01   5.0174817241193714e-02   1.2803533698028113e-03
 -1.5000000000000036e-01   1.2450793867339012e-01   8.0316163824959403e+00   5.9047603152962864e+00   4.0824683650775867e+01   4.2145953550665485e-02   9.0088765206775001e-04
 -1.2500000000000000e-01   1.2273066838227570e-01   8.1479227089780615e+00   5.9167471231133968e+00   4.0905528732338695e+01   3.4423924795091120e-02   5.9942155604741920e-04
 -9.9999999999999645e-02   1.2102781110358339e-01   8.2625637106180143e+00   5.9282320520190908e+00   4.0982988889228729e+01   2.6996702075886600e-02   3.6773525482269864e-04
 -7.5000000000001066e-02   1.1939580961625851e-01   8.3755033213814460e+00   5.9392390937074628e+00   4.1057225933539364e+01   1.9852346662438944e-02   1.9837495432750707e-04
 -5.0000000000000711e-02   1.1783123011807413e-01   8.4867144219570534e+00   5.9497914074737421e+00   4.1128396063245930e+01   1.2979088672585733e-02   8.4595157268663179e-05
 -2.5000000000000355e-02   1.1633076928806479e-01   8.5961780027753765e+00   5.9599112725816799e+00   4.1196649540947320e+01   6.3653909787037390e-03   2.0302224190915652e-05
  0.0000000000000000e+00   1.1489125878002965e-01   8.7038823546584698e+00   5.9696200579570933e+00   4.1262130489463971e+01   0.0000000000000000e+00   0.0000000000000000e+00
