# Columns: x, rho, u, p, lamdatime_step 6000
# time   3.0000000000000000e+01
 -2.2149999999999999e+01  -4.1275265080958285e-11  -3.8574023044171301e-11  -5.8059322757648930e-10  -4.7970302419309280e-22
 -2.2099999999999998e+01  -4.1275265080958285e-11  -3.8574023044171301e-11  -5.8059322757648930e-10  -4.7970302419309280e-22
 -2.2049999999999997e+01  -4.1275265080958285e-11  -3.8574023044171301e-11  -5.8059322757648930e-10  -4.7970302419309280e-22
 -2.2000000000000000e+01  -4.1275265080958285e-11  -3.8574023044171301e-11  -5.8059322757648930e-10  -4.7970302419309280e-22
 -2.1949999999999999e+01  -4.1593157542314242e-11  -3.8394615571647510e-11  -5.8181490951030312e-10  -5.1003318686857675e-22
 -2.1899999999999999e+01  -4.1804015073302443e-11  -3.8302878636867066e-11  -5.8243962758864621e-10  -5.3301324872365703e-22
 -2.1849999999999998e+01  -4.2051923834149581e-11  -3.8158775661381614e-11  -5.8342097434126080e-10  -5.5819039445831855e-22
 -2.1799999999999997e+01  -4.2287512535840946e-11  -3.8045376053432320e-11  -5.8419329345791316e-10  -5.8443078078297932e-22
 -2.1750000000000000e+01  -4.2529513846197124e-11  -3.7914430637903852e-11  -5.8508511284820166e-10  -6.1118272830332296e-22
 -2.1699999999999999e+01  -4.2767291045353187e-11  -3.7794057626049865e-11  -5.8590490159348955e-10  -6.3876075951878738e-22
 -2.1649999999999999e+01  -4.3007774115907484e-11  -3.7667871095085041e-11  -5.8676414463015246e-10  -6.6705046147640778e-22
 -2.1599999999999998e+01  -4.3246525114305856e-11  -3.7545406958066506e-11  -5.8759779551002376e-10  -6.9603305935336904e-22
 -2.1549999999999997e+01  -4.3486200342880775e-11  -3.7421100343849139e-11  -5.8844364556372161e-10  -7.2568061666149146e-22
 -2.1500000000000000e+01  -4.3725229829100653e-11  -3.7298185982570493e-11  -5.8927959783674055e-10  -7.5596286329074024e-22
 -2.1449999999999999e+01  -4.3964503283380049e-11  -3.7174776788001710e-11  -5.9011847213527135e-10  -7.8692108154427866e-22
 -2.1399999999999999e+01  -4.4203490904773545e-11  -3.7051973422660825e-11  -5.9095277641305989e-10  -8.1877966070003305e-22
 -2.1349999999999998e+01  -4.4442487295733811e-11  -3.6929140642888756e-11  -5.9178688152297107e-10  -8.5145479259909800e-22
 -2.1299999999999997e+01  -4.4681309868311193e-11  -3.6806658960906414e-11  -5.9261827867229639e-10  -8.8493344318814467e-22
 -2.1250000000000000e+01  -4.4920055344911682e-11  -3.6684319920997274e-11  -5.9344848536221352e-10  -9.1918592489963103e-22
 -2.1199999999999999e+01  -4.5158657573050232e-11  -3.6562258061393861e-11  -5.9427667306339422e-10  -9.5417188855497235e-22
 -2.1149999999999999e+01  -4.5397144105961370e-11  -3.6440405563924567e-11  -5.9510336251824190e-10  -9.8984541839457750e-22
 -2.1099999999999998e+01  -4.5635486143634455e-11  -3.6318808788884115e-11  -5.9592826335191558e-10  -1.0261500435641380e-21
 -2.1049999999999997e+01  -4.5873686086422661e-11  -3.6197444166110132e-11  -5.9675153444514239e-10  -1.0630204781998833e-21
 -2.1000000000000000e+01  -4.6111727093504559e-11  -3.6076326621186085e-11  -5.9757305777354703e-10  -1.1003804577346578e-21
 -2.0949999999999999e+01  -4.6349603106033352e-11  -3.5955447770591985e-11  -5.9839287063814400e-10  -1.1381415430043645e-21
 -2.0899999999999999e+01  -4.6587301831582128e-11  -3.5834812922399440e-11  -5.9921092068275592e-10  -1.1762017204576259e-21
 -2.0849999999999998e+01  -4.6824814868784295e-11  -3.5714419971562762e-11  -6.0002721165581285e-10  -1.2144451555444045e-21
 -2.0799999999999997e+01  -4.7062131808527340e-11  -3.5594271689421966e-11  -6.0084171847873056e-10  -1.2527395699630657e-21
 -2.0750000000000000e+01  -4.7299243571745285e-11  -3.5474368356402214e-11  -6.0165443529334946e-10  -1.2909355316243377e-21
 -2.0699999999999999e+01  -4.7536140367183528e-11  -3.5354711844543481e-11  -6.0246534605496303e-10  -1.3288638643951963e-21
 -2.0649999999999999e+01  -4.7772812828354784e-11  -3.5235303126929936e-11  -6.0327444089426771e-10  -1.3663351708416426e-21
 -2.0599999999999998e+01  -4.8009251341315528e-11  -3.5116143705759385e-11  -6.0408170643448834e-10  -1.4031357135061788e-21
 -2.0549999999999997e+01  -4.8245446444619831e-11  -3.4997234797154035e-11  -6.0488713154210475e-10  -1.4390283251906388e-21
 -2.0500000000000000e+01  -4.8481388596083077e-11  -3.4878577803434402e-11  -6.0569070396485547e-10  -1.4737470002167970e-21
 -2.0449999999999999e+01  -4.8717068292911965e-11  -3.4760174003715626e-11  -6.0649241205402442e-10  -1.5069961818836476e-21
 -2.0399999999999999e+01  -4.8952475979384821e-11  -3.4642024685076788e-11  -6.0729224343012633e-10  -1.5384473716792449e-21
 -2.0349999999999998e+01  -4.9187602086160702e-11  -3.4524131034611338e-11  -6.0809018554188562e-10  -1.5677374370525810e-21
 -2.0299999999999997e+01  -4.9422437006163233e-11  -3.4406494197765035e-11  -6.0888622531441734e-10  -1.5944633192133647e-21
 -2.0250000000000000e+01  -4.9656971120838941e-11  -3.4289115269130442e-11  -6.0968034952011904e-10  -1.6181805474403945e-21
 -2.0199999999999999e+01  -4.9891194804106060e-11  -3.4171995336713663e-11  -6.1047254483041828e-10  -1.6383981068005580e-21
 -2.0149999999999999e+01  -5.0125098438151761e-11  -3.4055135493329334e-11  -6.1126279803670913e-10  -1.6545745379025994e-21
 -2.0099999999999998e+01  -5.0358672413490344e-11  -3.3938536847597475e-11  -6.1205109604530513e-10  -1.6661156913308413e-21
 -2.0049999999999997e+01  -5.0591907128377700e-11  -3.3822200515322060e-11  -6.1283742586310986e-10  -1.6723673385285959e-21
 -2.0000000000000000e+01  -5.0824792981633230e-11  -3.3706127606863169e-11  -6.1362177448833993e-10  -1.6726116473512492e-21
 -1.9949999999999999e+01  -5.1057320367582036e-11  -3.3590319213595250e-11  -6.1440412883169658e-10  -1.6660607249343447e-21
 -1.9899999999999999e+01  -5.1289479674166973e-11  -3.3474776404204481e-11  -6.1518447568293191e-10  -1.6518517454138702e-21
 -1.9849999999999998e+01  -5.1521261283960640e-11  -3.3359500225327706e-11  -6.1596280171952907e-10  -1.6290397677549701e-21
 -1.9799999999999997e+01  -5.1752655572617366e-11  -3.3244491697177302e-11  -6.1673909347856844e-10  -1.5965922741733040e-21
 -1.9750000000000000e+01  -5.1983652907816272e-11  -3.3129751810488927e-11  -6.1751333733557076e-10  -1.5533802188283559e-21
 -1.9699999999999999e+01  -5.2214243653268584e-11  -3.3015281534608364e-11  -6.1828551955574491e-10  -1.4981700663151725e-21
 -1.9649999999999999e+01  -5.2444418172310180e-11  -3.2901081823438300e-11  -6.1905562633997302e-10  -1.4296162538636464e-21
 -1.9599999999999998e+01  -5.2674166829122146e-11  -3.2787153617693395e-11  -6.1982364383612704e-10  -1.3462518296088410e-21
 -1.9549999999999997e+01  -5.2903479985926012e-11  -3.2673497837088199e-11  -6.2058955809316177e-10  -1.2464779671830939e-21
 -1.9500000000000000e+01  -5.3132348002795670e-11  -3.2560115380288322e-11  -6.2135335505164356e-10  -1.1285540453798718e-21
 -1.9449999999999999e+01  -5.3360761237820892e-11  -3.2447007123135818e-11  -6.2211502054062815e-10  -9.9058553492799683e-22
 -1.9399999999999999e+01  -5.3588710047471059e-11  -3.2334173919076726e-11  -6.2287454027659586e-10  -8.3051271988198252e-22
 -1.9349999999999998e+01  -5.3816184790131156e-11  -3.2221616606190816e-11  -6.2363189990836755e-10  -6.4609351726291372e-22
 -1.9299999999999997e+01  -5.4043175823946833e-11  -3.2109336000228338e-11  -6.2438708498003330e-10  -4.3489544330150565e-22
 -1.9250000000000000e+01  -5.4269673504682598e-11  -3.1997332890588217e-11  -6.2514008089411299e-10  -1.9427501337712047e-22
 -1.9199999999999999e+01  -5.4495668186382939e-11  -3.1885608039917168e-11  -6.2589087291495950e-10   7.8637031180553474e-23
 -1.9149999999999999e+01  -5.4721150223552008e-11  -3.1774162188535932e-11  -6.2663944619391013e-10   3.8695303848642345e-22
 -1.9099999999999998e+01  -5.4946109970495429e-11  -3.1662996051151060e-11  -6.2738578575422450e-10   7.3404963980502403e-22
 -1.9049999999999997e+01  -5.5170537779989198e-11  -3.1552110313765446e-11  -6.2812987646540220e-10   1.1235855085899334e-21
 -1.9000000000000000e+01  -5.5394424003971543e-11  -3.1441505634082937e-11  -6.2887170304725805e-10   1.5595257803630804e-21
 -1.8949999999999999e+01  -5.5617758993485368e-11  -3.1331182640194316e-11  -6.2961125006298727e-10   2.0461637521629193e-21
 -1.8899999999999999e+01  -5.5840533098831031e-11  -3.1221141930315478e-11  -6.3034850191537500e-10   2.5881486477735030e-21
 -1.8849999999999998e+01  -5.6062736669441154e-11  -3.1111384071193232e-11  -6.3108344283894309e-10   3.1905122998469580e-21
 -1.8799999999999997e+01  -5.6284360054553662e-11  -3.1001909599010828e-11  -6.3181605690347411e-10   3.8586984362939417e-21
 -1.8750000000000000e+01  -5.6505393603544473e-11  -3.0892719018738661e-11  -6.3254632801278765e-10   4.5985939714328057e-21
 -1.8699999999999999e+01  -5.6725827665636519e-11  -3.0783812802932213e-11  -6.3327423989457034e-10   5.4165647837628994e-21
 -1.8649999999999999e+01  -5.6945652588481864e-11  -3.0675191387192989e-11  -6.3399977607378550e-10   6.3194894171600173e-21
 -1.8599999999999998e+01  -5.7164858719068241e-11  -3.0566855171941217e-11  -6.3472291987964309e-10   7.3147996867619807e-21
 -1.8549999999999997e+01  -5.7383436405233888e-11  -3.0458804524154270e-11  -6.3544365446154738e-10   8.4105247326119457e-21
 -1.8500000000000000e+01  -5.7601375995005147e-11  -3.0351039774995703e-11  -6.3616196277325613e-10   9.6153319078069744e-21
 -1.8449999999999999e+01  -5.7818667836195233e-11  -3.0243561218321254e-11  -6.3687782756126406e-10   1.0938579503491515e-20
 -1.8399999999999999e+01  -5.8035302275994016e-11  -3.0136369108466717e-11  -6.3759123135262752e-10   1.2390364319952887e-20
 -1.8349999999999998e+01  -5.8251269661515110e-11  -3.0029463660963915e-11  -6.3830215645706939e-10   1.3981582887152431e-20
 -1.8299999999999997e+01  -5.8466560339704929e-11  -2.9922845050826300e-11  -6.3901058495932036e-10   1.5723985239573563e-20
 -1.8250000000000000e+01  -5.8681164656883096e-11  -2.9816513411136679e-11  -6.3971649870667143e-10   1.7630243183834408e-20
 -1.8199999999999999e+01  -5.8895072957600122e-11  -2.9710468829109739e-11  -6.4041987928639949e-10   1.9714017138250702e-20
 -1.8149999999999999e+01  -5.9108275584932869e-11  -2.9604711346543523e-11  -6.4112070802399498e-10   2.1990030360537064e-20
 -1.8099999999999998e+01  -5.9320762879880039e-11  -2.9499240956723445e-11  -6.4181896596842946e-10   2.4474147580089865e-20
 -1.8049999999999997e+01  -5.9532525180933497e-11  -2.9394057603200605e-11  -6.4251463387991283e-10   2.7183458959106596e-20
 -1.8000000000000000e+01  -5.9743552824961882e-11  -2.9289161180498419e-11  -6.4320769223674595e-10   3.0136374235298487e-20
 -1.7949999999999999e+01  -5.9953836147208437e-11  -2.9184551533086181e-11  -6.4389812122900853e-10   3.3352713990889376e-20
 -1.7899999999999999e+01  -6.0163365480286719e-11  -2.9080228452285590e-11  -6.4458590073825071e-10   3.6853817570159507e-20
 -1.7849999999999998e+01  -6.0372131153488626e-11  -2.8976191673863078e-11  -6.4527101032144294e-10   4.0662652919814370e-20
 -1.7799999999999997e+01  -6.0580123493641808e-11  -2.8872440879102584e-11  -6.4595342921740277e-10   4.4803937807128895e-20
 -1.7750000000000000e+01  -6.0787332825723071e-11  -2.8768975694969780e-11  -6.4663313634950017e-10   4.9304264473974426e-20
 -1.7699999999999999e+01  -6.0993749471459578e-11  -2.8665795690015235e-11  -6.4731011029962548e-10   5.4192240580589110e-20
 -1.7649999999999999e+01  -6.1199363748660680e-11  -2.8562900372397571e-11  -6.4798432929249559e-10   5.9498632044200727e-20
 -1.7599999999999998e+01  -6.1404165970988634e-11  -2.8460289188153090e-11  -6.4865577118646671e-10   6.5256523750398055e-20
 -1.7549999999999997e+01  -6.1608146447352081e-11  -2.8357961519072690e-11  -6.4932441345861522e-10   7.1501480938032835e-20
 -1.7500000000000000e+01  -6.1811295480884159e-11  -2.8255916679454310e-11  -6.4999023318425807e-10   7.8271736091991069e-20
 -1.7449999999999999e+01  -6.2013603368423744e-11  -2.8154153914292012e-11  -6.5065320702346827e-10   8.5608379130356995e-20
 -1.7399999999999999e+01  -6.2215060399800673e-11  -2.8052672396511244e-11  -6.5131331120476660e-10   9.3555562953518373e-20
 -1.7349999999999998e+01  -6.2415656857362639e-11  -2.7951471225202271e-11  -6.5197052151231386e-10   1.0216072130173490e-19
 -1.7299999999999997e+01  -6.2615383016261249e-11  -2.7850549425301962e-11  -6.5262481328420687e-10   1.1147480817818565e-19
 -1.7250000000000000e+01  -6.2814229143862288e-11  -2.7749905945199848e-11  -6.5327616139793896e-10   1.2155254826461207e-19
 -1.7199999999999999e+01  -6.3012185498439623e-11  -2.7649539653055292e-11  -6.5392454024561082e-10   1.3245270438248528e-19
 -1.7149999999999999e+01  -6.3209242328549608e-11  -2.7549449334600761e-11  -6.5456992371912294e-10   1.4423837010431893e-19
 -1.7099999999999998e+01  -6.3405389873098596e-11  -2.7449633692362691e-11  -6.5521228520517295e-10   1.5697727545305261e-19
 -1.7049999999999997e+01  -6.3600618360576921e-11  -2.7350091342874211e-11  -6.5585159756830599e-10   1.7074211965164837e-19
 -1.7000000000000000e+01  -6.3794918008100828e-11  -2.7250820813907987e-11  -6.5648783313123288e-10   1.8561092218284426e-19
 -1.6949999999999999e+01  -6.3988279020432187e-11  -2.7151820541283533e-11  -6.5712096365476181e-10   2.0166739819631853e-19
 -1.6899999999999999e+01  -6.4180691588828244e-11  -2.7053088865581741e-11  -6.5775096031542337e-10   2.1900136523386328e-19
 -1.6849999999999998e+01  -6.4372145889667229e-11  -2.6954624028101301e-11  -6.5837779367966812e-10   2.3770916908057924e-19
 -1.6799999999999997e+01  -6.4562632083585944e-11  -2.6856424168282001e-11  -6.5900143368574792e-10   2.5789415119921276e-19
 -1.6750000000000000e+01  -6.4752140314919954e-11  -2.6758487321411434e-11  -6.5962184962969059e-10   2.7966713709297383e-19
 -1.6699999999999999e+01  -6.4940660710801539e-11  -2.6660811415755178e-11  -6.6023901014643653e-10   3.0314696250750637e-19
 -1.6649999999999999e+01  -6.5128183380321674e-11  -2.6563394269882122e-11  -6.6085288319197455e-10   3.2846103628517097e-19
 -1.6599999999999998e+01  -6.5314698413497846e-11  -2.6466233589444488e-11  -6.6146343602263802e-10   3.5574594306555291e-19
 -1.6549999999999997e+01  -6.5500195879998017e-11  -2.6369326963536926e-11  -6.6207063517083938e-10   3.8514808008129620e-19
 -1.6500000000000000e+01  -6.5684665827739177e-11  -2.6272671860753351e-11  -6.6267444641917609e-10   4.1682435036400972e-19
 -1.6449999999999999e+01  -6.5868098281494540e-11  -2.6176265625273030e-11  -6.6327483477445603e-10   4.5094288699382744e-19
 -1.6399999999999999e+01  -6.6050483241471038e-11  -2.6080105472866626e-11  -6.6387176444150120e-10   4.8768384223438736e-19
 -1.6349999999999998e+01  -6.6231810681910777e-11  -2.5984188486973988e-11  -6.6446519879717155e-10   5.2724021938786678e-19
 -1.6299999999999997e+01  -6.6412070549667423e-11  -2.5888511614708632e-11  -6.6505510036409923e-10   5.6981876597492843e-19
 -1.6250000000000000e+01  -6.6591252762632942e-11  -2.5793071662506618e-11  -6.6564143078224149e-10   6.1564092699892376e-19
 -1.6199999999999999e+01  -6.6769347208388106e-11  -2.5697865292380320e-11  -6.6622415078369860e-10   6.6494385882750238e-19
 -1.6149999999999999e+01  -6.6946343742738113e-11  -2.5602889017764703e-11  -6.6680322016592104e-10   7.1798152295852845e-19
 -1.6099999999999998e+01  -6.7122232187954673e-11  -2.5508139198858025e-11  -6.6737859776057837e-10   7.7502583683627759e-19
 -1.6049999999999997e+01  -6.7297002330728475e-11  -2.5413612037203230e-11  -6.6795024139833320e-10   8.3636791427005093e-19
 -1.6000000000000000e+01  -6.7470643920598595e-11  -2.5319303571584628e-11  -6.6851810788064027e-10   9.0231939084387067e-19
 -1.5949999999999999e+01  -6.7643146668297989e-11  -2.5225209673354270e-11  -6.6908215295010129e-10   9.7321383031121010e-19
 -1.5899999999999999e+01  -6.7814500243605152e-11  -2.5131326040923250e-11  -6.6964233125377080e-10   1.0494082242085515e-18
 -1.5849999999999998e+01  -6.7984694273405077e-11  -2.5037648194772992e-11  -6.7019859630971215e-10   1.1312846079269137e-18
 -1.5799999999999999e+01  -6.8153718339528967e-11  -2.4944171471752610e-11  -6.7075090047005910e-10   1.2192517652051100e-18
 -1.5750000000000000e+01  -6.8321561976399529e-11  -2.4850891019152337e-11  -6.7129919488146955e-10   1.3137470578100482e-18
 -1.5699999999999999e+01  -6.8488214669067886e-11  -2.4757801789623999e-11  -6.7184342945127744e-10   1.4152383775701082e-18
 -1.5649999999999999e+01  -6.8653665851086836e-11  -2.4664898535560394e-11  -6.7238355281112947e-10   1.5242262249930161e-18
 -1.5599999999999998e+01  -6.8817904902209041e-11  -2.4572175803338302e-11  -6.7291951227826694e-10   1.6412459299327582e-18
 -1.5549999999999999e+01  -6.8980921145736298e-11  -2.4479627926561562e-11  -6.7345125381163200e-10   1.7668700133469497e-18
 -1.5500000000000000e+01  -6.9142703845865055e-11  -2.4387249019577250e-11  -6.7397872196810428e-10   1.9017107135309089e-18
 -1.5449999999999999e+01  -6.9303242205021645e-11  -2.4295032970720131e-11  -6.7450185985849154e-10   2.0464226798139223e-18
 -1.5399999999999999e+01  -6.9462525361118972e-11  -2.4202973435556894e-11  -6.7502060910241106e-10   2.2017058369128422e-18
 -1.5349999999999998e+01  -6.9620542384775060e-11  -2.4111063829969479e-11  -6.7553490978269769e-10   2.3683084520942880e-18
 -1.5299999999999999e+01  -6.9777282276275570e-11  -2.4019297322664816e-11  -6.7604470039600395e-10   2.5470303909697730e-18
 -1.5250000000000000e+01  -6.9932733962554955e-11  -2.3927666827824219e-11  -6.7654991780382354e-10   2.7387265990610808e-18
 -1.5199999999999999e+01  -7.0086886294168354e-11  -2.3836164997635098e-11  -6.7705049718330010e-10   2.9443108074616205e-18
 -1.5149999999999999e+01  -7.0239728042000786e-11  -2.3744784214264309e-11  -6.7754637197423865e-10   3.1647594812024188e-18
 -1.5099999999999998e+01  -7.0391247893950235e-11  -2.3653516581862318e-11  -6.7803747382586426e-10   3.4011160363312377e-18
 -1.5049999999999999e+01  -7.0541434451522518e-11  -2.3562353918262632e-11  -6.7852373254220635e-10   3.6544953257199592e-18
 -1.5000000000000000e+01  -7.0690276226337070e-11  -2.3471287746592884e-11  -6.7900507602627368e-10   3.9260884209560199e-18
 -1.4949999999999999e+01  -7.0837761636473648e-11  -2.3380309286438773e-11  -6.7948143022190389e-10   4.2171677120283553e-18
 -1.4899999999999999e+01  -7.0983879002792206e-11  -2.3289409445081411e-11  -6.7995271905530042e-10   4.5290923373395513e-18
 -1.4849999999999998e+01  -7.1128616545023431e-11  -2.3198578808089424e-11  -6.8041886437317776e-10   4.8633139665479291e-18
 -1.4799999999999999e+01  -7.1271962377575481e-11  -2.3107807629399585e-11  -6.8087978587687339e-10   5.2213829657919185e-18
 -1.4750000000000000e+01  -7.1413904505424396e-11  -2.3017085821586903e-11  -6.8133540105771743e-10   5.6049549618069706e-18
 -1.4699999999999999e+01  -7.1554430819953496e-11  -2.2926402945947295e-11  -6.8178562513159671e-10   6.0157978361421848e-18
 -1.4649999999999999e+01  -7.1693529094636301e-11  -2.2835748202291009e-11  -6.8223037097130838e-10   6.4557991748707647e-18
 -1.4600000000000000e+01  -7.1831186980660097e-11  -2.2745110418630874e-11  -6.8266954903809146e-10   6.9269741991640600e-18
 -1.4549999999999999e+01  -7.1967392002217508e-11  -2.2654478040061589e-11  -6.8310306730829646e-10   7.4314742130437956e-18
 -1.4500000000000000e+01  -7.2102131551594868e-11  -2.2563839117313779e-11  -6.8353083119721168e-10   7.9715955970180167e-18
 -1.4449999999999999e+01  -7.2235392884275840e-11  -2.2473181295296185e-11  -6.8395274348311053e-10   8.5497893864029529e-18
 -1.4399999999999999e+01  -7.2367163113845231e-11  -2.2382491801162963e-11  -6.8436870422836013e-10   9.1686714681127974e-18
 -1.4350000000000000e+01  -7.2497429206733015e-11  -2.2291757432104913e-11  -6.8477861069828974e-10   9.8310334336555107e-18
 -1.4299999999999999e+01  -7.2626177976825142e-11  -2.2200964542797255e-11  -6.8518235727811429e-10   1.0539854135817056e-17
 -1.4250000000000000e+01  -7.2753396079943274e-11  -2.2110099032607118e-11  -6.8557983538798536e-10   1.1298311986620982e-17
 -1.4199999999999999e+01  -7.2879070008141193e-11  -2.2019146332340933e-11  -6.8597093339536018e-10   1.2109798046787388e-17
 -1.4149999999999999e+01  -7.3003186083983025e-11  -2.1928091391051181e-11  -6.8635553652719002e-10   1.2977929957392099e-17
 -1.4100000000000000e+01  -7.3125730454659954e-11  -2.1836918662368498e-11  -6.8673352677968628e-10   1.3906566765642625e-17
 -1.4049999999999999e+01  -7.3246689085878047e-11  -2.1745612090442771e-11  -6.8710478282484736e-10   1.4899824699722830e-17
 -1.4000000000000000e+01  -7.3366047755527462e-11  -2.1654155095340807e-11  -6.8746917991379803e-10   1.5962093950777300e-17
 -1.3949999999999999e+01  -7.3483792047156138e-11  -2.1562530558065457e-11  -6.8782658977732298e-10   1.7098056531967507e-17
 -1.3899999999999999e+01  -7.3599907343361497e-11  -2.1470720805385974e-11  -6.8817688052522717e-10   1.8312705277665547e-17
 -1.3850000000000000e+01  -7.3714378819022728e-11  -2.1378707594297066e-11  -6.8851991654335157e-10   1.9611364047522891e-17
 -1.3799999999999999e+01  -7.3827191434351628e-11  -2.1286472096115086e-11  -6.8885555838799819e-10   2.0999709222397405e-17
 -1.3750000000000000e+01  -7.3938329927719586e-11  -2.1193994880051456e-11  -6.8918366267708957e-10   2.2483792565185498e-17
 -1.3699999999999999e+01  -7.4047778808326816e-11  -2.1101255896485786e-11  -6.8950408197907472e-10   2.4070065535835936e-17
 -1.3649999999999999e+01  -7.4155522348742996e-11  -2.1008234459923224e-11  -6.8981666469994110e-10   2.5765405140126912e-17
 -1.3600000000000000e+01  -7.4261544577262631e-11  -2.0914909231566500e-11  -6.9012125496755622e-10   2.7577141425550973e-17
 -1.3549999999999999e+01  -7.4365829270025421e-11  -2.0821258201357760e-11  -6.9041769251258223e-10   2.9513086706773363e-17
 -1.3500000000000000e+01  -7.4468359942944712e-11  -2.0727258669626700e-11  -6.9070581254663334e-10   3.1581566645075995e-17
 -1.3449999999999999e+01  -7.4569119843501541e-11  -2.0632887228428637e-11  -6.9098544563845769e-10   3.3791453283633851e-17
 -1.3399999999999999e+01  -7.4668091942385264e-11  -2.0538119742549978e-11  -6.9125641758788201e-10   3.6152200161283010e-17
 -1.3350000000000000e+01  -7.4765258924920293e-11  -2.0442931330027798e-11  -6.9151854929663143e-10   3.8673879635375750e-17
 -1.3299999999999999e+01  -7.4860603182331461e-11  -2.0347296342351094e-11  -6.9177165663683059e-10   4.1367222557169232e-17
 -1.3250000000000000e+01  -7.4954106802831894e-11  -2.0251188344234187e-11  -6.9201555031687106e-10   4.4243660422416365e-17
 -1.3199999999999999e+01  -7.5045751562509595e-11  -2.0154580092976403e-11  -6.9225003574436434e-10   4.7315370169416186e-17
 -1.3149999999999999e+01  -7.5135518916026618e-11  -2.0057443517390074e-11  -6.9247491288634443e-10   5.0595321779513783e-17
 -1.3100000000000000e+01  -7.5223389987185245e-11  -1.9959749696455682e-11  -6.9268997612752163e-10   5.4097328846390212e-17
 -1.3049999999999999e+01  -7.5309345559355052e-11  -1.9861468837651240e-11  -6.9289501412647812e-10   5.7836102304213345e-17
 -1.3000000000000000e+01  -7.5393366065663512e-11  -1.9762570254751384e-11  -6.9308980966837958e-10   6.1827307497131840e-17
 -1.2949999999999999e+01  -7.5475431579003991e-11  -1.9663022345246595e-11  -6.9327413951502593e-10   6.6087624796408881e-17
 -1.2899999999999999e+01  -7.5555521801945905e-11  -1.9562792567537146e-11  -6.9344777425343851e-10   7.0634813990673250e-17
 -1.2850000000000000e+01  -7.5633616056485303e-11  -1.9461847417753060e-11  -6.9361047814205124e-10   7.5487782655841468e-17
 -1.2799999999999999e+01  -7.5709693273603998e-11  -1.9360152406161965e-11  -6.9376200895408331e-10   8.0666658763980733e-17
 -1.2750000000000000e+01  -7.5783731982696420e-11  -1.9257672033275075e-11  -6.9390211781893761e-10   8.6192867782332791e-17
 -1.2699999999999999e+01  -7.5855710300956653e-11  -1.9154369765880010e-11  -6.9403054906296618e-10   9.2089214535141428e-17
 -1.2649999999999999e+01  -7.5925605922583171e-11  -1.9050208012601679e-11  -6.9414704004745171e-10   9.8379970097379826e-17
 -1.2600000000000000e+01  -7.5993396107806769e-11  -1.8945148099131832e-11  -6.9425132100400385e-10   1.0509096404218333e-16
 -1.2549999999999999e+01  -7.6059057671832926e-11  -1.8839150243220556e-11  -6.9434311486860238e-10   1.1224968236084608e-16
 -1.2500000000000000e+01  -7.6122566973733610e-11  -1.8732173529565345e-11  -6.9442213711481334e-10   1.1988537138198950e-16
 -1.2449999999999999e+01  -7.6183899905266964e-11  -1.8624175884501023e-11  -6.9448809558583231e-10   1.2802914805898690e-16
 -1.2399999999999999e+01  -7.6243031879608430e-11  -1.8515114050495390e-11  -6.9454069032513444e-10   1.3671411700014150e-16
 -1.2350000000000000e+01  -7.6299937820032279e-11  -1.8404943560517361e-11  -6.9457961340628769e-10   1.4597549464559325e-16
 -1.2299999999999999e+01  -7.6354592148539926e-11  -1.8293618712259803e-11  -6.9460454876183828e-10   1.5585074100746797e-16
 -1.2250000000000000e+01  -7.6406968774461799e-11  -1.8181092542293634e-11  -6.9461517201168021e-10   1.6637969943162984e-16
 -1.2199999999999999e+01  -7.6457041083063065e-11  -1.8067316800198308e-11  -6.9461115029130912e-10   1.7760474484575733e-16
 -1.2149999999999999e+01  -7.6504781924173105e-11  -1.7952241922720501e-11  -6.9459214208024715e-10   1.8957094099712777e-16
 -1.2100000000000000e+01  -7.6550163600871035e-11  -1.7835817008026329e-11  -6.9455779703109425e-10   2.0232620721776299e-16
 -1.2049999999999999e+01  -7.6593157858252060e-11  -1.7717989790098752e-11  -6.9450775579954776e-10   2.1592149525476696e-16
 -1.2000000000000000e+01  -7.6633735872294024e-11  -1.7598706613322396e-11  -6.9444164987565960e-10   2.3041097677720447e-16
 -1.1949999999999999e+01  -7.6671868238830951e-11  -1.7477912407259063e-11  -6.9435910141640420e-10   2.4585224217343321e-16
 -1.1899999999999999e+01  -7.6707524962696014e-11  -1.7355550661772532e-11  -6.9425972308047264e-10   2.6230651130078544e-16
 -1.1850000000000000e+01  -7.6740675447058144e-11  -1.7231563402517249e-11  -6.9414311786558739e-10   2.7983885688002518e-16
 -1.1799999999999999e+01  -7.6771288482963195e-11  -1.7105891166837976e-11  -6.9400887894850149e-10   2.9851844126485396e-16
 -1.1750000000000000e+01  -7.6799332239144233e-11  -1.6978472980219213e-11  -6.9385658952861244e-10   3.1841876737807842e-16
 -1.1699999999999999e+01  -7.6824774252108045e-11  -1.6849246333268687e-11  -6.9368582267522618e-10   3.3961794460552967e-16
 -1.1649999999999999e+01  -7.6847581416561414e-11  -1.6718147159410805e-11  -6.9349614117942235e-10   3.6219897053855276e-16
 -1.1600000000000000e+01  -7.6867719976254608e-11  -1.6585109813422484e-11  -6.9328709741158891e-10   3.8625002945590790e-16
 -1.1549999999999999e+01  -7.6885155515270663e-11  -1.6450067050884731e-11  -6.9305823318502168e-10   4.1186480851745413e-16
 -1.1500000000000000e+01  -7.6899852949781839e-11  -1.6312950008583017e-11  -6.9280907962586584e-10   4.3914283266855429e-16
 -1.1449999999999999e+01  -7.6911776520340200e-11  -1.6173688186016163e-11  -6.9253915705036601e-10   4.6818981933786423e-16
 -1.1400000000000000e+01  -7.6920889784782585e-11  -1.6032209428170887e-11  -6.9224797485054412e-10   4.9911805405195877e-16
 -1.1350000000000000e+01  -7.6927155611783032e-11  -1.5888439909623455e-11  -6.9193503138873996e-10   5.3204678813554631e-16
 -1.1299999999999999e+01  -7.6930536175131880e-11  -1.5742304120160380e-11  -6.9159981390216462e-10   5.6710265977441004e-16
 -1.1250000000000000e+01  -7.6930992948807082e-11  -1.5593724852024354e-11  -6.9124179841834675e-10   6.0442013973770350e-16
 -1.1199999999999999e+01  -7.6928486702924815e-11  -1.5442623189007118e-11  -6.9086044968273464e-10   6.4414200316168586e-16
 -1.1150000000000000e+01  -7.6922977500607675e-11  -1.5288918497420239e-11  -6.9045522109892642e-10   6.8641982883598234e-16
 -1.1100000000000000e+01  -7.6914424695855160e-11  -1.5132528419176906e-11  -6.9002555468276816e-10   7.3141452754939646e-16
 -1.1049999999999999e+01  -7.6902786932520894e-11  -1.4973368867161958e-11  -6.8957088103175987e-10   7.7929690111047479e-16
 -1.1000000000000000e+01  -7.6888022144479541e-11  -1.4811354023092028e-11  -6.8909061931093468e-10   8.3024823374230679e-16
 -1.0949999999999999e+01  -7.6870087557061210e-11  -1.4646396338012348e-11  -6.8858417725630004e-10   8.8446091763975560e-16
 -1.0900000000000000e+01  -7.6848939689831575e-11  -1.4478406535603604e-11  -6.8805095119691588e-10   9.4213911458530857e-16
 -1.0850000000000000e+01  -7.6824534360831104e-11  -1.4307293618536935e-11  -6.8749032609721886e-10   1.0034994555912563e-15
 -1.0799999999999999e+01  -7.6796826692407583e-11  -1.4132964878167246e-11  -6.8690167562147909e-10   1.0687717806751707e-15
 -1.0750000000000000e+01  -7.6765771118714550e-11  -1.3955325907693713e-11  -6.8628436222136894e-10   1.1381999209283065e-15
 -1.0699999999999999e+01  -7.6731321394977602e-11  -1.3774280619032877e-11  -6.8563773724809489e-10   1.2120425251963082e-15
 -1.0650000000000000e+01  -7.6693430608663869e-11  -1.3589731263668457e-11  -6.8496114109097564e-10   1.2905739337903872e-15
 -1.0600000000000000e+01  -7.6652051192677561e-11  -1.3401578457748161e-11  -6.8425390334418678e-10   1.3740851017538053e-15
 -1.0549999999999999e+01  -7.6607134940694047e-11  -1.3209721211653357e-11  -6.8351534300323468e-10   1.4628845743486774e-15
 -1.0500000000000000e+01  -7.6558633024766638e-11  -1.3014056964341255e-11  -6.8274476869304823e-10   1.5572995175728418e-15
 -1.0449999999999999e+01  -7.6506496015316189e-11  -1.2814481622666907e-11  -6.8194147892919205e-10   1.6576768066097738e-15
 -1.0400000000000000e+01  -7.6450673903641724e-11  -1.2610889606001818e-11  -6.8110476241414974e-10   1.7643841753062499e-15
 -1.0350000000000000e+01  -7.6391116127105702e-11  -1.2403173896455835e-11  -6.8023389837082078e-10   1.8778114298928587e-15
 -1.0299999999999999e+01  -7.6327771597121039e-11  -1.2191226094969162e-11  -6.7932815691497784e-10   1.9983717303113684e-15
 -1.0250000000000000e+01  -7.6260588730109346e-11  -1.1974936483650263e-11  -6.7838679946908424e-10   2.1265029427042830e-15
 -1.0199999999999999e+01  -7.6189515481553296e-11  -1.1754194094582202e-11  -6.7740907921912783e-10   2.2626690667398437e-15
 -1.0150000000000000e+01  -7.6114499383304163e-11  -1.1528886785479510e-11  -6.7639424161675454e-10   2.4073617416642983e-15
 -1.0100000000000000e+01  -7.6035487584297135e-11  -1.1298901322472541e-11  -6.7534152492878465e-10   2.5611018351219120e-15
 -1.0049999999999999e+01  -7.5952426894838182e-11  -1.1064123470402777e-11  -6.7425016083641248e-10   2.7244411189817738e-15
 -1.0000000000000000e+01  -7.5865263834611542e-11  -1.0824438090904297e-11  -6.7311937508612559e-10   2.8979640365899337e-15
 -9.9499999999999993e+00  -7.5773944684566070e-11  -1.0579729248633662e-11  -6.7194838819454783e-10   3.0822895660729332e-15
 -9.9000000000000004e+00  -7.5678415542852735e-11  -1.0329880325989800e-11  -6.7073641620959071e-10   3.2780731845158889e-15
 -9.8499999999999996e+00  -7.5578622384964744e-11  -1.0074774146644973e-11  -6.6948267152998216e-10   3.4860089380438386e-15
 -9.7999999999999989e+00  -7.5474511128254986e-11  -9.8142931082577452e-12  -6.6818636378560630e-10   3.7068316230603843e-15
 -9.7500000000000000e+00  -7.5366027700993391e-11  -9.5483193246970276e-12  -6.6684670078087143e-10   3.9413190841155553e-15
 -9.6999999999999993e+00  -7.5253118116116540e-11  -9.2767347780997177e-12  -6.6546288950319827e-10   4.1902946340872182e-15
 -9.6500000000000004e+00  -7.5135728549840719e-11  -8.9994214811185266e-12  -6.6403413719897854e-10   4.4546296026181919e-15
 -9.5999999999999996e+00  -7.5013805425301969e-11  -8.7162616496952070e-12  -6.6255965251924217e-10   4.7352460189685988e-15
 -9.5499999999999989e+00  -7.4887295501387045e-11  -8.4271378867021532e-12  -6.6103864673726177e-10   5.0331194356927675e-15
 -9.5000000000000000e+00  -7.4756145966914488e-11  -8.1319333767793342e-12  -6.5947033504027557e-10   5.3492818997956563e-15
 -9.4499999999999993e+00  -7.4620304540315195e-11  -7.8305320926712078e-12  -6.5785393789733018e-10   5.6848250782712672e-15
 -9.4000000000000004e+00  -7.4479719574968006e-11  -7.5228190133877299e-12  -6.5618868250536164e-10   6.0409035451892984e-15
 -9.3499999999999996e+00  -7.4334340170347884e-11  -7.2086803545081660e-12  -6.5447380431563823e-10   6.4187382377357982e-15
 -9.2999999999999989e+00  -7.4184116289136389e-11  -6.8880038109341737e-12  -6.5270854864258014e-10   6.8196200888929577e-15
 -9.2500000000000000e+00  -7.4028998880438641e-11  -6.5606788123829798e-12  -6.5089217235687834e-10   7.2449138446832066e-15
 -9.1999999999999993e+00  -7.3868940009248456e-11  -6.2265967919072832e-12  -6.4902394566480722e-10   7.6960620741538720e-15
 -9.1500000000000004e+00  -7.3703892992305908e-11  -5.8856514677327180e-12  -6.4710315397565196e-10   8.1745893805863843e-15
 -9.0999999999999996e+00  -7.3533812540477674e-11  -5.5377391386676746e-12  -6.4512909985896172e-10   8.6821068225870535e-15
 -9.0499999999999989e+00  -7.3358654907791435e-11  -5.1827589933497254e-12  -6.4310110509336175e-10   9.2203165540377519e-15
 -9.0000000000000000e+00  -7.3178378047255788e-11  -4.8206134335842053e-12  -6.4101851280865073e-10   9.7910166920903837e-15
 -8.9499999999999993e+00  -7.2992941773587616e-11  -4.4512084120098929e-12  -6.3888068972276353e-10   1.0396106422630079e-14
 -8.9000000000000004e+00  -7.2802307932978632e-11  -4.0744537843522931e-12  -6.3668702847533336e-10   1.1037591352864797e-14
 -8.8499999999999996e+00  -7.2606440580024650e-11  -3.6902636764928164e-12  -6.3443695005944450e-10   1.1717589120892375e-14
 -8.7999999999999989e+00  -7.2405306161934347e-11  -3.2985568665784615e-12  -6.3212990635309022e-10   1.2438335272319478e-14
 -8.7500000000000000e+00  -7.2198873710139605e-11  -2.8992571823976995e-12  -6.2976538275190984e-10   1.3202189414144644e-14
 -8.6999999999999993e+00  -7.1987115039432343e-11  -2.4922939142546632e-12  -6.2734290090482591e-10   1.4011641656301674e-14
 -8.6500000000000004e+00  -7.1770004954756992e-11  -2.0776022435787335e-12  -6.2486202155425702e-10   1.4869319351383007e-14
 -8.5999999999999996e+00  -7.1547521465788826e-11  -1.6551236875063551e-12  -6.2232234748260588e-10   1.5777994143139273e-14
 -8.5499999999999989e+00  -7.1319646009440827e-11  -1.2248065596965518e-12  -6.1972352656689710e-10   1.6740589334442107e-14
 -8.5000000000000000e+00  -7.1086363680447791e-11  -7.8660644764683392e-13  -6.1706525494352815e-10   1.7760187585391804e-14
 -8.4499999999999993e+00  -7.0847663470182741e-11  -3.4048670678936156e-13  -6.1434728028519113e-10   1.8840038952234905e-14
 -8.4000000000000004e+00  -7.0603538513880573e-11   1.1358102831453649e-13  -6.1156940519232117e-10   1.9983569277692943e-14
 -8.3499999999999996e+00  -7.0353986346458805e-11   5.7561631534006922e-13  -6.0873149070163377e-10   2.1194388943139746e-14
 -8.2999999999999989e+00  -7.0099009167142414e-11   1.0456293577480088e-12  -6.0583345991458530e-10   2.2476301992875774e-14
 -8.2500000000000000e+00  -6.9838614113127976e-11   1.5236204400871039e-12  -6.0287530174898856e-10   2.3833315640471269e-14
 -8.1999999999999993e+00  -6.9572813542542388e-11   2.0095793445862403e-12  -5.9985707481732629e-10   2.5269650166763901e-14
 -8.1500000000000004e+00  -6.9301625326988370e-11   2.5034847484928265e-12  -5.9677891143584811e-10   2.6789749218654402e-14
 -8.0999999999999996e+00  -6.9025073153999083e-11   3.0053036015675882e-12  -5.9364102176898532e-10   2.8398290517270500e-14
 -8.0499999999999989e+00  -6.8743186839757148e-11   3.5149904830738491e-12  -5.9044369811410619e-10   3.0100196983364478e-14
 -8.0000000000000000e+00  -6.8456002652472979e-11   4.0324869375299499e-12  -5.8718731933223505e-10   3.1900648287010858e-14
 -7.9499999999999993e+00  -6.8163563646859978e-11   4.5577207884089694e-12  -5.8387235543098717e-10   3.3805092827690952e-14
 -7.9000000000000004e+00  -6.7865920010199710e-11   5.0906054288600917e-12  -5.8049937230680779e-10   3.5819260149724051e-14
 -7.8499999999999996e+00  -6.7563129420532601e-11   5.6310390884529396e-12  -5.7706903665424159e-10   3.7949173796688800e-14
 -7.7999999999999989e+00  -6.7255257417563117e-11   6.1789040748354159e-12  -5.7358212105076240e-10   4.0201164606961067e-14
 -7.7500000000000000e+00  -6.6942377786919534e-11   6.7340659891083153e-12  -5.7003950922647592e-10   4.2581884450756638e-14
 -7.6999999999999993e+00  -6.6624572958466429e-11   7.2963729136022242e-12  -5.6644220152888613e-10   4.5098320407103911e-14
 -7.6500000000000004e+00  -6.6301934419423078e-11   7.8656545706467527e-12  -5.6279132059376313e-10   4.7757809376882349e-14
 -7.5999999999999996e+00  -6.5974563143095341e-11   8.4417214508179561e-12  -5.5908811723399187e-10   5.0568053125558064e-14
 -7.5499999999999989e+00  -6.5642570034083385e-11   9.0243639090540205e-12  -5.5533397655913238e-10   5.3537133746333064e-14
 -7.5000000000000000e+00  -6.5306076390879909e-11   9.6133512269340997e-12  -5.5153042433924832e-10   5.6673529531190682e-14
 -7.4499999999999993e+00  -6.4965214386818205e-11   1.0208430639343487e-11  -5.4767913362729138e-10   5.9986131233705194e-14
 -7.4000000000000004e+00  -6.4620127570373959e-11   1.0809326323671922e-11  -5.4378193165505613e-10   6.3484258703390264e-14
 -7.3499999999999996e+00  -6.4270971385860989e-11   1.1415738349641672e-11  -5.3984080701834017e-10   6.7177677866819528e-14
 -7.2999999999999989e+00  -6.3917913715585070e-11   1.2027341587835155e-11  -5.3585791716740042e-10   7.1076618025685502e-14
 -7.2500000000000000e+00  -6.3561135444536995e-11   1.2643784574980753e-11  -5.3183559621917449e-10   7.5191789436314075e-14
 -7.1999999999999993e+00  -6.3200831048706159e-11   1.3264688334088552e-11  -5.2777636310785056e-10   7.9534401128859520e-14
 -7.1500000000000004e+00  -6.2837209208079775e-11   1.3889645147588045e-11  -5.2368293009031015e-10   8.4116178917484517e-14
 -7.0999999999999996e+00  -6.2470493445362183e-11   1.4518217281722905e-11  -5.1955821162266160e-10   8.8949383545070201e-14
 -7.0500000000000007e+00  -6.2100922791397968e-11   1.5149935660596727e-11  -5.1540533362355159e-10   9.4046828897504979e-14
 -7.0000000000000000e+00  -6.1728752478207400e-11   1.5784298488463337e-11  -5.1122764313904086e-10   9.9421900213150816e-14
 -6.9499999999999993e+00  -6.1354254660441422e-11   1.6420769819108313e-11  -5.0702871842258833e-10   1.0508857220267444e-13
 -6.9000000000000004e+00  -6.0977719165927404e-11   1.7058778071499918e-11  -5.0281237944195842e-10   1.1106142698295067e-13
 -6.8499999999999996e+00  -6.0599454275815450e-11   1.7697714491272624e-11  -4.9858269882279407e-10   1.1735567171608822e-13
 -6.8000000000000007e+00  -6.0219787534639206e-11   1.8336931558069343e-11  -4.9434401323605427e-10   1.2398715583072660e-13
 -6.7500000000000000e+00  -5.9839066590371845e-11   1.8975741339309435e-11  -4.9010093523344745e-10   1.3097238768741574e-13
 -6.6999999999999993e+00  -5.9457660064284445e-11   1.9613413791582074e-11  -4.8585836553137945e-10   1.3832855053306461e-13
 -6.6500000000000004e+00  -5.9075958450094508e-11   2.0249175011590800e-11  -4.8162150573968778e-10   1.4607351757097514e-13
 -6.5999999999999996e+00  -5.8694375041534010e-11   2.0882205439389646e-11  -4.7739587152663909e-10   1.5422586595267578e-13
 -6.5500000000000007e+00  -5.8313346887059890e-11   2.1511638017567236e-11  -4.7318730620622991e-10   1.6280488947554562e-13
 -6.5000000000000000e+00  -5.7933335769976692e-11   2.2136556311049411e-11  -4.6900199472774294e-10   1.7183060974580530e-13
 -6.4499999999999993e+00  -5.7554829211743878e-11   2.2755992593300778e-11  -4.6484647804082116e-10   1.8132378553976072e-13
 -6.4000000000000004e+00  -5.7178341495689360e-11   2.3368925905929059e-11  -4.6072766780190332e-10   1.9130592006688437e-13
 -6.3499999999999996e+00  -5.6804414707753435e-11   2.3974280100014719e-11  -4.5665286137980581e-10   2.0179926580630070e-13
 -6.3000000000000007e+00  -5.6433619790246347e-11   2.4570921868898605e-11  -4.5262975710960567e-10   2.1282682655316506e-13
 -6.2500000000000000e+00  -5.6066557603913563e-11   2.5157658783671903e-11  -4.4866646973468389e-10   2.2441235627305225e-13
 -6.1999999999999993e+00  -5.5703859992870967e-11   2.5733237344207853e-11  -4.4477154596693667e-10   2.3658035432048428e-13
 -6.1500000000000004e+00  -5.5346190846204428e-11   2.6296341060243099e-11  -4.4095398008484398e-10   2.4935605653183610e-13
 -6.1000000000000014e+00  -5.4994247149225261e-11   2.6845588578753536e-11  -4.3722322947830927e-10   2.6276542165260709e-13
 -6.0500000000000007e+00  -5.4648760016539071e-11   2.7379531875663734e-11  -4.3358923003802904e-10   2.7683511250416010e-13
 -6.0000000000000000e+00  -5.4310495698227394e-11   2.7896654531766087e-11  -4.3006241127571200e-10   2.9159247123495046e-13
 -5.9499999999999993e+00  -5.3980256549571008e-11   2.8395370114577966e-11  -4.2665371104992030e-10   3.0706548793558102e-13
 -5.8999999999999986e+00  -5.3658881953864253e-11   2.8874020689724327e-11  -4.2337458976070392e-10   3.2328276182519242e-13
 -5.8500000000000014e+00  -5.3347249186988679e-11   2.9330875487280090e-11  -4.2023704386467042e-10   3.4027345413805840e-13
 -5.8000000000000007e+00  -5.3046274211546202e-11   2.9764129750308774e-11  -4.1725361855087586e-10   3.5806723175326981e-13
 -5.7500000000000000e+00  -5.2756912387504980e-11   3.0171903794573150e-11  -4.1443741940707735e-10   3.7669420051624288e-13
 -5.6999999999999993e+00  -5.2480159085491744e-11   3.0552242310049972e-11  -4.1180212289556667e-10   3.9618482709768100e-13
 -5.6499999999999986e+00  -5.2217050188092443e-11   3.0903113936412926e-11  -4.0936198544827774e-10   4.1656984812274988e-13
 -5.6000000000000014e+00  -5.1968662463803775e-11   3.1222411146038840e-11  -4.0713185098226301e-10   4.3788016517946448e-13
 -5.5500000000000007e+00  -5.1736113797624078e-11   3.1507950469312962e-11  -4.0512715662912143e-10   4.6014672417964488e-13
 -5.5000000000000000e+00  -5.1520563261692871e-11   3.1757473098035556e-11  -4.0336393646572273e-10   4.8340037739702296e-13
 -5.4499999999999993e+00  -5.1323211008900143e-11   3.1968645903523703e-11  -4.0185882302885604e-10   5.0767172634375872e-13
 -5.3999999999999986e+00  -5.1145297971994145e-11   3.2139062906547358e-11  -4.0062904639332962e-10   5.3299094346730514e-13
 -5.3500000000000014e+00  -5.0988105350431313e-11   3.2266247236505290e-11  -3.9969243059177097e-10   5.5938757045245626e-13
 -5.3000000000000007e+00  -5.0852953867039858e-11   3.2347653617218197e-11  -3.9906738715502778e-10   5.8689029069675116e-13
 -5.2500000000000000e+00  -5.0741202776517474e-11   3.2380671416367044e-11  -3.9877290555483411e-10   6.1552667328887149e-13
 -5.1999999999999993e+00  -5.0654248607858058e-11   3.2362628294922843e-11  -3.9882854033536696e-10   6.4532288555714254e-13
 -5.1499999999999986e+00  -5.0593523623000728e-11   3.2290794491889496e-11  -3.9925439472753501e-10   6.7630337096577562e-13
 -5.1000000000000014e+00  -5.0560493974319840e-11   3.2162387778300749e-11  -4.0007110054942710e-10   7.0849048881738986e-13
 -5.0500000000000007e+00  -5.0556657544022388e-11   3.1974579112676967e-11  -4.0129979420828937e-10   7.4190411186804386e-13
 -5.0000000000000000e+00  -5.0583541449081218e-11   3.1724499028059505e-11  -4.0296208863369851e-10   7.7656117757192217e-13
 -4.9499999999999993e+00  -5.0642699196000969e-11   3.1409244778305219e-11  -4.0508004098822677e-10   8.1247518824269402e-13
 -4.8999999999999986e+00  -5.0735707470473334e-11   3.1025888268557278e-11  -4.0767611602075990e-10   8.4965565494273985e-13
 -4.8500000000000014e+00  -5.0864162547811810e-11   3.0571484791729785e-11  -4.1077314494862042e-10   8.8810747938460159e-13
 -4.8000000000000007e+00  -5.1029676310942276e-11   3.0043082589477871e-11  -4.1439427977760628e-10   9.2783026754535487e-13
 -4.7500000000000000e+00  -5.1233871863637447e-11   2.9437733252504308e-11  -4.1856294299379015e-10   9.6881756804743378e-13
 -4.6999999999999993e+00  -5.1478378727591453e-11   2.8752502971213318e-11  -4.2330277258721329e-10   1.0110560276413839e-12
 -4.6499999999999986e+00  -5.1764827612799424e-11   2.7984484643704880e-11  -4.2863756239518270e-10   1.0545244553287619e-12
 -4.6000000000000014e+00  -5.2094844751495392e-11   2.7130810843958698e-11  -4.3459119778143327e-10   1.0991927857776721e-12
 -4.5500000000000007e+00  -5.2470045786565431e-11   2.6188667648833485e-11  -4.4118758669663393e-10   1.1450209316987463e-12
 -4.5000000000000000e+00  -5.2892029205841814e-11   2.5155309318261802e-11  -4.4845058619525076e-10   1.1919575137541481e-12
 -4.4499999999999993e+00  -5.3362369313941714e-11   2.4028073818810390e-11  -4.5640392451326021e-10   1.2399384553533511e-12
 -4.3999999999999986e+00  -5.3882608733277970e-11   2.2804399176662780e-11  -4.6507111884022506e-10   1.2888854283324077e-12
 -4.3500000000000014e+00  -5.4454250425472854e-11   2.1481840642122957e-11  -4.7447538894744580e-10   1.3387041340020248e-12
 -4.3000000000000007e+00  -5.5078749223573995e-11   2.0058088643997489e-11  -4.8463956686086771e-10   1.3892824023657902e-12
 -4.2500000000000000e+00  -5.5757502864121848e-11   1.8530987508748502e-11  -4.9558600279277631e-10   1.4404880904332577e-12
 -4.1999999999999993e+00  -5.6491842506159727e-11   1.6898554916177815e-11  -5.0733646756966046e-10   1.4921667584609496e-12
 -4.1499999999999986e+00  -5.7283022721613737e-11   1.5159002060650138e-11  -5.1991205181465347e-10   1.5441391006228301e-12
 -4.1000000000000014e+00  -5.8132210937988151e-11   1.3310754484543427e-11  -5.3333306216130201e-10   1.5961981040131440e-12
 -4.0500000000000007e+00  -5.9040476309903114e-11   1.1352473548755464e-11  -5.4761891479084443e-10   1.6481059069885798e-12
 -4.0000000000000000e+00  -6.0008777990510261e-11   9.2830785037307259e-12  -5.6278802659743555e-10   1.6995903246304827e-12
 -3.9499999999999993e+00  -6.1037952767105997e-11   7.1017691236124314e-12  -5.7885770429469351e-10   1.7503410055154066e-12
 -3.8999999999999986e+00  -6.2128702017152466e-11   4.8080488657710914e-12  -5.9584403178248297e-10   1.8000051799847151e-12
 -3.8500000000000014e+00  -6.3281577931221541e-11   2.4017485180940249e-12  -6.1376175609500331e-10   1.8481829556593856e-12
 -3.8000000000000007e+00  -6.4496968937878063e-11  -1.1694970300090786e-13  -6.3262417225014209e-10   1.8944221110102993e-12
 -3.7500000000000000e+00  -6.5775084251966928e-11  -2.7474876399047876e-12  -6.5244300731593689e-10   1.9382123323204917e-12
 -3.6999999999999993e+00  -6.7115937451879033e-11  -5.4889063013473502e-12  -6.7322830400328992e-10   1.9789788333163194e-12
 -3.6499999999999986e+00  -6.8519328972813475e-11  -8.3398206235606906e-12  -6.9498830408535051e-10   2.0160752900511641e-12
 -3.6000000000000014e+00  -6.9984827381449843e-11  -1.1298393917159137e-11  -7.1772933193409321e-10   2.0487760162518463e-12
 -3.5500000000000007e+00  -7.1511749272352566e-11  -1.4362312030711796e-11  -7.4145567845459524e-10   2.0762672962422668e-12
 -3.5000000000000000e+00  -7.3099137597340593e-11  -1.7528757261433909e-11  -7.6616948568879054e-10   2.0976377837064789e-12
 -3.4499999999999993e+00  -7.4745738205374919e-11  -2.0794382043797572e-11  -7.9187063235481062e-10   2.1118678649228766e-12
 -3.3999999999999986e+00  -7.6449974331551182e-11  -2.4155282448628175e-11  -8.1855662058764591e-10   2.1178178746904260e-12
 -3.3500000000000014e+00  -7.8209918728731462e-11  -2.7606971528990223e-11  -8.4622246415458173e-10   2.1142150420033831e-12
 -3.3000000000000007e+00  -8.0023263083272016e-11  -3.1144352555601256e-11  -8.7486057843822470e-10   2.0996390306805635e-12
 -3.2500000000000000e+00  -8.1887284296115780e-11  -3.4761692194541156e-11  -9.0446067251525936e-10   2.0725059277444488e-12
 -3.1999999999999993e+00  -8.3798807140958479e-11  -3.8452593694753318e-11  -9.3500964371583088e-10   2.0310505195789566e-12
 -3.1499999999999986e+00  -8.5754162730809172e-11  -4.2209970173640182e-11  -9.6649147513331762e-10   1.9733066830871242e-12
 -3.1000000000000014e+00  -8.7749142131376667e-11  -4.6026018117634270e-11  -9.9888713667564749e-10   1.8970857066826382e-12
 -3.0500000000000007e+00  -8.9778944352406067e-11  -4.9892191253073730e-11  -1.0321744904175193e-09   1.7999523446423774e-12
 -3.0000000000000000e+00  -9.1838117824192754e-11  -5.3799174993619587e-11  -1.0663282012407960e-09   1.6791983990465102e-12
 -2.9499999999999993e+00  -9.3920494323574804e-11  -5.7736861737014142e-11  -1.1013196540537611e-09   1.5318136175163078e-12
 -2.8999999999999986e+00  -9.6019114149048034e-11  -6.1694327370136046e-11  -1.1371168792785317e-09   1.3544536939727433e-12
 -2.8500000000000014e+00  -9.8126141155334816e-11  -6.5659809451911215e-11  -1.1736844888139655e-09   1.1434051660408443e-12
 -2.8000000000000007e+00  -1.0023276604067480e-10  -6.9620687684652162e-11  -1.2109836253487141e-09   8.9454701968214850e-13
 -2.7500000000000000e+00  -1.0232909603218571e-10  -7.3563467463140991e-11  -1.2489719287524805e-09   6.0330884337111798e-13
 -2.6999999999999993e+00  -1.0440402883294328e-10  -7.7473767516191413e-11  -1.2876035243580111e-09   2.6462542623311262e-13
 -2.6499999999999986e+00  -1.0644510837660839e-10  -8.1336312938431640e-11  -1.3268290393168780e-09  -1.2711222559981068e-13
 -2.6000000000000014e+00  -1.0843835958027082e-10  -8.5134935263860450e-11  -1.3665956549353149e-09  -5.7810936292615249e-13
 -2.5500000000000007e+00  -1.1036809889449115e-10  -8.8852581673275355e-11  -1.4068472050525365e-09  -1.0952231989993997e-12
 -2.5000000000000000e+00  -1.1221671702544640e-10  -9.2471335973968691e-11  -1.4475243332087852e-09  -1.6860213544154969e-12
 -2.4499999999999993e+00  -1.1396442975706446e-10  -9.5972454664610478e-11  -1.4885647246764340e-09  -2.3588422283005901e-12
 -2.3999999999999986e+00  -1.1558899234869063e-10  -9.9336422227106320e-11  -1.5299034335250131e-09  -3.1228560476975715e-12
 -2.3500000000000014e+00  -1.1706537255616433e-10  -1.0254303080020292e-10  -1.5714733299067948e-09  -3.9881247637259714e-12
 -2.3000000000000007e+00  -1.1836537696961845e-10  -1.0557149061960669e-10  -1.6132056988430201e-09  -4.9656581887038804e-12
 -2.2500000000000000e+00  -1.1945722515534301e-10  -1.0840057909109445e-10  -1.6550310291253471e-09  -6.0674627499836111e-12
 -2.1999999999999993e+00  -1.2030506614649480e-10  -1.1100883813045225e-10  -1.6968800396731330e-09  -7.3065779092243859e-12
 -2.1499999999999986e+00  -1.2086843231961777e-10  -1.1337483148549061e-10  -1.7386850009132450e-09  -8.6970935833620234e-12
 -2.1000000000000014e+00  -1.2110162687249062e-10  -1.1547747616585238e-10  -1.7803814204934454e-09  -1.0254139717025171e-11
 -2.0500000000000007e+00  -1.2095304334812456e-10  -1.1729646483467735e-10  -1.8219101757539534e-09  -1.1993836398181277e-11
 -2.0000000000000000e+00  -1.2036441945030680e-10  -1.1881279900520508e-10  -1.8632201894295352e-09  -1.3933189480432697e-11
 -1.9499999999999993e+00  -1.1927003350094803e-10  -1.2000945600176774e-10  -1.9042717591368619e-09  -1.6089912490552422e-11
 -1.8999999999999986e+00  -1.1759586131460095e-10  -1.2087221563470890e-10  -1.9450406636939526e-09  -1.8482150611141303e-11
 -1.8500000000000014e+00  -1.1525872539231711e-10  -1.2139067496544902e-10  -1.9855231775001101e-09  -2.1128076770227369e-11
 -1.8000000000000007e+00  -1.1216548899895924e-10  -1.2155948069360894e-10  -2.0257421237551829e-09  -2.4045323527673859e-11
 -1.7500000000000000e+00  -1.0821237724045241e-10  -1.2137980749020956e-10  -2.0657540816374646e-09  -2.7250207963930903e-11
 -1.6999999999999993e+00  -1.0328454858728430e-10  -1.2086110541073736e-10  -2.1056578220576351e-09  -3.0756701000165340e-11
 -1.6499999999999986e+00  -9.7256096685109438e-11  -1.2002312804818010e-10  -2.1456039677243217e-09  -3.4575088978311189e-11
 -1.6000000000000014e+00  -8.9990737024128403e-11  -1.1889823220729021e-10  -2.1858057378641456e-09  -3.8710276256559572e-11
 -1.5500000000000007e+00  -8.1343528429521438e-11  -1.1753390560640965e-10  -2.2265504232438336e-09  -4.3159686561326007e-11
 -1.5000000000000000e+00  -7.1164094966568534e-11  -1.1599542675742972e-10  -2.2682109170871020e-09  -4.7910742844177896e-11
 -1.4499999999999993e+00  -5.9301943453413064e-11  -1.1436848598365144e-10  -2.3112561769872863e-09  -5.2937946863322296e-11
 -1.3999999999999986e+00  -4.5614598315863838e-11  -1.1276149509321272e-10  -2.3562588970049063e-09  -5.8199648103954373e-11
 -1.3500000000000014e+00  -2.9979364332038709e-11  -1.1130718606288986e-10  -2.4038979393662145e-09  -6.3634694006826618e-11
 -1.3000000000000007e+00  -1.2309518404694339e-11  -1.1016295486073170e-10  -2.4549522754591940e-09  -6.9159293355692920e-11
 -1.2500000000000000e+00   7.4244691759709413e-12  -1.0950926776042829e-10  -2.5102824670503403e-09  -7.4664596939938792e-11
 -1.1999999999999993e+00   2.9168599938922697e-11  -1.0954535676424202e-10  -2.5707953549151544e-09  -8.0015682960195986e-11
 -1.1499999999999986e+00   5.2754782833734772e-11  -1.1048145438155126e-10  -2.6373880289295611e-09  -8.5052783463349579e-11
 -1.1000000000000014e+00   7.7868436937089587e-11  -1.1252704137497625e-10  -2.7108688516125421e-09  -8.9595627827780663e-11
 -1.0500000000000007e+00   1.0401866836002699e-10  -1.1587508751396191e-10  -2.7918567801010120e-09  -9.3451613135904590e-11
 -1.0000000000000000e+00   1.3051761798519738e-10  -1.2068309230683975e-10  -2.8806656412082728e-09  -9.6428047358251006e-11
 -9.4999999999999929e-01   1.5647724948594040e-10  -1.2705280901936676e-10  -2.9771867979969593e-09  -9.8347915436255863e-11
 -8.9999999999999858e-01   1.8083196259738213e-10  -1.3501162541906470e-10  -3.0807901698093388e-09  -9.9067580682754915e-11
 -8.5000000000000142e-01   2.0239289279748997e-10  -1.4449927926759714e-10  -3.1902671678669216e-09  -9.8493813439271677e-11
 -8.0000000000000071e-01   2.1993407844265128e-10  -1.5536345304583784e-10  -3.3038368831724649e-09  -9.6596932430258597e-11
 -7.5000000000000000e-01   2.3230258252091533e-10  -1.6736653882670441e-10  -3.4192272149328190e-09  -9.3417043571602629e-11
 -6.9999999999999929e-01   2.3853644486130246e-10  -1.8020362074935349e-10  -3.5338268616920857e-09  -8.9061532576121958e-11
 -6.5000000000000213e-01   2.3796926144472493e-10  -1.9352911431195211e-10  -3.6448868275195268e-09  -8.3693877647634281e-11
 -6.0000000000000142e-01   2.3030094005158861e-10  -2.0698744181036040e-10  -3.7497375940943717e-09  -7.7515882145065800e-11
 -5.5000000000000071e-01   2.1562127758958977e-10  -2.2024237785478622e-10  -3.8459851983673196e-09  -7.0746849968083241e-11
 -5.0000000000000000e-01   1.9438415193105010e-10  -2.3300048799517040e-10  -3.9316569252279010e-09  -6.3603553091541178e-11
 -4.4999999999999929e-01   1.6734124317147476e-10  -2.4502598820300751e-10  -4.0052816752466696e-09  -5.6284071159657558e-11
 -4.0000000000000213e-01   1.3545151847431937e-10  -2.5614657803943270e-10  -4.0659055911039533e-09  -4.8957154149836275e-11
 -3.5000000000000142e-01   9.9784508127225866e-11  -2.6625159748369763e-10  -4.1130552588017530e-09  -4.1757268303591369e-11
 -3.0000000000000071e-01   6.1432353175871442e-11  -2.7528484225702729e-10  -4.1466666538655923e-09  -3.4784392103459451e-11
 -2.5000000000000000e-01   2.1439935255553341e-11  -2.8323454840959624e-10  -4.1669984199637324e-09  -2.8107107179104798e-11
 -1.9999999999999929e-01  -1.9243348475761027e-11  -2.9012261815186796e-10  -4.1745438477006880e-09  -2.1767502788658807e-11
 -1.5000000000000213e-01  -5.9790955207116070e-11  -2.9599446817629742e-10  -4.1699500240123741e-09  -1.5786686590796241e-11
 -1.0000000000000142e-01  -9.9509831917566186e-11  -3.0091044803923317e-10  -4.1539518618592891e-09  -1.0170079002332741e-11
 -5.0000000000000711e-02  -1.3784011298655541e-10  -3.0493929312754971e-10  -4.1273259042675323e-09  -4.9120625313319260e-12
  0.0000000000000000e+00  -1.7434764163328330e-10  -3.0815260760990268e-10  -4.0908461252734272e-09   0.0000000000000000e+00
