# ZND solution.
# Columns are: spatial coordinate; specific volume; density;
# flow velocity in lab frame; pressure; reaction progress variable.
 -1.2150000000000000e+01   5.5721746169784858e-01   1.7946314836455186e+00   3.0151164610293830e+00   2.1531359046879963e+01   9.9999999999900002e-01
 -1.2100000000000000e+01   5.5721746169784858e-01   1.7946314836455186e+00   3.0151164610293830e+00   2.1531359046879963e+01   9.9999999999900002e-01
 -1.2050000000000001e+01   5.5721746169784858e-01   1.7946314836455186e+00   3.0151164610293830e+00   2.1531359046879963e+01   9.9999999999900002e-01
 -1.2000000000000000e+01   5.5721746169784858e-01   1.7946314836455186e+00   3.0151164610293830e+00   2.1531359046879963e+01   9.9999999999900002e-01
 -1.1950000000000001e+01   5.5721746169784858e-01   1.7946314836455186e+00   3.0151164610293830e+00   2.1531359046879963e+01   9.9999999999900002e-01
 -1.1900000000000000e+01   5.5721746169784858e-01   1.7946314836455186e+00   3.0151164610293830e+00   2.1531359046879963e+01   9.9999999999900002e-01
 -1.1850000000000000e+01   5.5721746169784858e-01   1.7946314836455186e+00   3.0151164610293830e+00   2.1531359046879963e+01   9.9999999999900002e-01
 -1.1800000000000001e+01   5.5721746169784858e-01   1.7946314836455186e+00   3.0151164610293830e+00   2.1531359046879963e+01   9.9999999999900002e-01
 -1.1750000000000000e+01   5.5721746169784858e-01   1.7946314836455186e+00   3.0151164610293830e+00   2.1531359046879963e+01   9.9999999999900002e-01
 -1.1700000000000001e+01   5.5721746169784858e-01   1.7946314836455186e+00   3.0151164610293830e+00   2.1531359046879963e+01   9.9999999999900002e-01
 -1.1650000000000000e+01   5.5721746169784858e-01   1.7946314836455186e+00   3.0151164610293830e+00   2.1531359046879963e+01   9.9999999999900002e-01
 -1.1600000000000000e+01   5.5721746169784858e-01   1.7946314836455186e+00   3.0151164610293830e+00   2.1531359046879963e+01   9.9999999999900002e-01
 -1.1550000000000001e+01   5.5721746169784858e-01   1.7946314836455186e+00   3.0151164610293830e+00   2.1531359046879963e+01   9.9999999999900002e-01
 -1.1500000000000000e+01   5.5721746169784858e-01   1.7946314836455186e+00   3.0151164610293830e+00   2.1531359046879963e+01   9.9999999999900002e-01
 -1.1450000000000001e+01   5.5721746169784858e-01   1.7946314836455186e+00   3.0151164610293830e+00   2.1531359046879963e+01   9.9999999999900002e-01
 -1.1400000000000000e+01   5.5721746169784858e-01   1.7946314836455186e+00   3.0151164610293830e+00   2.1531359046879963e+01   9.9999999999900002e-01
 -1.1350000000000000e+01   5.5721746169784858e-01   1.7946314836455186e+00   3.0151164610293830e+00   2.1531359046879963e+01   9.9999999999900002e-01
 -1.1300000000000001e+01   5.5721746169784858e-01   1.7946314836455186e+00   3.0151164610293830e+00   2.1531359046879963e+01   9.9999999999900002e-01
 -1.1250000000000000e+01   5.5721746169784858e-01   1.7946314836455186e+00   3.0151164610293830e+00   2.1531359046879963e+01   9.9999999999900002e-01
 -1.1200000000000001e+01   5.5721746169784858e-01   1.7946314836455186e+00   3.0151164610293830e+00   2.1531359046879963e+01   9.9999999999900002e-01
 -1.1150000000000000e+01   5.5721746169784858e-01   1.7946314836455186e+00   3.0151164610293830e+00   2.1531359046879963e+01   9.9999999999900002e-01
 -1.1100000000000000e+01   5.5721746169784858e-01   1.7946314836455186e+00   3.0151164610293830e+00   2.1531359046879963e+01   9.9999999999900002e-01
 -1.1050000000000001e+01   5.5721745249067223e-01   1.7946315132990920e+00   3.0151165237254167e+00   2.1531359473807015e+01   9.9999999999895794e-01
 -1.1000000000000000e+01   5.5721742209255365e-01   1.7946316112023868e+00   3.0151167307206341e+00   2.1531360883335697e+01   9.9999999999881317e-01
 -1.0949999999999999e+01   5.5721738966875800e-01   1.7946317156297964e+00   3.0151169515096479e+00   2.1531362386792885e+01   9.9999999999864819e-01
 -1.0900000000000000e+01   5.5721735507596803e-01   1.7946318270429056e+00   3.0151171870683733e+00   2.1531363990824051e+01   9.9999999999846023e-01
 -1.0850000000000000e+01   5.5721731813954745e-01   1.7946319460041686e+00   3.0151174385859925e+00   2.1531365703526895e+01   9.9999999999824607e-01
 -1.0800000000000001e+01   5.5721727866853588e-01   1.7946320731286156e+00   3.0151177073628443e+00   2.1531367533756050e+01   9.9999999999800226e-01
 -1.0750000000000000e+01   5.5721723654456490e-01   1.7946322087974793e+00   3.0151179942049562e+00   2.1531369487000131e+01   9.9999999999772460e-01
 -1.0699999999999999e+01   5.5721719165764572e-01   1.7946323533650055e+00   3.0151182998612933e+00   2.1531371568359205e+01   9.9999999999740807e-01
 -1.0650000000000000e+01   5.5721714374914855e-01   1.7946325076641687e+00   3.0151186260929892e+00   2.1531373789825665e+01   9.9999999999704803e-01
 -1.0600000000000000e+01   5.5721709261092278e-01   1.7946326723653661e+00   3.0151189743174402e+00   2.1531376161051227e+01   9.9999999999663780e-01
 -1.0550000000000001e+01   5.5721703799922051e-01   1.7946328482536438e+00   3.0151193461944414e+00   2.1531378693338233e+01   9.9999999999617051e-01
 -1.0500000000000000e+01   5.5721697974660389e-01   1.7946330358682772e+00   3.0151197428641563e+00   2.1531381394450591e+01   9.9999999999563804e-01
 -1.0449999999999999e+01   5.5721691757214475e-01   1.7946332361140607e+00   3.0151201662395586e+00   2.1531384277414652e+01   9.9999999999503153e-01
 -1.0400000000000000e+01   5.5721685115576458e-01   1.7946334500218832e+00   3.0151206185002142e+00   2.1531387357072113e+01   9.9999999999434086e-01
 -1.0350000000000000e+01   5.5721678032937461e-01   1.7946336781331194e+00   3.0151211007907199e+00   2.1531390641217076e+01   9.9999999999355416e-01
 -1.0300000000000001e+01   5.5721670473902774e-01   1.7946339215877414e+00   3.0151216155212692e+00   2.1531394146261693e+01   9.9999999999265810e-01
 -1.0250000000000000e+01   5.5721662407076900e-01   1.7946341813969202e+00   3.0151221648297306e+00   2.1531397886763724e+01   9.9999999999163758e-01
 -1.0199999999999999e+01   5.5721653797515602e-01   1.7946344586861236e+00   3.0151227510956229e+00   2.1531401878926442e+01   9.9999999999047517e-01
 -1.0150000000000000e+01   5.5721644606606446e-01   1.7946347546989638e+00   3.0151233769482499e+00   2.1531406140654031e+01   9.9999999998915079e-01
 -1.0100000000000000e+01   5.5721634798911368e-01   1.7946350705768184e+00   3.0151240448007579e+00   2.1531410688378742e+01   9.9999999998764277e-01
 -1.0050000000000001e+01   5.5721624332187125e-01   1.7946354076802431e+00   3.0151247575296898e+00   2.1531415541688318e+01   9.9999999998592470e-01
 -1.0000000000000000e+01   5.5721613161767902e-01   1.7946357674478219e+00   3.0151255181765531e+00   2.1531420721293834e+01   9.9999999998396816e-01
 -9.9499999999999993e+00   5.5721601239202945e-01   1.7946361514400446e+00   3.0151263300405891e+00   2.1531426249661390e+01   9.9999999998173961e-01
 -9.9000000000000004e+00   5.5721588516761522e-01   1.7946365611942157e+00   3.0151271963720099e+00   2.1531432148923223e+01   9.9999999997920130e-01
 -9.8499999999999996e+00   5.5721574938554552e-01   1.7946369985104023e+00   3.0151281209765686e+00   2.1531438444994510e+01   9.9999999997631006e-01
 -9.8000000000000007e+00   5.5721560447809837e-01   1.7946374652171204e+00   3.0151291077201536e+00   2.1531445164199916e+01   9.9999999997301736e-01
 -9.7500000000000000e+00   5.5721544980736260e-01   1.7946379633689524e+00   3.0151301609466050e+00   2.1531452336118715e+01   9.9999999996926647e-01
 -9.6999999999999993e+00   5.5721528476694349e-01   1.7946384949189831e+00   3.0151312847851517e+00   2.1531459988868789e+01   9.9999999996499433e-01
 -9.6500000000000004e+00   5.5721510859160461e-01   1.7946390623318909e+00   3.0151324844466521e+00   2.1531468157933340e+01   9.9999999996012823e-01
 -9.5999999999999996e+00   5.5721492059069888e-01   1.7946396678321326e+00   3.0151337646340499e+00   2.1531476875336946e+01   9.9999999995458588e-01
 -9.5500000000000007e+00   5.5721471994126814e-01   1.7946403140703149e+00   3.0151351309512582e+00   2.1531486179239312e+01   9.9999999994827293e-01
 -9.5000000000000000e+00   5.5721450581020948e-01   1.7946410037297302e+00   3.0151365890712696e+00   2.1531496108270535e+01   9.9999999994108268e-01
 -9.4499999999999993e+00   5.5721427726355477e-01   1.7946417398185468e+00   3.0151381453539163e+00   2.1531506705737737e+01   9.9999999993289246e-01
 -9.4000000000000004e+00   5.5721403335930653e-01   1.7946425253708089e+00   3.0151398062137069e+00   2.1531518015320344e+01   9.9999999992356392e-01
 -9.3499999999999996e+00   5.5721377305428288e-01   1.7946433637464694e+00   3.0151415787541613e+00   2.1531530085389598e+01   9.9999999991293875e-01
 -9.3000000000000007e+00   5.5721349523461006e-01   1.7946442585331830e+00   3.0151434705601754e+00   2.1531542967594653e+01   9.9999999990083643e-01
 -9.2500000000000000e+00   5.5721319874619590e-01   1.7946452134481623e+00   3.0151454894905094e+00   2.1531556715449543e+01   9.9999999988705202e-01
 -9.1999999999999993e+00   5.5721288231362953e-01   1.7946462325993855e+00   3.0151476442300420e+00   2.1531571388093724e+01   9.9999999987135113e-01
 -9.1500000000000004e+00   5.5721254459730984e-01   1.7946473203016038e+00   3.0151499439007532e+00   2.1531587047643086e+01   9.9999999985346766e-01
 -9.0999999999999996e+00   5.5721218418120966e-01   1.7946484811157546e+00   3.0151523981450432e+00   2.1531603759757317e+01   9.9999999983309851e-01
 -9.0500000000000007e+00   5.5721179952371291e-01   1.7946497200073086e+00   3.0151550174605086e+00   2.1531621595919525e+01   9.9999999980989762e-01
 -9.0000000000000000e+00   5.5721138901099709e-01   1.7946510421743445e+00   3.0151578128364322e+00   2.1531640630960958e+01   9.9999999978347176e-01
 -8.9499999999999993e+00   5.5721095087906491e-01   1.7946524532986725e+00   3.0151607962847087e+00   2.1531660946676304e+01   9.9999999975337239e-01
 -8.9000000000000004e+00   5.5721048329346368e-01   1.7946539592890864e+00   3.0151639802969976e+00   2.1531682628127207e+01   9.9999999971908871e-01
 -8.8499999999999996e+00   5.5720998425650303e-01   1.7946555665802022e+00   3.0151673784765203e+00   2.1531705767944452e+01   9.9999999968003916e-01
 -8.8000000000000007e+00   5.5720945166951186e-01   1.7946572819319528e+00   3.0151710051141247e+00   2.1531730463441210e+01   9.9999999963556152e-01
 -8.7500000000000000e+00   5.5720888326645335e-01   1.7946591126434126e+00   3.0151748756403309e+00   2.1531756819691218e+01   9.9999999958490071e-01
 -8.6999999999999993e+00   5.5720827663642170e-01   1.7946610664803528e+00   3.0151790064721413e+00   2.1531784948485630e+01   9.9999999952719765e-01
 -8.6500000000000004e+00   5.5720762921487643e-01   1.7946631517034903e+00   3.0151834150727286e+00   2.1531814968739479e+01   9.9999999946147289e-01
 -8.5999999999999996e+00   5.5720693825839640e-01   1.7946653771498173e+00   3.0151881201233492e+00   2.1531847007662314e+01   9.9999999938661144e-01
 -8.5500000000000007e+00   5.5720620083415029e-01   1.7946677522665351e+00   3.0151931415950446e+00   2.1531881201246424e+01   9.9999999930134331e-01
 -8.5000000000000000e+00   5.5720541382086397e-01   1.7946702871079607e+00   3.0151985007420512e+00   2.1531917694222003e+01   9.9999999920422178e-01
 -8.4499999999999993e+00   5.5720457388614064e-01   1.7946729924086020e+00   3.0152042202562401e+00   2.1531956641108767e+01   9.9999999909359905e-01
 -8.4000000000000004e+00   5.5720367746405253e-01   1.7946758796553601e+00   3.0152103244197068e+00   2.1531998207255029e+01   9.9999999896759806e-01
 -8.3499999999999996e+00   5.5720272075777721e-01   1.7946789610790723e+00   3.0152168390868166e+00   2.1532042568715433e+01   9.9999999882408053e-01
 -8.3000000000000007e+00   5.5720169971717015e-01   1.7946822497267860e+00   3.0152237918369260e+00   2.1532089913290910e+01   9.9999999866061207e-01
 -8.2500000000000000e+00   5.5720061001088106e-01   1.7946857595516128e+00   3.0152312121642555e+00   2.1532140441821603e+01   9.9999999847441867e-01
 -8.1999999999999993e+00   5.5719944702613022e-01   1.7946895054134975e+00   3.0152391314794111e+00   2.1532194368197239e+01   9.9999999826234132e-01
 -8.1500000000000004e+00   5.5719820582520752e-01   1.7946935032193894e+00   3.0152475834056043e+00   2.1532251921374225e+01   9.9999999802078099e-01
 -8.1000000000000014e+00   5.5719688115948363e-01   1.7946977698781754e+00   3.0152566036832442e+00   2.1532313344725967e+01   9.9999999774563952e-01
 -8.0500000000000007e+00   5.5719546740534409e-01   1.7947023235071078e+00   3.0152662306061897e+00   2.1532378899013526e+01   9.9999999743224766e-01
 -8.0000000000000000e+00   5.5719395857513687e-01   1.7947071833966257e+00   3.0152765049472063e+00   2.1532448861878017e+01   9.9999999707528786e-01
 -7.9500000000000002e+00   5.5719234827254160e-01   1.7947123701542043e+00   3.0152874702618750e+00   2.1532523529910058e+01   9.9999999666870287e-01
 -7.9000000000000004e+00   5.5719062967382404e-01   1.7947179057648437e+00   3.0152991730162406e+00   2.1532603219519007e+01   9.9999999620559310e-01
 -7.8500000000000005e+00   5.5718879549275480e-01   1.7947238137041883e+00   3.0153116628256980e+00   2.1532688268559639e+01   9.9999999567810038e-01
 -7.7999999999999998e+00   5.5718683795662383e-01   1.7947301190159279e+00   3.0153249926183183e+00   2.1532779037444307e+01   9.9999999507727266e-01
 -7.7500000000000000e+00   5.5718474876554092e-01   1.7947368484430508e+00   3.0153392189119943e+00   2.1532875911030164e+01   9.9999999439291420e-01
 -7.7000000000000002e+00   5.5718251906547078e-01   1.7947440305148854e+00   3.0153544019980534e+00   2.1532979299869485e+01   9.9999999361341108e-01
 -7.6500000000000004e+00   5.5718013940411182e-01   1.7947516956894252e+00   3.0153706062417047e+00   2.1533089642255518e+01   9.9999999272553430e-01
 -7.6000000000000005e+00   5.5717759969159586e-01   1.7947598764801589e+00   3.0153879003496487e+00   2.1533207406044809e+01   9.9999999171421561e-01
 -7.5499999999999998e+00   5.5717488916218616e-01   1.7947686075797169e+00   3.0154063576308969e+00   2.1533333090433199e+01   9.9999999056229116e-01
 -7.5000000000000000e+00   5.5717199632448944e-01   1.7947779260205561e+00   3.0154260563358006e+00   2.1533467228264477e+01   9.9999998925021005e-01
 -7.4500000000000002e+00   5.5716890891156834e-01   1.7947878713360081e+00   3.0154470799957580e+00   2.1533610388343583e+01   9.9999998775570276e-01
 -7.4000000000000004e+00   5.5716561383339780e-01   1.7947984857138319e+00   3.0154695177469630e+00   2.1533763177641159e+01   9.9999998605340290e-01
 -7.3499999999999996e+00   5.5716209711903841e-01   1.7948098141829427e+00   3.0154934647241731e+00   2.1533926243974928e+01   9.9999998411441571e-01
 -7.2999999999999998e+00   5.5715834385254881e-01   1.7948219048203802e+00   3.0155190224971125e+00   2.1534100278981352e+01   9.9999998190582795e-01
 -7.2500000000000000e+00   5.5715433811977511e-01   1.7948348089233104e+00   3.0155462994328084e+00   2.1534286020582947e+01   9.9999997939014862e-01
 -7.2000000000000002e+00   5.5715006293088121e-01   1.7948485812592607e+00   3.0155754112231183e+00   2.1534484256580487e+01   9.9999997652467199e-01
 -7.1500000000000004e+00   5.5714550015266340e-01   1.7948632802849347e+00   3.0156064813456331e+00   2.1534695827791495e+01   9.9999997326075207e-01
 -7.0999999999999996e+00   5.5714063043077011e-01   1.7948789683976554e+00   3.0156396415933191e+00   2.1534921631656825e+01   9.9999996954297599e-01
 -7.0499999999999998e+00   5.5713543310804292e-01   1.7948957121994324e+00   3.0156750326305723e+00   2.1535162626027116e+01   9.9999996530822244e-01
 -7.0000000000000000e+00   5.5712988613459336e-01   1.7949135827877964e+00   3.0157128046055486e+00   2.1535419833332430e+01   9.9999996048458939e-01
 -6.9500000000000002e+00   5.5712396597566394e-01   1.7949326560539340e+00   3.0157531177775820e+00   2.1535694344854633e+01   9.9999995499017080e-01
 -6.9000000000000004e+00   5.5711764751080528e-01   1.7949530130089892e+00   3.0157961432037355e+00   2.1535987325402456e+01   9.9999994873166487e-01
 -6.8499999999999996e+00   5.5711090392642360e-01   1.7949747401319358e+00   3.0158420634704957e+00   2.1536300018293947e+01   9.9999994160278816e-01
 -6.7999999999999998e+00   5.5710370660086606e-01   1.7949979297417322e+00   3.0158910734762809e+00   2.1536633750684942e+01   9.9999993348246774e-01
 -6.7500000000000000e+00   5.5709602498425226e-01   1.7950226803866849e+00   3.0159433812497274e+00   2.1536989939141161e+01   9.9999992423278217e-01
 -6.7000000000000002e+00   5.5708782646626498e-01   1.7950490972729163e+00   3.0159992088499630e+00   2.1537370095768598e+01   9.9999991369661578e-01
 -6.6500000000000004e+00   5.5707907623825648e-01   1.7950772927115131e+00   3.0160587933055907e+00   2.1537775834607519e+01   9.9999990169498565e-01
 -6.5999999999999996e+00   5.5706973714298025e-01   1.7951073866059521e+00   3.0161223876379379e+00   2.1538208878600230e+01   9.9999988802399542e-01
 -6.5499999999999998e+00   5.5705976951681146e-01   1.7951395069642002e+00   3.0161902619354524e+00   2.1538671066907160e+01   9.9999987245136568e-01
 -6.5000000000000000e+00   5.5704913101948605e-01   1.7951737904515628e+00   3.0162627045130876e+00   2.1539164362801674e+01   9.9999985471247954e-01
 -6.4500000000000002e+00   5.5703777645398789e-01   1.7952103829758868e+00   3.0163400231387785e+00   2.1539690862021718e+01   9.9999983450587737e-01
 -6.4000000000000004e+00   5.5702565757088818e-01   1.7952494403235599e+00   3.0164225463657859e+00   2.1540252801842382e+01   9.9999981148812134e-01
 -6.3499999999999996e+00   5.5701272286336834e-01   1.7952911288263225e+00   3.0165106249284843e+00   2.1540852570580498e+01   9.9999978526794620e-01
 -6.2999999999999998e+00   5.5699891734531981e-01   1.7953356260835154e+00   3.0166046332533853e+00   2.1541492717883887e+01   9.9999975539959041e-01
 -6.2500000000000000e+00   5.5698418231599578e-01   1.7953831217287002e+00   3.0167049710617349e+00   2.1542175965644240e+01   9.9999972137519955e-01
 -6.2000000000000002e+00   5.5696845510617565e-01   1.7954338182570297e+00   3.0168120650980002e+00   2.1542905219767178e+01   9.9999968261616445e-01
 -6.1500000000000004e+00   5.5695166881014435e-01   1.7954879318996770e+00   3.0169263709549514e+00   2.1543683582600110e+01   9.9999963846325335e-01
 -6.0999999999999996e+00   5.5693375199688844e-01   1.7955456935667762e+00   3.0170483750402624e+00   2.1544514366323749e+01   9.9999958816536216e-01
 -6.0499999999999998e+00   5.5691462840193362e-01   1.7956073498545007e+00   3.0171785966749352e+00   2.1545401107241290e+01   9.9999953086669502e-01
 -6.0000000000000000e+00   5.5689421659882432e-01   1.7956731641197494e+00   3.0173175903303537e+00   2.1546347581011549e+01   9.9999946559214725e-01
 -5.9500000000000002e+00   5.5687242964684480e-01   1.7957434176336871e+00   3.0174659480271160e+00   2.1547357818983770e+01   9.9999939123064840e-01
 -5.9000000000000004e+00   5.5684917471457307e-01   1.7958184108157742e+00   3.0176243018984352e+00   2.1548436125653026e+01   9.9999930651616953e-01
 -5.8499999999999996e+00   5.5682435267795682e-01   1.7958984645528908e+00   3.0177933269270305e+00   2.1549587097297021e+01   9.9999921000607261e-01
 -5.7999999999999998e+00   5.5679785768991008e-01   1.7959839216136433e+00   3.0179737438759480e+00   2.1550815641933440e+01   9.9999910005642689e-01
 -5.7500000000000000e+00   5.5676957672091265e-01   1.7960751481600115e+00   3.0181663224168385e+00   2.1552127000621851e+01   9.9999897479386457e-01
 -5.7000000000000002e+00   5.5673938906557852e-01   1.7961725353731164e+00   3.0183718844899654e+00   2.1553526770343634e+01   9.9999883208348739e-01
 -5.6500000000000004e+00   5.5670716581752788e-01   1.7962765011862096e+00   3.0185913078800519e+00   2.1555020928351581e+01   9.9999866949227167e-01
 -5.5999999999999996e+00   5.5667276930516607e-01   1.7963874921494560e+00   3.0188255300583289e+00   2.1556615858332265e+01   9.9999848424733206e-01
 -5.5499999999999998e+00   5.5663605248871950e-01   1.7965059854262053e+00   3.0190755522884039e+00   2.1558318378364817e+01   9.9999827318831991e-01
 -5.5000000000000000e+00   5.5659685831586325e-01   1.7966324909302844e+00   3.0193424440140992e+00   2.1560135770799807e+01   9.9999803271313070e-01
 -5.4500000000000002e+00   5.5655501902949145e-01   1.7967675536261953e+00   3.0196273475731719e+00   2.1562075814357215e+01   9.9999775871596397e-01
 -5.4000000000000004e+00   5.5651035542909633e-01   1.7969117559887124e+00   3.0199314832269319e+00   2.1564146818375473e+01   9.9999744651666500e-01
 -5.3499999999999996e+00   5.5646267607764244e-01   1.7970657206494680e+00   3.0202561545610163e+00   2.1566357659587901e+01   9.9999709078010046e-01
 -5.2999999999999998e+00   5.5641177645319984e-01   1.7972301132345114e+00   3.0206027542623182e+00   2.1568717821460567e+01   9.9999668542415954e-01
 -5.2500000000000000e+00   5.5635743803929050e-01   1.7974056454141969e+00   3.0209727703132501e+00   2.1571237436371959e+01   9.9999622351475848e-01
 -5.2000000000000002e+00   5.5629942735008087e-01   1.7975930781799943e+00   3.0213677926296727e+00   2.1573927330813792e+01   9.9999569714599990e-01
 -5.1500000000000004e+00   5.5623749488514718e-01   1.7977932253676672e+00   3.0217895201783915e+00   2.1576799073857426e+01   9.9999509730336555e-01
 -5.0999999999999996e+00   5.5617137400889161e-01   1.7980069574454813e+00   3.0222397686077458e+00   2.1579865029114160e+01   9.9999441370752118e-01
 -5.0499999999999998e+00   5.5610077974798278e-01   1.7982352055920263e+00   3.0227204784364043e+00   2.1583138410496648e+01   9.9999363463595414e-01
 -5.0000000000000000e+00   5.5602540750137608e-01   1.7984789660848819e+00   3.0232337238374543e+00   2.1586633342033888e+01   9.9999274671926575e-01
 -4.9500000000000002e+00   5.5594493165534919e-01   1.7987393050287523e+00   3.0237817220692755e+00   2.1590364922090579e+01   9.9999173470847424e-01
 -4.9000000000000004e+00   5.5585900409590849e-01   1.7990173634525832e+00   3.0243668436052764e+00   2.1594349292345250e+01   9.9999058120915063e-01
 -4.8499999999999996e+00   5.5576725261160242e-01   1.7993143628036850e+00   3.0249916230098930e+00   2.1598603711850128e+01   9.9998926637760210e-01
 -4.7999999999999998e+00   5.5566927917603293e-01   1.7996316108798334e+00   3.0256587706337852e+00   2.1603146636669265e+01   9.9998776757360475e-01
 -4.7500000000000000e+00   5.5556465810212041e-01   1.7999705082323403e+00   3.0263711851823212e+00   2.1607997805463331e+01   9.9998605896338466e-01
 -4.7000000000000002e+00   5.5545293405600271e-01   1.8003325550876945e+00   3.0271319672398840e+00   2.1613178331583011e+01   9.9998411106560470e-01
 -4.6500000000000004e+00   5.5533361992013142e-01   1.8007193588312209e+00   3.0279444338210606e+00   2.1618710802154990e+01   9.9998189023204098e-01
 -4.5999999999999996e+00   5.5520619449230701e-01   1.8011326421068166e+00   3.0288121340390055e+00   2.1624619384775244e+01   9.9997935805339078e-01
 -4.5499999999999998e+00   5.5507010000673118e-01   1.8015742515906970e+00   3.0297388659857720e+00   2.1630929942455257e+01   9.9997647067921092e-01
 -4.5000000000000000e+00   5.5492473946208498e-01   1.8020461675025476e+00   3.0307286949266956e+00   2.1637670157516187e+01   9.9997317803934138e-01
 -4.4500000000000002e+00   5.5476947373961305e-01   1.8025505139263676e+00   3.0317859729247254e+00   2.1644869665220281e+01   9.9996942295223834e-01
 -4.4000000000000004e+00   5.5460361849304152e-01   1.8030895700197216e+00   3.0329153600184520e+00   2.1652560197982087e+01   9.9996514010342985e-01
 -4.3499999999999996e+00   5.5442644078977465e-01   1.8036657822009905e+00   3.0341218470937910e+00   2.1660775741112634e+01   9.9996025487473439e-01
 -4.2999999999999998e+00   5.5423715548122821e-01   1.8042817774130078e+00   3.0354107806001069e+00   2.1669552701123227e+01   9.9995468200190141e-01
 -4.2500000000000000e+00   5.5403492127747422e-01   1.8049403775744590e+00   3.0367878892798212e+00   2.1678930087740039e+01   9.9994832403487555e-01
 -4.2000000000000002e+00   5.5381883649890284e-01   1.8056446153434167e+00   3.0382593130973610e+00   2.1688949710895066e+01   9.9994106957086182e-01
 -4.1500000000000004e+00   5.5358793447477650e-01   1.8063977513324285e+00   3.0398316345725886e+00   2.1699656394090315e+01   9.9993279122569645e-01
 -4.0999999999999996e+00   5.5334117855497778e-01   1.8072032929330308e+00   3.0415119127481791e+00   2.1711098205697787e+01   9.9992334330357646e-01
 -4.0500000000000007e+00   5.5307745669806674e-01   1.8080650149259563e+00   3.0433077200421041e+00   2.1723326709905546e+01   9.9991255911885690e-01
 -4.0000000000000000e+00   5.5279557559393377e-01   1.8089869820784683e+00   3.0452271822692811e+00   2.1736397239244116e+01   9.9990024791619625e-01
 -3.9499999999999993e+00   5.5249425427541532e-01   1.8099735739541385e+00   3.0472790221431114e+00   2.1750369190809106e+01   9.9988619132667844e-01
 -3.9000000000000004e+00   5.5217211716731551e-01   1.8110295121928199e+00   3.0494726066079920e+00   2.1765306348570753e+01   9.9987013928737367e-01
 -3.8499999999999996e+00   5.5182768651571035e-01   1.8121598905522300e+00   3.0518179983917784e+00   2.1781277234419079e+01   9.9985180533991347e-01
 -3.8000000000000007e+00   5.5145937413352142e-01   1.8133702080434237e+00   3.0543260122140872e+00   2.1798355490912954e+01   9.9983086120968157e-01
 -3.7500000000000000e+00   5.5106547239072057e-01   1.8146664055391453e+00   3.0570082761382724e+00   2.1816620299054772e+01   9.9980693055079572e-01
 -3.6999999999999993e+00   5.5064414436884224e-01   1.8160549062883746e+00   3.0598772986140217e+00   2.1836156834815341e+01   9.9977958172271664e-01
 -3.6500000000000004e+00   5.5019341308974956e-01   1.8175426608331211e+00   3.0629465418238020e+00   2.1857056768584627e+01   9.9974831944149023e-01
 -3.5999999999999996e+00   5.4971114971723511e-01   1.8191371968976582e+00   3.0662305020237581e+00   2.1879418812251075e+01   9.9971257512168055e-01
 -3.5500000000000007e+00   5.4919506061754708e-01   1.8208466749055272e+00   3.0697447976547330e+00   2.1903349319191360e+01   9.9967169569312886e-01
 -3.5000000000000000e+00   5.4864267315022486e-01   1.8226799498809458e+00   3.0735062660992116e+00   2.1928962943134337e+01   9.9962493063883828e-01
 -3.4499999999999993e+00   5.4805132004435375e-01   1.8246466406085293e+00   3.0775330700708174e+00   2.1956383362617643e+01   9.9957141695534080e-01
 -3.4000000000000004e+00   5.4741812219630970e-01   1.8267572070648217e+00   3.0818448147526349e+00   2.1985744078638096e+01   9.9951016168341955e-01
 -3.3499999999999996e+00   5.4673996970374061e-01   1.8290230372984533e+00   3.0864626769458314e+00   2.2017189294085977e+01   9.9944002159328771e-01
 -3.3000000000000007e+00   5.4601350092598377e-01   1.8314565451295635e+00   3.0914095476572143e+00   2.2050874884691396e+01   9.9935967953217797e-01
 -3.2500000000000000e+00   5.4523507933315996e-01   1.8340712802687460e+00   3.0967101897447353e+00   2.2086969472507331e+01   9.9926761685113630e-01
 -3.1999999999999993e+00   5.4440076787406111e-01   1.8368820527294607e+00   3.1023914124587120e+00   2.2125655614443659e+01   9.9916208121852212e-01
 -3.1500000000000004e+00   5.4350630055676297e-01   1.8399050737325566e+00   3.1084822649629227e+00   2.2167131120044143e+01   9.9904104899643398e-01
 -3.0999999999999996e+00   5.4254705089396382e-01   1.8431581156920553e+00   3.1150142512052730e+00   2.2211610514642782e+01   9.9890218119823970e-01
 -3.0500000000000007e+00   5.4151799681793833e-01   1.8466606943373780e+00   3.1220215688285271e+00   2.2259326666220371e+01   9.9874277185483074e-01
 -3.0000000000000000e+00   5.4041368161586190e-01   1.8504342765896558e+00   3.1295413751802252e+00   2.2310532596792292e+01   9.9855968738698986e-01
 -2.9499999999999993e+00   5.3922817037527004e-01   1.8545025184868602e+00   3.1376140838962239e+00   2.2365503501986602e+01   9.9834929530265937e-01
 -2.9000000000000004e+00   5.3795500136014995e-01   1.8588915382729574e+00   3.1462836960039664e+00   2.2424539005683354e+01   9.9810738020011180e-01
 -2.8499999999999996e+00   5.3658713166039118e-01   1.8636302307616748e+00   3.1555981700211682e+00   2.2487965680192207e+01   9.9782904464796396e-01
 -2.8000000000000007e+00   5.3511687637050642e-01   1.8687506302971015e+00   3.1656098361167762e+00   2.2556139866470978e+01   9.9750859201443798e-01
 -2.7500000000000000e+00   5.3353584045698366e-01   1.8742883311147023e+00   3.1763758600585068e+00   2.2629450833364611e+01   9.9713938771143373e-01
 -2.6999999999999993e+00   5.3183484236834100e-01   1.8802829757201478e+00   3.1879587633882362e+00   2.2708324319726323e+01   9.9671369457981007e-01
 -2.6500000000000004e+00   5.3000382832860216e-01   1.8867788241333239e+00   3.2004270070384071e+00   2.2793226508538709e+01   9.9622247724141366e-01
 -2.5999999999999996e+00   5.2803177613604169e-01   1.8938254195943707e+00   3.2138556464120329e+00   2.2884668487664399e+01   9.9565516914556962e-01
 -2.5499999999999989e+00   5.2590658716933114e-01   1.9014783697280835e+00   3.2283270667641029e+00   2.2983211257407110e+01   9.9499939470084264e-01
 -2.5000000000000000e+00   5.2361496519027517e-01   1.9098002663782010e+00   3.2439318084912787e+00   2.3089471350300869e+01   9.9424063725735556e-01
 -2.4499999999999993e+00   5.2114228043857613e-01   1.9188617725632107e+00   3.2607694925751449e+00   2.3204127132892353e+01   9.9336184173390008e-01
 -2.4000000000000004e+00   5.1847241745911721e-01   1.9287429115336736e+00   3.2789498567984658e+00   2.3327925861829218e+01   9.9234293830416120e-01
 -2.3499999999999996e+00   5.1558760511607804e-01   1.9395346010594312e+00   3.2985939132597499e+00   2.3461691565926134e+01   9.9116027070117330e-01
 -2.2999999999999989e+00   5.1246822737638098e-01   1.9513404862572143e+00   3.3198352368385744e+00   2.3606333819936751e+01   9.8978590930578747e-01
 -2.2500000000000000e+00   5.0909261375598114e-01   1.9642791369967139e+00   3.3428213921462557e+00   2.3762857461338061e+01   9.8818682520755452e-01
 -2.1999999999999993e+00   5.0543680891775777e-01   1.9784866918204906e+00   3.3677155024431622e+00   2.3932373273833054e+01   9.8632389685987676e-01
 -2.1500000000000004e+00   5.0147432193960917e-01   1.9941200501197878e+00   3.3946979569912630e+00   2.4116109613524571e+01   9.8415071587313852e-01
 -2.0999999999999996e+00   4.9717585745523590e-01   2.0113607388710277e+00   3.4239682418441402e+00   2.4315424875633450e+01   9.8161215313067596e-01
 -2.0499999999999989e+00   4.9250903352813641e-01   2.0304196104514118e+00   3.4557468609768613e+00   2.4531820576383659e+01   9.7864264127508527e-01
 -2.0000000000000000e+00   4.8743809521202336e-01   2.0515425647333227e+00   3.4902772867890546e+00   2.4766954634903492e+01   9.7516412566148014e-01
 -1.9499999999999993e+00   4.8192363893534290e-01   2.0750175322571480e+00   3.5278278369015346e+00   2.5022654153224575e+01   9.7108363484478954e-01
 -1.9000000000000004e+00   4.7592237204571591e-01   2.1011830053325218e+00   3.5686933115323280e+00   2.5300926565952388e+01   9.6629042654541164e-01
 -1.8499999999999996e+00   4.6938694532818909e-01   2.1304384579780193e+00   3.6131961339593945e+00   2.5603967406218207e+01   9.6065268079070087e-01
 -1.7999999999999989e+00   4.6226591575174986e-01   2.1632570473507049e+00   3.6616866041972869e+00   2.5934162033083904e+01   9.5401374658923621e-01
 -1.7500000000000000e+00   4.5450392422234848e-01   2.2002010251308386e+00   3.7145416885924591e+00   2.6294077389321895e+01   9.4618801464682645e-01
 -1.6999999999999993e+00   4.4604221116033599e-01   2.2419402804918307e+00   3.7721615090117804e+00   2.6686438094633402e+01   9.3695660529487712e-01
 -1.6500000000000004e+00   4.3681964354643515e-01   2.2892743373014022e+00   3.8349623491990541e+00   2.7114078822610605e+01   9.2606325531145683e-01
 -1.5999999999999996e+00   4.2677449160223446e-01   2.3431578495840082e+00   3.9033645565142692e+00   2.7579861917936988e+01   9.1321109607026496e-01
 -1.5499999999999989e+00   4.1584726846137976e-01   2.4047290335703413e+00   3.9777732052646622e+00   2.8086545723830813e+01   8.9806148062108204e-01
 -1.5000000000000000e+00   4.0398502015025672e-01   2.4753393074526961e+00   4.0585488841901007e+00   2.8636585660167956e+01   8.8023667344514855e-01
 -1.4499999999999993e+00   3.9114749674645943e-01   2.5565803394318967e+00   4.1459656741160522e+00   2.9231848073375918e+01   8.5932905614282440e-01
 -1.4000000000000004e+00   3.7731559005976101e-01   2.6503013030593707e+00   4.2401536917790885e+00   2.9873218990071269e+01   8.3492040352443697e-01
 -1.3499999999999996e+00   3.6250218779513660e-01   2.7586040406606789e+00   4.3410251786791445e+00   3.0560100820974291e+01   8.0661538842095348e-01
 -1.2999999999999989e+00   3.4676502580521301e-01   2.8837971697922216e+00   4.4481869839925361e+00   3.1289816415525465e+01   7.7409302574750516e-01
 -1.2500000000000000e+00   3.3022007613645254e-01   3.0282834759773447e+00   4.5608493990111274e+00   3.2056988272311912e+01   7.3717703991694850e-01
 -1.1999999999999993e+00   3.1305248113008194e-01   3.1943525775298758e+00   4.6777517016594574e+00   3.2853031536345725e+01   6.9591974330860806e-01
 -1.1500000000000004e+00   2.9552041095386383e-01   3.3838610225678063e+00   4.7971358887300077e+00   3.3665975129386418e+01   6.5068356140954642e-01
 -1.0999999999999996e+00   2.7794650158984874e-01   3.5978146667794664e+00   4.9168049786883889e+00   3.4480858761413707e+01   6.0219262450211042e-01
 -1.0499999999999989e+00   2.6069323448037396e-01   3.8359261681387595e+00   5.0342906633492772e+00   3.5280874550461434e+01   5.5152157004436086e-01
 -1.0000000000000000e+00   2.4412368218444133e-01   4.0962842730041888e+00   5.1471206093334203e+00   3.6049187205107494e+01   5.0000000000014988e-01
 -9.4999999999999929e-01   2.2855607341544129e-01   4.3752939270282365e+00   5.2531278462905551e+00   3.6771040795728517e+01   4.4904206974064809e-01
 -9.0000000000000036e-01   2.1422541161094999e-01   4.6679802945883830e+00   5.3507121242746187e+00   3.7435538460915666e+01   3.9994766943034610e-01
 -8.4999999999999964e-01   2.0126371999737078e-01   4.9686053701733410e+00   5.4389744344748934e+00   3.8036558422980491e+01   3.5373876982187097e-01
 -7.9999999999999893e-01   1.8970260746080958e-01   5.2714088297736694e+00   5.5176995369833666e+00   3.8572635011230112e+01   3.1107691417139854e-01
 -7.5000000000000000e-01   1.7949295749128416e-01   5.5712492232379542e+00   5.5872218894286609e+00   3.9046045706401316e+01   2.7226839695090144e-01
 -6.9999999999999929e-01   1.7053204776120162e-01   5.8640004217876616e+00   5.6482409768944208e+00   3.9461553634425030e+01   2.3733033453623059e-01
 -6.5000000000000036e-01   1.6268943854224746e-01   6.1466805034201304e+00   5.7016450254013051e+00   3.9825207147854321e+01   2.0608028788532282e-01
 -5.9999999999999964e-01   1.5582687027047687e-01   6.4173784551037159e+00   5.7483755099423055e+00   4.0143417196768446e+01   1.7822063374581198e-01
 -5.4999999999999893e-01   1.4981112883401149e-01   6.6750715236114750e+00   5.7893395486325705e+00   4.0422360778958634e+01   1.5340364832621528e-01
 -5.0000000000000000e-01   1.4452098196084498e-01   6.9194104996527743e+00   5.8253626695526259e+00   4.0667659306945282e+01   1.3127492302992708e-01
 -4.4999999999999929e-01   1.3984996662706231e-01   7.1505201189407392e+00   5.8571698299628192e+00   4.0884249358800332e+01   1.1149870600234667e-01
 -4.0000000000000036e-01   1.3570665515857550e-01   7.3688353664857722e+00   5.8853836042903005e+00   4.1076370339290555e+01   9.3770413886685069e-02
 -3.4999999999999964e-01   1.3201359107441654e-01   7.5749776357215852e+00   5.9105314304771266e+00   4.1247613823701094e+01   7.7821016326661302e-02
 -2.9999999999999893e-01   1.2870565510810797e-01   7.7696663690498848e+00   5.9330567365162779e+00   4.1400999323700248e+01   6.3416764723668140e-02
 -2.5000000000000000e-01   1.2572829745533715e-01   7.9536589633310921e+00   5.9533309779162744e+00   4.1539056256149330e+01   5.0356550721644133e-02
 -1.9999999999999929e-01   1.2303585989000522e-01   8.1277117166816719e+00   5.9716650632093726e+00   4.1663901744810886e+01   3.8468278680795893e-02
 -1.5000000000000036e-01   1.2059008493693917e-01   8.2925557314511842e+00   5.9883195057021581e+00   4.1777309748436814e+01   2.7605029775090710e-02
 -9.9999999999999645e-02   1.1835883987892760e-01   8.4488830831978969e+00   6.0035131123172647e+00   4.1880770227215564e+01   1.7641417632842289e-02
 -4.9999999999998934e-02   1.1631504858510365e-01   8.5973398297498456e+00   6.0174302572808989e+00   4.1975538672762873e+01   8.4703139701365528e-03
  0.0000000000000000e+00   1.1443580900050836e-01   8.7385234458870968e+00   6.0302268915552721e+00   4.2062677029199385e+01   0.0000000000000000e+00
