# First column is time, second column is the perturbation of detonation velocity.
  0.0000000000000000e+00   1.0000000000000000e-10
  5.0000000000000001e-03   1.0014781632674493e-10
  1.0000000000000000e-02   1.0025845362372992e-10
  1.4999999999999999e-02   1.0036051405080303e-10
  2.0000000000000000e-02   1.0047045971048839e-10
  2.5000000000000001e-02   1.0059528878370475e-10
  2.9999999999999999e-02   1.0073502920801288e-10
  3.5000000000000003e-02   1.0088524065795932e-10
  4.0000000000000001e-02   1.0103945999248296e-10
  4.4999999999999998e-02   1.0119137491048117e-10
  5.0000000000000003e-02   1.0133647110355042e-10
  5.5000000000000000e-02   1.0147295700834926e-10
  5.9999999999999998e-02   1.0160189686793455e-10
  6.5000000000000002e-02   1.0172663550372627e-10
  7.0000000000000007e-02   1.0185173371866920e-10
  7.4999999999999997e-02   1.0198171668277860e-10
  8.0000000000000002e-02   1.0211994989204634e-10
  8.5000000000000006e-02   1.0226789832577732e-10
  8.9999999999999997e-02   1.0242491184378324e-10
  9.5000000000000001e-02   1.0258854327030021e-10
  1.0000000000000001e-01   1.0275527857343645e-10
  1.0500000000000000e-01   1.0292147017782039e-10
  1.1000000000000000e-01   1.0308423267238550e-10
  1.1500000000000000e-01   1.0324208820399176e-10
  1.2000000000000000e-01   1.0339522543747798e-10
  1.2500000000000000e-01   1.0354533914420140e-10
  1.3000000000000000e-01   1.0369512059188146e-10
  1.3500000000000001e-01   1.0384754731286205e-10
  1.4000000000000001e-01   1.0400515765585770e-10
  1.4499999999999999e-01   1.0416948512768428e-10
  1.4999999999999999e-01   1.0434077598504894e-10
  1.5500000000000000e-01   1.0451803631138967e-10
  1.6000000000000000e-01   1.0469937235755958e-10
  1.6500000000000001e-01   1.0488252039074855e-10
  1.7000000000000001e-01   1.0506542473644275e-10
  1.7500000000000002e-01   1.0524672184559677e-10
  1.7999999999999999e-01   1.0542602150070971e-10
  1.8500000000000000e-01   1.0560393313228551e-10
  1.9000000000000000e-01   1.0578185024202170e-10
  1.9500000000000001e-01   1.0596156292001765e-10
  2.0000000000000001e-01   1.0614480434997412e-10
  2.0500000000000002e-01   1.0633284500838941e-10
  2.0999999999999999e-01   1.0652622823405576e-10
  2.1500000000000000e-01   1.0672469987901225e-10
  2.2000000000000000e-01   1.0692733425281038e-10
  2.2500000000000001e-01   1.0713281136235387e-10
  2.3000000000000001e-01   1.0733976759510596e-10
  2.3500000000000001e-01   1.0754713028212439e-10
  2.3999999999999999e-01   1.0775435721649475e-10
  2.4500000000000000e-01   1.0796153095168700e-10
  2.5000000000000000e-01   1.0816929630308875e-10
  2.5500000000000000e-01   1.0837866792863079e-10
  2.6000000000000001e-01   1.0859076396637645e-10
  2.6500000000000001e-01   1.0880653519092525e-10
  2.7000000000000002e-01   1.0902655496642437e-10
  2.7500000000000002e-01   1.0925091576133186e-10
  2.8000000000000003e-01   1.0947924898502619e-10
  2.8500000000000003e-01   1.0971085407858273e-10
  2.8999999999999998e-01   1.0994489766783236e-10
  2.9499999999999998e-01   1.1018062975614936e-10
  2.9999999999999999e-01   1.1041756385768809e-10
  3.0499999999999999e-01   1.1065558062693056e-10
  3.1000000000000000e-01   1.1089493593128307e-10
  3.1500000000000000e-01   1.1113617865259805e-10
  3.2000000000000001e-01   1.1138000473467347e-10
  3.2500000000000001e-01   1.1162708726380705e-10
  3.3000000000000002e-01   1.1187792510033869e-10
  3.3500000000000002e-01   1.1213274491368597e-10
  3.4000000000000002e-01   1.1239147603536253e-10
  3.4500000000000003e-01   1.1265379862188338e-10
  3.5000000000000003e-01   1.1291924801104196e-10
  3.5499999999999998e-01   1.1318734598151426e-10
  3.5999999999999999e-01   1.1345772539351808e-10
  3.6499999999999999e-01   1.1373021881085587e-10
  3.7000000000000000e-01   1.1400489256196891e-10
  3.7500000000000000e-01   1.1428202217797892e-10
  3.8000000000000000e-01   1.1456201950452401e-10
  3.8500000000000001e-01   1.1484533258934335e-10
  3.9000000000000001e-01   1.1513234437821097e-10
  3.9500000000000002e-01   1.1542329457062504e-10
  4.0000000000000002e-01   1.1571824159670169e-10
  4.0500000000000003e-01   1.1601707078093591e-10
  4.1000000000000003e-01   1.1631954323338616e-10
  4.1500000000000004e-01   1.1662537066411836e-10
  4.1999999999999998e-01   1.1693429622699736e-10
  4.2499999999999999e-01   1.1724616156200094e-10
  4.2999999999999999e-01   1.1756094501614292e-10
  4.3500000000000000e-01   1.1787876406956676e-10
  4.4000000000000000e-01   1.1819984410211356e-10
  4.4500000000000001e-01   1.1852446354321666e-10
  4.5000000000000001e-01   1.1885289034999993e-10
  4.5500000000000002e-01   1.1918532570745724e-10
  4.6000000000000002e-01   1.1952186791216708e-10
  4.6500000000000002e-01   1.1986250358357524e-10
  4.7000000000000003e-01   1.2020712625695404e-10
  4.7500000000000003e-01   1.2055557584520132e-10
  4.7999999999999998e-01   1.2090768794699404e-10
  4.8499999999999999e-01   1.2126334045164857e-10
  4.8999999999999999e-01   1.2162248648676148e-10
  4.9500000000000000e-01   1.2198516685465337e-10
  5.0000000000000000e-01   1.2235150053578508e-10
  5.0500000000000000e-01   1.2272165719902473e-10
  5.1000000000000001e-01   1.2309581967028148e-10
  5.1500000000000001e-01   1.2347414611332451e-10
  5.2000000000000002e-01   1.2385674100482962e-10
  5.2500000000000002e-01   1.2424364118806456e-10
  5.3000000000000003e-01   1.2463481919752381e-10
  5.3500000000000003e-01   1.2503020173896703e-10
  5.4000000000000004e-01   1.2542969773452522e-10
  5.4500000000000004e-01   1.2583322847061975e-10
  5.5000000000000004e-01   1.2624075244480737e-10
  5.5500000000000005e-01   1.2665227933633040e-10
  5.6000000000000005e-01   1.2706787055195211e-10
  5.6500000000000006e-01   1.2748762720754861e-10
  5.7000000000000006e-01   1.2791166935103100e-10
  5.7500000000000007e-01   1.2834011204274162e-10
  5.7999999999999996e-01   1.2877304423740808e-10
  5.8499999999999996e-01   1.2921051529061513e-10
  5.8999999999999997e-01   1.2965253172087690e-10
  5.9499999999999997e-01   1.3009906420207048e-10
  5.9999999999999998e-01   1.3055006231196135e-10
  6.0499999999999998e-01   1.3100547289205765e-10
  6.0999999999999999e-01   1.3146525732349569e-10
  6.1499999999999999e-01   1.3192940364026548e-10
  6.2000000000000000e-01   1.3239793094871693e-10
  6.2500000000000000e-01   1.3287088565955217e-10
  6.3000000000000000e-01   1.3334833104006642e-10
  6.3500000000000001e-01   1.3383033308320005e-10
  6.4000000000000001e-01   1.3431694634795111e-10
  6.4500000000000002e-01   1.3480820315798604e-10
  6.5000000000000002e-01   1.3530410848603487e-10
  6.5500000000000003e-01   1.3580464131458485e-10
  6.6000000000000003e-01   1.3630976165299202e-10
  6.6500000000000004e-01   1.3681942109889585e-10
  6.7000000000000004e-01   1.3733357414336127e-10
  6.7500000000000004e-01   1.3785218745379094e-10
  6.8000000000000005e-01   1.3837524506334304e-10
  6.8500000000000005e-01   1.3890274853391848e-10
  6.9000000000000006e-01   1.3943471243536828e-10
  6.9500000000000006e-01   1.3997115658032599e-10
  7.0000000000000007e-01   1.4051209712267782e-10
  7.0499999999999996e-01   1.4105753874031025e-10
  7.0999999999999996e-01   1.4160746969451030e-10
  7.1499999999999997e-01   1.4216186073282259e-10
  7.1999999999999997e-01   1.4272066780723517e-10
  7.2499999999999998e-01   1.4328383766656598e-10
  7.2999999999999998e-01   1.4385131476350109e-10
  7.3499999999999999e-01   1.4442304771885540e-10
  7.3999999999999999e-01   1.4499899382392708e-10
  7.4500000000000000e-01   1.4557912064622282e-10
  7.5000000000000000e-01   1.4616340456812302e-10
  7.5500000000000000e-01   1.4675182683548423e-10
  7.6000000000000001e-01   1.4734436824590944e-10
  7.6500000000000001e-01   1.4794100384673653e-10
  7.7000000000000002e-01   1.4854169890676340e-10
  7.7500000000000002e-01   1.4914640702497646e-10
  7.8000000000000003e-01   1.4975507066243249e-10
  7.8500000000000003e-01   1.5036762378163168e-10
  7.9000000000000004e-01   1.5098399579731372e-10
  7.9500000000000004e-01   1.5160411578956832e-10
  8.0000000000000004e-01   1.5222791594790852e-10
  8.0500000000000005e-01   1.5285533347876497e-10
  8.1000000000000005e-01   1.5348631063686430e-10
  8.1500000000000006e-01   1.5412079301814229e-10
  8.2000000000000006e-01   1.5475872666010232e-10
  8.2500000000000007e-01   1.5540005474221313e-10
  8.3000000000000007e-01   1.5604471471711938e-10
  8.3499999999999996e-01   1.5669263653971253e-10
  8.3999999999999997e-01   1.5734374234996476e-10
  8.4499999999999997e-01   1.5799794759255498e-10
  8.4999999999999998e-01   1.5865516321572194e-10
  8.5499999999999998e-01   1.5931529836261852e-10
  8.5999999999999999e-01   1.5997826289717681e-10
  8.6499999999999999e-01   1.6064396919823056e-10
  8.7000000000000000e-01   1.6131233287603663e-10
  8.7500000000000000e-01   1.6198327235180847e-10
  8.8000000000000000e-01   1.6265670751974651e-10
  8.8500000000000001e-01   1.6333255791604012e-10
  8.9000000000000001e-01   1.6401074090686755e-10
  8.9500000000000002e-01   1.6469117036542300e-10
  9.0000000000000002e-01   1.6537375615630856e-10
  9.0500000000000003e-01   1.6605840452888967e-10
  9.1000000000000003e-01   1.6674501929629190e-10
  9.1500000000000004e-01   1.6743350349813364e-10
  9.2000000000000004e-01   1.6812376115214602e-10
  9.2500000000000004e-01   1.6881569870832748e-10
  9.3000000000000005e-01   1.6950922591951607e-10
  9.3500000000000005e-01   1.7020425600328320e-10
  9.4000000000000006e-01   1.7090070514868415e-10
  9.4500000000000006e-01   1.7159849157351497e-10
  9.5000000000000007e-01   1.7229753442888273e-10
  9.5500000000000007e-01   1.7299775286088829e-10
  9.5999999999999996e-01   1.7369906547685546e-10
  9.6499999999999997e-01   1.7440139034649278e-10
  9.6999999999999997e-01   1.7510464552884552e-10
  9.7499999999999998e-01   1.7580874998904996e-10
  9.7999999999999998e-01   1.7651362468419290e-10
  9.8499999999999999e-01   1.7721919357214266e-10
  9.8999999999999999e-01   1.7792538433267568e-10
  9.9500000000000000e-01   1.7863212867348551e-10
  1.0000000000000000e+00   1.7933936220117162e-10
  1.0050000000000001e+00   1.8004702394146650e-10
  1.0100000000000000e+00   1.8075505566907414e-10
  1.0150000000000001e+00   1.8146340123944594e-10
  1.0200000000000000e+00   1.8217200609829349e-10
  1.0249999999999999e+00   1.8288081708727285e-10
  1.0300000000000000e+00   1.8358978258289590e-10
  1.0349999999999999e+00   1.8429885292166476e-10
  1.0400000000000000e+00   1.8500798099802072e-10
  1.0449999999999999e+00   1.8571712288753020e-10
  1.0500000000000000e+00   1.8642623835154083e-10
  1.0549999999999999e+00   1.8713529111753765e-10
  1.0600000000000001e+00   1.8784424888991569e-10
  1.0649999999999999e+00   1.8855308311265203e-10
  1.0700000000000001e+00   1.8926176856193004e-10
  1.0750000000000000e+00   1.8997028288034032e-10
  1.0800000000000001e+00   1.9067860616855435e-10
  1.0850000000000000e+00   1.9138672072651386e-10
  1.0900000000000001e+00   1.9209461099205290e-10
  1.0950000000000000e+00   1.9280226367256630e-10
  1.1000000000000001e+00   1.9350966801801791e-10
  1.1050000000000000e+00   1.9421681615219717e-10
  1.1100000000000001e+00   1.9492370337001408e-10
  1.1150000000000000e+00   1.9563032832225663e-10
  1.1200000000000001e+00   1.9633669304065056e-10
  1.1250000000000000e+00   1.9704280279637809e-10
  1.1300000000000001e+00   1.9774866582410703e-10
  1.1350000000000000e+00   1.9845429297184304e-10
  1.1400000000000001e+00   1.9915969734858959e-10
  1.1450000000000000e+00   1.9986489403534444e-10
  1.1500000000000001e+00   2.0056989990331443e-10
  1.1550000000000000e+00   2.0127473355272997e-10
  1.1599999999999999e+00   2.0197941535429207e-10
  1.1650000000000000e+00   2.0268396755066048e-10
  1.1699999999999999e+00   2.0338841436291276e-10
  1.1750000000000000e+00   2.0409278204864055e-10
  1.1799999999999999e+00   2.0479709887282795e-10
  1.1850000000000001e+00   2.0550139497545548e-10
  1.1899999999999999e+00   2.0620570214479788e-10
  1.1950000000000001e+00   2.0691005352649313e-10
  1.2000000000000000e+00   2.0761448331088123e-10
  1.2050000000000001e+00   2.0831902644254543e-10
  1.2100000000000000e+00   2.0902371838691787e-10
  1.2150000000000001e+00   2.0972859497221498e-10
  1.2200000000000000e+00   2.1043369230538668e-10
  1.2250000000000001e+00   2.1113904674312646e-10
  1.2300000000000000e+00   2.1184469488736242e-10
  1.2350000000000001e+00   2.1255067357137462e-10
  1.2400000000000000e+00   2.1325701980789793e-10
  1.2450000000000001e+00   2.1396377068238365e-10
  1.2500000000000000e+00   2.1467096318966216e-10
  1.2550000000000001e+00   2.1537863402671401e-10
  1.2600000000000000e+00   2.1608681936467731e-10
  1.2650000000000001e+00   2.1679555462740724e-10
  1.2700000000000000e+00   2.1750487430129923e-10
  1.2750000000000001e+00   2.1821481179283396e-10
  1.2800000000000000e+00   2.1892539933877924e-10
  1.2849999999999999e+00   2.1963666796219854e-10
  1.2900000000000000e+00   2.2034864745819356e-10
  1.2949999999999999e+00   2.2106136638866002e-10
  1.3000000000000000e+00   2.2177485206601220e-10
  1.3049999999999999e+00   2.2248913051126229e-10
  1.3100000000000001e+00   2.2320422638035242e-10
  1.3149999999999999e+00   2.2392016286194613e-10
  1.3200000000000001e+00   2.2463696155769743e-10
  1.3250000000000000e+00   2.2535464236055953e-10
  1.3300000000000001e+00   2.2607322334712514e-10
  1.3350000000000000e+00   2.2679272069651132e-10
  1.3400000000000001e+00   2.2751314864203847e-10
  1.3450000000000000e+00   2.2823451945461363e-10
  1.3500000000000001e+00   2.2895684345015618e-10
  1.3550000000000000e+00   2.2968012900911002e-10
  1.3600000000000001e+00   2.3040438259493524e-10
  1.3650000000000000e+00   2.3112960876049661e-10
  1.3700000000000001e+00   2.3185581013575085e-10
  1.3750000000000000e+00   2.3258298739581390e-10
  1.3800000000000001e+00   2.3331113921392531e-10
  1.3850000000000000e+00   2.3404026220772853e-10
  1.3900000000000001e+00   2.3477035088885035e-10
  1.3950000000000000e+00   2.3550139762478762e-10
  1.4000000000000001e+00   2.3623339261903066e-10
  1.4050000000000000e+00   2.3696632391107233e-10
  1.4099999999999999e+00   2.3770017739358878e-10
  1.4150000000000000e+00   2.3843493684068979e-10
  1.4199999999999999e+00   2.3917058393946862e-10
  1.4250000000000000e+00   2.3990709831740101e-10
  1.4299999999999999e+00   2.4064445756023324e-10
  1.4350000000000001e+00   2.4138263721822011e-10
  1.4399999999999999e+00   2.4212161080207767e-10
  1.4450000000000001e+00   2.4286134977293555e-10
  1.4500000000000000e+00   2.4360182353225690e-10
  1.4550000000000001e+00   2.4434299941783419e-10
  1.4600000000000000e+00   2.4508484271063985e-10
  1.4650000000000001e+00   2.4582731665494961e-10
  1.4700000000000000e+00   2.4657038249139676e-10
  1.4750000000000001e+00   2.4731399950015443e-10
  1.4800000000000000e+00   2.4805812504983416e-10
  1.4850000000000001e+00   2.4880271464726253e-10
  1.4900000000000000e+00   2.4954772198405015e-10
  1.4950000000000001e+00   2.5029309897753360e-10
  1.5000000000000000e+00   2.5103879580577432e-10
  1.5050000000000001e+00   2.5178476093830084e-10
  1.5100000000000000e+00   2.5253094116569880e-10
  1.5150000000000001e+00   2.5327728163169840e-10
  1.5200000000000000e+00   2.5402372587100218e-10
  1.5250000000000001e+00   2.5477021585490969e-10
  1.5300000000000000e+00   2.5551669204517020e-10
  1.5350000000000001e+00   2.5626309345484444e-10
  1.5400000000000000e+00   2.5700935771368676e-10
  1.5449999999999999e+00   2.5775542113493566e-10
  1.5500000000000000e+00   2.5850121878052541e-10
  1.5549999999999999e+00   2.5924668452252181e-10
  1.5600000000000001e+00   2.5999175109979653e-10
  1.5649999999999999e+00   2.6073635017026737e-10
  1.5700000000000001e+00   2.6148041236012768e-10
  1.5750000000000000e+00   2.6222386731211984e-10
  1.5800000000000001e+00   2.6296664373496386e-10
  1.5850000000000000e+00   2.6370866945556201e-10
  1.5900000000000001e+00   2.6444987147473476e-10
  1.5950000000000000e+00   2.6519017602622834e-10
  1.6000000000000001e+00   2.6592950863784210e-10
  1.6050000000000000e+00   2.6666779419295485e-10
  1.6100000000000001e+00   2.6740495699059911e-10
  1.6150000000000000e+00   2.6814092080254943e-10
  1.6200000000000001e+00   2.6887560892654398e-10
  1.6250000000000000e+00   2.6960894423556855e-10
  1.6300000000000001e+00   2.7034084922390351e-10
  1.6350000000000000e+00   2.7107124605118044e-10
  1.6400000000000001e+00   2.7180005658591169e-10
  1.6450000000000000e+00   2.7252720244981261e-10
  1.6500000000000001e+00   2.7325260506380420e-10
  1.6550000000000000e+00   2.7397618569598091e-10
  1.6600000000000001e+00   2.7469786551122393e-10
  1.6650000000000000e+00   2.7541756562167025e-10
  1.6699999999999999e+00   2.7613520713702068e-10
  1.6750000000000000e+00   2.7685071121372252e-10
  1.6799999999999999e+00   2.7756399910235529e-10
  1.6850000000000001e+00   2.7827499219299721e-10
  1.6899999999999999e+00   2.7898361205883068e-10
  1.6950000000000001e+00   2.7968978049864080e-10
  1.7000000000000000e+00   2.8039341957908060e-10
  1.7050000000000001e+00   2.8109445167757649e-10
  1.7100000000000000e+00   2.8179279952654563e-10
  1.7150000000000001e+00   2.8248838625925211e-10
  1.7200000000000000e+00   2.8318113545723053e-10
  1.7250000000000001e+00   2.8387097119885582e-10
  1.7300000000000000e+00   2.8455781810840752e-10
  1.7350000000000001e+00   2.8524160140491698e-10
  1.7400000000000000e+00   2.8592224695018599e-10
  1.7450000000000001e+00   2.8659968129560104e-10
  1.7500000000000000e+00   2.8727383172765298e-10
  1.7550000000000001e+00   2.8794462631235070e-10
  1.7600000000000000e+00   2.8861199393890796e-10
  1.7650000000000001e+00   2.8927586436315343e-10
  1.7700000000000000e+00   2.8993616825105298e-10
  1.7750000000000001e+00   2.9059283722256585e-10
  1.7800000000000000e+00   2.9124580389582936e-10
  1.7850000000000001e+00   2.9189500193144125e-10
  1.7900000000000000e+00   2.9254036607643709e-10
  1.7949999999999999e+00   2.9318183220748449e-10
  1.8000000000000000e+00   2.9381933737284127e-10
  1.8049999999999999e+00   2.9445281983274522e-10
  1.8100000000000001e+00   2.9508221909808387e-10
  1.8149999999999999e+00   2.9570747596738010e-10
  1.8200000000000001e+00   2.9632853256229216e-10
  1.8250000000000000e+00   2.9694533236191717e-10
  1.8300000000000001e+00   2.9755782023620118e-10
  1.8350000000000000e+00   2.9816594247869222e-10
  1.8400000000000001e+00   2.9876964683875975e-10
  1.8450000000000000e+00   2.9936888255326180e-10
  1.8500000000000001e+00   2.9996360037752826e-10
  1.8550000000000000e+00   3.0055375261544787e-10
  1.8600000000000001e+00   3.0113929314843904e-10
  1.8650000000000000e+00   3.0172017746312877e-10
  1.8700000000000001e+00   3.0229636267765969e-10
  1.8750000000000000e+00   3.0286780756665728e-10
  1.8800000000000001e+00   3.0343447258499547e-10
  1.8850000000000000e+00   3.0399631989057272e-10
  1.8900000000000001e+00   3.0455331336633430e-10
  1.8950000000000000e+00   3.0510541864175125e-10
  1.9000000000000001e+00   3.0565260311390097e-10
  1.9050000000000000e+00   3.0619483596820248e-10
  1.9100000000000001e+00   3.0673208819877119e-10
  1.9150000000000000e+00   3.0726433262828429e-10
  1.9199999999999999e+00   3.0779154392721440e-10
  1.9250000000000000e+00   3.0831369863228760e-10
  1.9299999999999999e+00   3.0883077516406103e-10
  1.9350000000000001e+00   3.0934275384357018e-10
  1.9399999999999999e+00   3.0984961690805691e-10
  1.9450000000000001e+00   3.1035134852584135e-10
  1.9500000000000000e+00   3.1084793481042165e-10
  1.9550000000000001e+00   3.1133936383388295e-10
  1.9600000000000000e+00   3.1182562563966259e-10
  1.9650000000000001e+00   3.1230671225466776e-10
  1.9700000000000000e+00   3.1278261770068302e-10
  1.9750000000000001e+00   3.1325333800495572e-10
  1.9800000000000000e+00   3.1371887120981581e-10
  1.9850000000000001e+00   3.1417921738117853e-10
  1.9900000000000000e+00   3.1463437861579529e-10
  1.9950000000000001e+00   3.1508435904715385e-10
  2.0000000000000000e+00   3.1552916484997017e-10
  2.0049999999999999e+00   3.1596880424326002e-10
  2.0100000000000002e+00   3.1640328749200434e-10
  2.0150000000000001e+00   3.1683262690744017e-10
  2.0200000000000000e+00   3.1725683684600327e-10
  2.0249999999999999e+00   3.1767593370692957e-10
  2.0300000000000002e+00   3.1808993592849763e-10
  2.0350000000000001e+00   3.1849886398286801e-10
  2.0400000000000000e+00   3.1890274036945816e-10
  2.0449999999999999e+00   3.1930158960678612e-10
  2.0499999999999998e+00   3.1969543822272718e-10
  2.0550000000000002e+00   3.2008431474315058e-10
  2.0600000000000001e+00   3.2046824967893159e-10
  2.0649999999999999e+00   3.2084727551136936e-10
  2.0699999999999998e+00   3.2122142667606292e-10
  2.0750000000000002e+00   3.2159073954531770e-10
  2.0800000000000001e+00   3.2195525240915669e-10
  2.0850000000000000e+00   3.2231500545500658e-10
  2.0899999999999999e+00   3.2267004074611066e-10
  2.0950000000000002e+00   3.2302040219870683e-10
  2.1000000000000001e+00   3.2336613555799003e-10
  2.1050000000000000e+00   3.2370728837287115e-10
  2.1099999999999999e+00   3.2404390996954015e-10
  2.1150000000000002e+00   3.2437605142384998e-10
  2.1200000000000001e+00   3.2470376553254823e-10
  2.1250000000000000e+00   3.2502710678339948e-10
  2.1299999999999999e+00   3.2534613132425303e-10
  2.1350000000000002e+00   3.2566089693111869e-10
  2.1400000000000001e+00   3.2597146297531598e-10
  2.1450000000000000e+00   3.2627789038975514e-10
  2.1499999999999999e+00   3.2658024163439568e-10
  2.1550000000000002e+00   3.2687858066091570e-10
  2.1600000000000001e+00   3.2717297287660853e-10
  2.1650000000000000e+00   3.2746348510751356e-10
  2.1699999999999999e+00   3.2775018556077906e-10
  2.1750000000000003e+00   3.2803314378625752e-10
  2.1800000000000002e+00   3.2831243063733511e-10
  2.1850000000000001e+00   3.2858811823100638e-10
  2.1899999999999999e+00   3.2886027990721246e-10
  2.1949999999999998e+00   3.2912899018746956e-10
  2.2000000000000002e+00   3.2939432473281629e-10
  2.2050000000000001e+00   3.2965636030111173e-10
  2.2100000000000000e+00   3.2991517470370866e-10
  2.2149999999999999e+00   3.3017084676152444e-10
  2.2200000000000002e+00   3.3042345626052504e-10
  2.2250000000000001e+00   3.3067308390663023e-10
  2.2300000000000000e+00   3.3091981128005188e-10
  2.2349999999999999e+00   3.3116372078907261e-10
  2.2400000000000002e+00   3.3140489562328308e-10
  2.2450000000000001e+00   3.3164341970629995e-10
  2.2500000000000000e+00   3.3187937764799746e-10
  2.2549999999999999e+00   3.3211285469629444e-10
  2.2600000000000002e+00   3.3234393668854427e-10
  2.2650000000000001e+00   3.3257271000258106e-10
  2.2700000000000000e+00   3.3279926150747617e-10
  2.2749999999999999e+00   3.3302367851405875e-10
  2.2800000000000002e+00   3.3324604872525248e-10
  2.2850000000000001e+00   3.3346646018627858e-10
  2.2900000000000000e+00   3.3368500123477290e-10
  2.2949999999999999e+00   3.3390176045086610e-10
  2.3000000000000003e+00   3.3411682660727728e-10
  2.3050000000000002e+00   3.3433028861947415e-10
  2.3100000000000001e+00   3.3454223549595769e-10
  2.3149999999999999e+00   3.3475275628873067e-10
  2.3199999999999998e+00   3.3496194004401362e-10
  2.3250000000000002e+00   3.3516987575327151e-10
  2.3300000000000001e+00   3.3537665230461333e-10
  2.3350000000000000e+00   3.3558235843462202e-10
  2.3399999999999999e+00   3.3578708268066960e-10
  2.3450000000000002e+00   3.3599091333376557e-10
  2.3500000000000001e+00   3.3619393839198139e-10
  2.3550000000000000e+00   3.3639624551449013e-10
  2.3599999999999999e+00   3.3659792197625644e-10
  2.3650000000000002e+00   3.3679905462340927e-10
  2.3700000000000001e+00   3.3699972982932851e-10
  2.3750000000000000e+00   3.3720003345147605e-10
  2.3799999999999999e+00   3.3740005078899853e-10
  2.3850000000000002e+00   3.3759986654112953e-10
  2.3900000000000001e+00   3.3779956476641411e-10
  2.3950000000000000e+00   3.3799922884277634e-10
  2.3999999999999999e+00   3.3819894142844524e-10
  2.4050000000000002e+00   3.3839878442375130e-10
  2.4100000000000001e+00   3.3859883893380074e-10
  2.4150000000000000e+00   3.3879918523203207e-10
  2.4199999999999999e+00   3.3899990272465698e-10
  2.4250000000000003e+00   3.3920106991598542e-10
  2.4300000000000002e+00   3.3940276437463620e-10
  2.4350000000000001e+00   3.3960506270063266e-10
  2.4399999999999999e+00   3.3980804049338542e-10
  2.4449999999999998e+00   3.4001177232056378e-10
  2.4500000000000002e+00   3.4021633168785850e-10
  2.4550000000000001e+00   3.4042179100963790e-10
  2.4600000000000000e+00   3.4062822158050028e-10
  2.4649999999999999e+00   3.4083569354772276e-10
  2.4700000000000002e+00   3.4104427588460981e-10
  2.4750000000000001e+00   3.4125403636473983e-10
  2.4800000000000000e+00   3.4146504153711317e-10
  2.4849999999999999e+00   3.4167735670220091e-10
  2.4900000000000002e+00   3.4189104588889862e-10
  2.4950000000000001e+00   3.4210617183238809e-10
  2.5000000000000000e+00   3.4232279595291300e-10
  2.5049999999999999e+00   3.4254097833547377e-10
  2.5100000000000002e+00   3.4276077771045058e-10
  2.5150000000000001e+00   3.4298225143515990e-10
  2.5200000000000000e+00   3.4320545547635410e-10
  2.5249999999999999e+00   3.4343044439366890e-10
  2.5300000000000002e+00   3.4365727132402501e-10
  2.5350000000000001e+00   3.4388598796698813e-10
  2.5400000000000000e+00   3.4411664457109046e-10
  2.5449999999999999e+00   3.4434928992111478e-10
  2.5500000000000003e+00   3.4458397132634308e-10
  2.5550000000000002e+00   3.4482073460976837e-10
  2.5600000000000001e+00   3.4505962409826925e-10
  2.5649999999999999e+00   3.4530068261374445e-10
  2.5699999999999998e+00   3.4554395146520378e-10
  2.5750000000000002e+00   3.4578947044181083e-10
  2.5800000000000001e+00   3.4603727780687010e-10
  2.5850000000000000e+00   3.4628741029274986e-10
  2.5899999999999999e+00   3.4653990309672929e-10
  2.5950000000000002e+00   3.4679478987775737e-10
  2.6000000000000001e+00   3.4705210275410762e-10
  2.6050000000000000e+00   3.4731187230191230e-10
  2.6099999999999999e+00   3.4757412755455727e-10
  2.6150000000000002e+00   3.4783889600291756e-10
  2.6200000000000001e+00   3.4810620359641378e-10
  2.6250000000000000e+00   3.4837607474486775e-10
  2.6299999999999999e+00   3.4864853232113564e-10
  2.6350000000000002e+00   3.4892359766449595e-10
  2.6400000000000001e+00   3.4920129058477006e-10
  2.6450000000000000e+00   3.4948162936715305e-10
  2.6499999999999999e+00   3.4976463077773035e-10
  2.6550000000000002e+00   3.5005031006965815e-10
  2.6600000000000001e+00   3.5033868098998280e-10
  2.6650000000000000e+00   3.5062975578707833e-10
  2.6699999999999999e+00   3.5092354521867831e-10
  2.6750000000000003e+00   3.5122005856048029e-10
  2.6800000000000002e+00   3.5151930361530281e-10
  2.6850000000000001e+00   3.5182128672277544e-10
  2.6899999999999999e+00   3.5212601276954272e-10
  2.6949999999999998e+00   3.5243348519996565e-10
  2.7000000000000002e+00   3.5274370602730386e-10
  2.7050000000000001e+00   3.5305667584536379e-10
  2.7100000000000000e+00   3.5337239384059931e-10
  2.7149999999999999e+00   3.5369085780464973e-10
  2.7200000000000002e+00   3.5401206414730453e-10
  2.7250000000000001e+00   3.5433600790988256e-10
  2.7300000000000000e+00   3.5466268277901350e-10
  2.7349999999999999e+00   3.5499208110081242e-10
  2.7400000000000002e+00   3.5532419389543656e-10
  2.7450000000000001e+00   3.5565901087201538e-10
  2.7500000000000000e+00   3.5599652044394444e-10
  2.7549999999999999e+00   3.5633670974453505e-10
  2.7600000000000002e+00   3.5667956464300956e-10
  2.7650000000000001e+00   3.5702506976083522e-10
  2.7700000000000000e+00   3.5737320848838663e-10
  2.7749999999999999e+00   3.5772396300192705e-10
  2.7800000000000002e+00   3.5807731428090062e-10
  2.7850000000000001e+00   3.5843324212552209e-10
  2.7900000000000000e+00   3.5879172517465613e-10
  2.7949999999999999e+00   3.5915274092397248e-10
  2.8000000000000003e+00   3.5951626574436611e-10
  2.8050000000000002e+00   3.5988227490062832e-10
  2.8100000000000001e+00   3.6025074257035633e-10
  2.8149999999999999e+00   3.6062164186308796e-10
  2.8199999999999998e+00   3.6099494483964532e-10
  2.8250000000000002e+00   3.6137062253167403e-10
  2.8300000000000001e+00   3.6174864496136206e-10
  2.8350000000000000e+00   3.6212898116132175e-10
  2.8399999999999999e+00   3.6251159919462037e-10
  2.8450000000000002e+00   3.6289646617494019e-10
  2.8500000000000001e+00   3.6328354828685385e-10
  2.8550000000000000e+00   3.6367281080619644e-10
  2.8599999999999999e+00   3.6406421812051791e-10
  2.8650000000000002e+00   3.6445773374959966e-10
  2.8700000000000001e+00   3.6485332036601800e-10
  2.8750000000000000e+00   3.6525093981573937e-10
  2.8799999999999999e+00   3.6565055313873150e-10
  2.8850000000000002e+00   3.6605212058957451e-10
  2.8900000000000001e+00   3.6645560165805907e-10
  2.8950000000000000e+00   3.6686095508975683e-10
  2.8999999999999999e+00   3.6726813890654954e-10
  2.9050000000000002e+00   3.6767711042710547e-10
  2.9100000000000001e+00   3.6808782628728990e-10
  2.9150000000000000e+00   3.6850024246050059e-10
  2.9199999999999999e+00   3.6891431427791502e-10
  2.9250000000000003e+00   3.6932999644864258e-10
  2.9300000000000002e+00   3.6974724307977142e-10
  2.9350000000000001e+00   3.7016600769630172e-10
  2.9399999999999999e+00   3.7058624326095873e-10
  2.9449999999999998e+00   3.7100790219387789e-10
  2.9500000000000002e+00   3.7143093639215609e-10
  2.9550000000000001e+00   3.7185529724926360e-10
  2.9600000000000000e+00   3.7228093567431061e-10
  2.9649999999999999e+00   3.7270780211116352e-10
  2.9700000000000002e+00   3.7313584655740600e-10
  2.9750000000000001e+00   3.7356501858314040e-10
  2.9800000000000000e+00   3.7399526734962525e-10
  2.9849999999999999e+00   3.7442654162774277e-10
  2.9900000000000002e+00   3.7485878981629453e-10
  2.9950000000000001e+00   3.7529195996011738e-10
  3.0000000000000000e+00   3.7572599976801892e-10
  3.0049999999999999e+00   3.7616085663052406e-10
  3.0100000000000002e+00   3.7659647763743078e-10
  3.0150000000000001e+00   3.7703280959516757e-10
  3.0200000000000000e+00   3.7746979904394980e-10
  3.0249999999999999e+00   3.7790739227472631e-10
  3.0300000000000002e+00   3.7834553534591453e-10
  3.0350000000000001e+00   3.7878417409991437e-10
  3.0400000000000000e+00   3.7922325417939706e-10
  3.0449999999999999e+00   3.7966272104336285e-10
  3.0500000000000003e+00   3.8010251998295968e-10
  3.0550000000000002e+00   3.8054259613705797e-10
  3.0600000000000001e+00   3.8098289450757492e-10
  3.0649999999999999e+00   3.8142335997454133e-10
  3.0700000000000003e+00   3.8186393731090623e-10
  3.0750000000000002e+00   3.8230457119707164e-10
  3.0800000000000001e+00   3.8274520623515373e-10
  3.0850000000000000e+00   3.8318578696296286e-10
  3.0899999999999999e+00   3.8362625786769969e-10
  3.0950000000000002e+00   3.8406656339936085e-10
  3.1000000000000001e+00   3.8450664798385067e-10
  3.1050000000000000e+00   3.8494645603579564e-10
  3.1099999999999999e+00   3.8538593197105794e-10
  3.1150000000000002e+00   3.8582502021894478e-10
  3.1200000000000001e+00   3.8626366523411327e-10
  3.1250000000000000e+00   3.8670181150816798e-10
  3.1299999999999999e+00   3.8713940358095078e-10
  3.1350000000000002e+00   3.8757638605152279e-10
  3.1400000000000001e+00   3.8801270358883933e-10
  3.1450000000000000e+00   3.8844830094211825e-10
  3.1499999999999999e+00   3.8888312295090438e-10
  3.1550000000000002e+00   3.8931711455483102e-10
  3.1600000000000001e+00   3.8975022080308197e-10
  3.1650000000000000e+00   3.9018238686355817e-10
  3.1699999999999999e+00   3.9061355803175082e-10
  3.1750000000000003e+00   3.9104367973932709e-10
  3.1800000000000002e+00   3.9147269756243163e-10
  3.1850000000000001e+00   3.9190055722970970e-10
  3.1899999999999999e+00   3.9232720463005638e-10
  3.1950000000000003e+00   3.9275258582009793e-10
  3.2000000000000002e+00   3.9317664703141055e-10
  3.2050000000000001e+00   3.9359933467748259e-10
  3.2100000000000000e+00   3.9402059536042582e-10
  3.2149999999999999e+00   3.9444037587744212e-10
  3.2200000000000002e+00   3.9485862322705162e-10
  3.2250000000000001e+00   3.9527528461508752e-10
  3.2300000000000000e+00   3.9569030746046504e-10
  3.2349999999999999e+00   3.9610363940072919e-10
  3.2400000000000002e+00   3.9651522829738823e-10
  3.2450000000000001e+00   3.9692502224103798e-10
  3.2500000000000000e+00   3.9733296955628353e-10
  3.2549999999999999e+00   3.9773901880646357e-10
  3.2600000000000002e+00   3.9814311879818352e-10
  3.2650000000000001e+00   3.9854521858566280e-10
  3.2700000000000000e+00   3.9894526747490217e-10
  3.2749999999999999e+00   3.9934321502767668e-10
  3.2800000000000002e+00   3.9973901106536054e-10
  3.2850000000000001e+00   4.0013260567258750e-10
  3.2900000000000000e+00   4.0052394920075570e-10
  3.2949999999999999e+00   4.0091299227137959e-10
  3.3000000000000003e+00   4.0129968577929750e-10
  3.3050000000000002e+00   4.0168398089573858e-10
  3.3100000000000001e+00   4.0206582907125730e-10
  3.3149999999999999e+00   4.0244518203853944e-10
  3.3200000000000003e+00   4.0282199181508912e-10
  3.3250000000000002e+00   4.0319621070580017e-10
  3.3300000000000001e+00   4.0356779130542130e-10
  3.3350000000000000e+00   4.0393668650092105e-10
  3.3399999999999999e+00   4.0430284947375888e-10
  3.3450000000000002e+00   4.0466623370207187e-10
  3.3500000000000001e+00   4.0502679296278230e-10
  3.3550000000000000e+00   4.0538448133363652e-10
  3.3599999999999999e+00   4.0573925319517992e-10
  3.3650000000000002e+00   4.0609106323267861e-10
  3.3700000000000001e+00   4.0643986643799581e-10
  3.3750000000000000e+00   4.0678561811142887e-10
  3.3799999999999999e+00   4.0712827386351917e-10
  3.3850000000000002e+00   4.0746778961683910e-10
  3.3900000000000001e+00   4.0780412160776860e-10
  3.3950000000000000e+00   4.0813722638826606e-10
  3.3999999999999999e+00   4.0846706082764473e-10
  3.4050000000000002e+00   4.0879358211436150e-10
  3.4100000000000001e+00   4.0911674775782586e-10
  3.4150000000000000e+00   4.0943651559023862e-10
  3.4199999999999999e+00   4.0975284376846663e-10
  3.4250000000000003e+00   4.1006569077596143e-10
  3.4300000000000002e+00   4.1037501542472949e-10
  3.4350000000000001e+00   4.1068077685736123e-10
  3.4399999999999999e+00   4.1098293454912459e-10
  3.4450000000000003e+00   4.1128144831013055e-10
  3.4500000000000002e+00   4.1157627828757634e-10
  3.4550000000000001e+00   4.1186738496807189e-10
  3.4600000000000000e+00   4.1215472918005515e-10
  3.4649999999999999e+00   4.1243827209630100e-10
  3.4700000000000002e+00   4.1271797523652865e-10
  3.4750000000000001e+00   4.1299380047011162e-10
  3.4800000000000000e+00   4.1326571001889470e-10
  3.4849999999999999e+00   4.1353366646012010e-10
  3.4900000000000002e+00   4.1379763272946756e-10
  3.4950000000000001e+00   4.1405757212421036e-10
  3.5000000000000000e+00   4.1431344830648961e-10
  3.5049999999999999e+00   4.1456522530670950e-10
  3.5100000000000002e+00   4.1481286752705526e-10
  3.5150000000000001e+00   4.1505633974513526e-10
  3.5200000000000000e+00   4.1529560711774849e-10
  3.5249999999999999e+00   4.1553063518477881e-10
  3.5300000000000002e+00   4.1576138987321685e-10
  3.5350000000000001e+00   4.1598783750130897e-10
  3.5400000000000000e+00   4.1620994478283615e-10
  3.5449999999999999e+00   4.1642767883152000e-10
  3.5500000000000003e+00   4.1664100716555807e-10
  3.5550000000000002e+00   4.1684989771228719e-10
  3.5600000000000001e+00   4.1705431881297512e-10
  3.5649999999999999e+00   4.1725423922773875e-10
  3.5700000000000003e+00   4.1744962814058985e-10
  3.5750000000000002e+00   4.1764045516460670e-10
  3.5800000000000001e+00   4.1782669034722931e-10
  3.5850000000000000e+00   4.1800830417567883e-10
  3.5899999999999999e+00   4.1818526758249921e-10
  3.5950000000000002e+00   4.1835755195121860e-10
  3.6000000000000001e+00   4.1852512912212968e-10
  3.6050000000000000e+00   4.1868797139818684e-10
  3.6099999999999999e+00   4.1884605155101699e-10
  3.6150000000000002e+00   4.1899934282704304e-10
  3.6200000000000001e+00   4.1914781895371589e-10
  3.6250000000000000e+00   4.1929145414585338e-10
  3.6299999999999999e+00   4.1943022311208235e-10
  3.6350000000000002e+00   4.1956410106137955e-10
  3.6400000000000001e+00   4.1969306370971020e-10
  3.6450000000000000e+00   4.1981708728675698e-10
  3.6499999999999999e+00   4.1993614854273809e-10
  3.6550000000000002e+00   4.2005022475530806e-10
  3.6600000000000001e+00   4.2015929373653692e-10
  3.6650000000000000e+00   4.2026333383996364e-10
  3.6699999999999999e+00   4.2036232396771696e-10
  3.6750000000000003e+00   4.2045624357769875e-10
  3.6800000000000002e+00   4.2054507269082429e-10
  3.6850000000000001e+00   4.2062879189831267e-10
  3.6899999999999999e+00   4.2070738236902129e-10
  3.6950000000000003e+00   4.2078082585681810e-10
  3.7000000000000002e+00   4.2084910470798316e-10
  3.7050000000000001e+00   4.2091220186863500e-10
  3.7100000000000000e+00   4.2097010089217186e-10
  3.7149999999999999e+00   4.2102278594672264e-10
  3.7200000000000002e+00   4.2107024182259793e-10
  3.7250000000000001e+00   4.2111245393973476e-10
  3.7300000000000000e+00   4.2114940835512669e-10
  3.7349999999999999e+00   4.2118109177023138e-10
  3.7400000000000002e+00   4.2120749153834705e-10
  3.7450000000000001e+00   4.2122859567195024e-10
  3.7500000000000000e+00   4.2124439284998736e-10
  3.7549999999999999e+00   4.2125487242510966e-10
  3.7600000000000002e+00   4.2126002443084567e-10
  3.7650000000000001e+00   4.2125983958870203e-10
  3.7700000000000000e+00   4.2125430931518377e-10
  3.7749999999999999e+00   4.2124342572872714e-10
  3.7800000000000002e+00   4.2122718165653589e-10
  3.7850000000000001e+00   4.2120557064131344e-10
  3.7900000000000000e+00   4.2117858694788284e-10
  3.7949999999999999e+00   4.2114622556968603e-10
  3.8000000000000003e+00   4.2110848223515586e-10
  3.8050000000000002e+00   4.2106535341395109e-10
  3.8100000000000001e+00   4.2101683632304869e-10
  3.8149999999999999e+00   4.2096292893268424e-10
  3.8200000000000003e+00   4.2090362997213399e-10
  3.8250000000000002e+00   4.2083893893533046e-10
  3.8300000000000001e+00   4.2076885608630389e-10
  3.8350000000000000e+00   4.2069338246444431e-10
  3.8399999999999999e+00   4.2061251988957389e-10
  3.8450000000000002e+00   4.2052627096682496e-10
  3.8500000000000001e+00   4.2043463909131599e-10
  3.8550000000000000e+00   4.2033762845261846e-10
  3.8599999999999999e+00   4.2023524403900711e-10
  3.8650000000000002e+00   4.2012749164148881e-10
  3.8700000000000001e+00   4.2001437785760134e-10
  3.8750000000000000e+00   4.1989591009497667e-10
  3.8799999999999999e+00   4.1977209657466156e-10
  3.8850000000000002e+00   4.1964294633419058e-10
  3.8900000000000001e+00   4.1950846923040299e-10
  3.8950000000000000e+00   4.1936867594199955e-10
  3.8999999999999999e+00   4.1922357797183177e-10
  3.9050000000000002e+00   4.1907318764891853e-10
  3.9100000000000001e+00   4.1891751813018361e-10
  3.9150000000000000e+00   4.1875658340190897e-10
  3.9199999999999999e+00   4.1859039828089816e-10
  3.9250000000000003e+00   4.1841897841534445e-10
  3.9300000000000002e+00   4.1824234028539838e-10
  3.9350000000000001e+00   4.1806050120342998e-10
  3.9399999999999999e+00   4.1787347931398000e-10
  3.9450000000000003e+00   4.1768129359339713e-10
  3.9500000000000002e+00   4.1748396384915496e-10
  3.9550000000000001e+00   4.1728151071884584e-10
  3.9600000000000000e+00   4.1707395566884633e-10
  3.9650000000000003e+00   4.1686132099265208e-10
  3.9700000000000002e+00   4.1664362980887672e-10
  3.9750000000000001e+00   4.1642090605891319e-10
  3.9800000000000000e+00   4.1619317450425336e-10
  3.9849999999999999e+00   4.1596046072346350e-10
  3.9900000000000002e+00   4.1572279110881313e-10
  3.9950000000000001e+00   4.1548019286255520e-10
  4.0000000000000000e+00   4.1523269399285491e-10
