# Columns: x, rho, u, p, lamdatime_step 1000
# time   1.0000000000000000e+01
 -1.7149999999999999e+01  -1.0317395250991640e-10   3.8863948360395232e-11  -1.1080339858105719e-09   1.5347269669914520e-21
 -1.7099999999999998e+01  -1.0317395250991640e-10   3.8863948360395232e-11  -1.1080339858105719e-09   1.5347269669914520e-21
 -1.7049999999999997e+01  -1.0317395250991640e-10   3.8863948360395232e-11  -1.1080339858105719e-09   1.5347269669914520e-21
 -1.7000000000000000e+01  -1.0317395250991640e-10   3.8863948360395232e-11  -1.1080339858105719e-09   1.5347269669914520e-21
 -1.6949999999999999e+01  -1.0312791557634788e-10   3.8774998619759014e-11  -1.1074282942101005e-09   1.6720095517817291e-21
 -1.6899999999999999e+01  -1.0310006891630007e-10   3.8727586307889052e-11  -1.1071054693261791e-09   1.7858924656454047e-21
 -1.6849999999999998e+01  -1.0305837819974717e-10   3.8654176375927607e-11  -1.1066056328826617e-09   1.9164118388313902e-21
 -1.6799999999999997e+01  -1.0302143220249328e-10   3.8594577195117804e-11  -1.1061998498902266e-09   2.0606932845785524e-21
 -1.6750000000000000e+01  -1.0297857537360769e-10   3.8526107760500973e-11  -1.1057336585408282e-09   2.2174317340573489e-21
 -1.6699999999999999e+01  -1.0293604593704485e-10   3.8462003339015116e-11  -1.1052971683614817e-09   2.3892309807962062e-21
 -1.6649999999999999e+01  -1.0289030179221129e-10   3.8394825926617121e-11  -1.1048397236419495e-09   2.5771151663598267e-21
 -1.6599999999999998e+01  -1.0284344040694639e-10   3.8329021792057531e-11  -1.1043916109617601e-09   2.7826045549472433e-21
 -1.6549999999999997e+01  -1.0279432445140702e-10   3.8262204955112067e-11  -1.1039366107893501e-09   3.0073639999148199e-21
 -1.6500000000000000e+01  -1.0274367457683432e-10   3.8195910006924489e-11  -1.1034852092667847e-09   3.2531732802531632e-21
 -1.6449999999999999e+01  -1.0269114850100695e-10   3.8129420951266432e-11  -1.1030325552307025e-09   3.5219933902109476e-21
 -1.6399999999999999e+01  -1.0263701424913230e-10   3.8063313854081252e-11  -1.1025825591862517e-09   3.8159637510028605e-21
 -1.6349999999999998e+01  -1.0258119003399461e-10   3.7997427997295132e-11  -1.1021340647743662e-09   4.1374217412664198e-21
 -1.6299999999999997e+01  -1.0252379452547188e-10   3.7932027117007708e-11  -1.1016887729187790e-09   4.4889216957711134e-21
 -1.6250000000000000e+01  -1.0246483404830063e-10   3.7867129893184524e-11  -1.1012467387459066e-09   4.8732551154760043e-21
 -1.6199999999999999e+01  -1.0240438526789586e-10   3.7802884314368821e-11  -1.1008090022305624e-09   5.2934750233803264e-21
 -1.6149999999999999e+01  -1.0234249448423131e-10   3.7739345641138594e-11  -1.1003761392038187e-09   5.7529207710572596e-21
 -1.6099999999999998e+01  -1.0227923556463302e-10   3.7676601699483321e-11  -1.0999490963754544e-09   6.2552037085159204e-21
 -1.6049999999999997e+01  -1.0221467143979256e-10   3.7614712542390592e-11  -1.0995286380901582e-09   6.8039681077951126e-21
 -1.5999999999999998e+01  -1.0214886519349456e-10   3.7553767320909875e-11  -1.0991155071865373e-09   7.4020863704027547e-21
 -1.5949999999999999e+01  -1.0208186516991802e-10   3.7493869533735630e-11  -1.0987102119592719e-09   8.0519286314294602e-21
 -1.5899999999999999e+01  -1.0201371755437457e-10   3.7435135744335816e-11  -1.0983132089146749e-09   8.7585028729781982e-21
 -1.5849999999999998e+01  -1.0194446987050126e-10   3.7377673484165775e-11  -1.0979249543890166e-09   9.5266256033649023e-21
 -1.5799999999999999e+01  -1.0187417599307499e-10   3.7321578446287689e-11  -1.0975459782763265e-09   1.0361611789711149e-20
 -1.5749999999999998e+01  -1.0180289444484246e-10   3.7266933102783542e-11  -1.0971768610197497e-09   1.1269266697915230e-20
 -1.5699999999999999e+01  -1.0173068643803067e-10   3.7213813105710701e-11  -1.0968182069084929e-09   1.2255884437159058e-20
 -1.5649999999999999e+01  -1.0165761295019614e-10   3.7162291642544790e-11  -1.0964706034591198e-09   1.3328304756022952e-20
 -1.5599999999999998e+01  -1.0158373341673807e-10   3.7112442694949765e-11  -1.0961346040259321e-09   1.4493956267072280e-20
 -1.5549999999999999e+01  -1.0150910534706042e-10   3.7064341052574667e-11  -1.0958107236675739e-09   1.5760917450525560e-20
 -1.5499999999999998e+01  -1.0143378487736520e-10   3.7018061090554716e-11  -1.0954994484483914e-09   1.7137954978473118e-20
 -1.5449999999999999e+01  -1.0135782739343280e-10   3.6973674999730408e-11  -1.0952012456994912e-09   1.8634599535404166e-20
 -1.5399999999999999e+01  -1.0128128797562690e-10   3.6931251631063657e-11  -1.0949165716776122e-09   2.0261205889410268e-20
 -1.5349999999999998e+01  -1.0120422142116096e-10   3.6890856120303317e-11  -1.0946458730979318e-09   2.2029017114064040e-20
 -1.5299999999999999e+01  -1.0112668201350966e-10   3.6852550119926137e-11  -1.0943895850014158e-09   2.3950260560220891e-20
 -1.5249999999999998e+01  -1.0104872315483144e-10   3.6816392296718765e-11  -1.0941481266281899e-09   2.6038205490012942e-20
 -1.5199999999999999e+01  -1.0097039703910200e-10   3.6782438764430452e-11  -1.0939218978708971e-09   2.8307288471030031e-20
 -1.5149999999999999e+01  -1.0089175445622051e-10   3.6750743235045360e-11  -1.0937112776164338e-09   3.0773177599282119e-20
 -1.5099999999999998e+01  -1.0081284472833993e-10   3.6721356897299858e-11  -1.0935166240026949e-09   3.3452898730807433e-20
 -1.5049999999999999e+01  -1.0073371567742757e-10   3.6694328232624464e-11  -1.0933382751417034e-09   3.6364956464034943e-20
 -1.4999999999999998e+01  -1.0065441358868356e-10   3.6669702837876488e-11  -1.0931765498095552e-09   3.9529436320213823e-20
 -1.4949999999999999e+01  -1.0057498316307086e-10   3.6647523272661926e-11  -1.0930317480053446e-09   4.2968187464506969e-20
 -1.4899999999999999e+01  -1.0049546741349606e-10   3.6627829030290405e-11  -1.0929041507231642e-09   4.6704930617601985e-20
 -1.4849999999999998e+01  -1.0041590754035859e-10   3.6610656549069056e-11  -1.0927940194521957e-09   5.0765428033390418e-20
 -1.4799999999999999e+01  -1.0033634280937428e-10   3.6596039225045410e-11  -1.0927015957248678e-09   5.5177677241853822e-20
 -1.4749999999999998e+01  -1.0025681043794416e-10   3.6584007408146202e-11  -1.0926271007972219e-09   5.9972097229851441e-20
 -1.4699999999999999e+01  -1.0017734548191433e-10   3.6574588405197178e-11  -1.0925707353324196e-09   6.5181715807806143e-20
 -1.4649999999999999e+01  -1.0009798073691921e-10   3.6567806456998169e-11  -1.0925326792808170e-09   7.0842415358808840e-20
 -1.4599999999999998e+01  -1.0001874666463012e-10   3.6563682672332215e-11  -1.0925130920921163e-09   7.6993179686689207e-20
 -1.4549999999999999e+01  -9.9939671315228208e-11   3.6562234981938116e-11  -1.0925121128321000e-09   8.3676362018635811e-20
 -1.4499999999999998e+01  -9.9860780228231981e-11   3.6563478151136773e-11  -1.0925298599348921e-09   9.0937925115052440e-20
 -1.4449999999999999e+01  -9.9782096335951882e-11   3.6567423800575093e-11  -1.0925664309273928e-09   9.8827817967383834e-20
 -1.4399999999999999e+01  -9.9703639887252811e-11   3.6574080401128907e-11  -1.0926219023698316e-09   1.0740027426362101e-19
 -1.4349999999999998e+01  -9.9625428388579809e-11   3.6583453250081742e-11  -1.0926963299582277e-09   1.1671420093064819e-19
 -1.4299999999999999e+01  -9.9547476551882935e-11   3.6595544451825271e-11  -1.0927897486330673e-09   1.2683355175425036e-19
 -1.4249999999999998e+01  -9.9469796246189712e-11   3.6610352910224641e-11  -1.0929021726417166e-09   1.3782778815721494e-19
 -1.4199999999999999e+01  -9.9392396454937658e-11   3.6627874328766192e-11  -1.0930335955827968e-09   1.4977232293526882e-19
 -1.4149999999999999e+01  -9.9315283237543353e-11   3.6648101222277906e-11  -1.0931839904090960e-09   1.6274903578232433e-19
 -1.4099999999999998e+01  -9.9238459700278964e-11   3.6671022928425144e-11  -1.0933533094643646e-09   1.7684680433680651e-19
 -1.4049999999999999e+01  -9.9161925982387693e-11   3.6696625606093191e-11  -1.0935414846423048e-09   1.9216212480761799e-19
 -1.3999999999999998e+01  -9.9085679244217706e-11   3.6724892249399714e-11  -1.0937484274818820e-09   2.0879973152476224e-19
 -1.3949999999999999e+01  -9.9009713664617597e-11   3.6755802697889360e-11  -1.0939740293103976e-09   2.2687331254751818e-19
 -1.3899999999999999e+01  -9.8934020441386233e-11   3.6789333658883071e-11  -1.0942181613503532e-09   2.4650624165370875e-19
 -1.3849999999999998e+01  -9.8858587795916960e-11   3.6825458735407507e-11  -1.0944806748142501e-09   2.6783239829943470e-19
 -1.3799999999999999e+01  -9.8783400993359522e-11   3.6864148435805954e-11  -1.0947614011573008e-09   2.9099707983987931e-19
 -1.3749999999999998e+01  -9.8708442368536990e-11   3.6905370185483763e-11  -1.0950601523533479e-09   3.1615791394224397e-19
 -1.3699999999999999e+01  -9.8633691349722080e-11   3.6949088355775315e-11  -1.0953767210858647e-09   3.4348590375970256e-19
 -1.3649999999999999e+01  -9.8559124489465249e-11   3.6995264289577600e-11  -1.0957108809913076e-09   3.7316655851145207e-19
 -1.3599999999999998e+01  -9.8484715511126500e-11   3.7043856304549269e-11  -1.0960623870826336e-09   4.0540110887786744e-19
 -1.3549999999999999e+01  -9.8410435342768626e-11   3.7094819737057257e-11  -1.0964309759451370e-09   4.4040777466361165e-19
 -1.3499999999999998e+01  -9.8336252158438550e-11   3.7148106977382273e-11  -1.0968163659963498e-09   4.7842319462995688e-19
 -1.3449999999999999e+01  -9.8262131421704794e-11   3.7203667515377493e-11  -1.0972182577322049e-09   5.1970396128615706e-19
 -1.3399999999999999e+01  -9.8188035942489482e-11   3.7261447965201699e-11  -1.0976363341194477e-09   5.6452826597971745e-19
 -1.3349999999999998e+01  -9.8113925929639502e-11   3.7321392114818707e-11  -1.0980702608760978e-09   6.1319766916380312e-19
 -1.3299999999999999e+01  -9.8039759047737900e-11   3.7383440974972184e-11  -1.0985196867614290e-09   6.6603901163909029e-19
 -1.3250000000000000e+01  -9.7965490486430803e-11   3.7447532816372775e-11  -1.0989842439894480e-09   7.2340650840953848e-19
 -1.3199999999999999e+01  -9.7891073041970824e-11   3.7513603192534463e-11  -1.0994635487586419e-09   7.8568400114509025e-19
 -1.3149999999999999e+01  -9.7816457201376831e-11   3.7581584971472206e-11  -1.0999572017562566e-09   8.5328735025886695e-19
 -1.3099999999999998e+01  -9.7741591223002798e-11   3.7651408387958001e-11  -1.1004647885450584e-09   9.2666706397713573e-19
 -1.3049999999999999e+01  -9.7666421218043212e-11   3.7723001107799541e-11  -1.1009858798962211e-09   1.0063110905907445e-18
 -1.3000000000000000e+01  -9.7590891242718922e-11   3.7796288282817469e-11  -1.1015200322077191e-09   1.0927478690424719e-18
 -1.2949999999999999e+01  -9.7514943401121436e-11   3.7871192597386385e-11  -1.1020667880082495e-09   1.1865496001075169e-18
 -1.2899999999999999e+01  -9.7438517955123654e-11   3.7947634312836702e-11  -1.1026256764968909e-09   1.2883357952331668e-18
 -1.2849999999999998e+01  -9.7361553434801697e-11   3.8025531324068060e-11  -1.1031962140270450e-09   1.3987770522973460e-18
 -1.2799999999999999e+01  -9.7283986755092326e-11   3.8104799213988381e-11  -1.1037779046217090e-09   1.5185991699510108e-18
 -1.2750000000000000e+01  -9.7205753339240473e-11   3.8185351305196356e-11  -1.1043702405332048e-09   1.6485875718933653e-18
 -1.2699999999999999e+01  -9.7126787242789599e-11   3.8267098720559357e-11  -1.1049727027638981e-09   1.7895920642407089e-18
 -1.2649999999999999e+01  -9.7047021284087643e-11   3.8349950437959602e-11  -1.1055847616417080e-09   1.9425319754485355e-18
 -1.2599999999999998e+01  -9.6966387176102582e-11   3.8433813350775743e-11  -1.1062058773826486e-09   2.1084016564211161e-18
 -1.2549999999999999e+01  -9.6884815660430824e-11   3.8518592328986953e-11  -1.1068355006618548e-09   2.2882764418342771e-18
 -1.2500000000000000e+01  -9.6802236645457332e-11   3.8604190276671969e-11  -1.1074730732294857e-09   2.4833190421690351e-18
 -1.2449999999999999e+01  -9.6718579345171384e-11   3.8690508191619982e-11  -1.1081180285292088e-09   2.6947864308172235e-18
 -1.2399999999999999e+01  -9.6633772420187550e-11   3.8777445222050075e-11  -1.1087697923497784e-09   2.9240372593616261e-18
 -1.2349999999999998e+01  -9.6547744116489140e-11   3.8864898729689912e-11  -1.1094277834521043e-09   3.1725398195532595e-18
 -1.2299999999999999e+01  -9.6460422403047340e-11   3.8952764354570308e-11  -1.1100914141953973e-09   3.4418806230302180e-18
 -1.2250000000000000e+01  -9.6371735111154694e-11   3.9040936075250662e-11  -1.1107600912090529e-09   3.7337736138792738e-18
 -1.2199999999999999e+01  -9.6281610074344888e-11   3.9129306265645666e-11  -1.1114332160990204e-09   4.0500700958079525e-18
 -1.2149999999999999e+01  -9.6189975263671327e-11   3.9217765759269443e-11  -1.1121101861176460e-09   4.3927693513785859e-18
 -1.2099999999999998e+01  -9.6096758921681305e-11   3.9306203912196003e-11  -1.1127903948485811e-09   4.7640301120213564e-18
 -1.2049999999999999e+01  -9.6001889694623888e-11   3.9394508666375167e-11  -1.1134732329026010e-09   5.1661828396973813e-18
 -1.2000000000000000e+01  -9.5905296763251526e-11   3.9482566611124691e-11  -1.1141580886316900e-09   5.6017429518002657e-18
 -1.1949999999999999e+01  -9.5806909972612428e-11   3.9570263042233970e-11  -1.1148443488686518e-09   6.0734250025111127e-18
 -1.1899999999999999e+01  -9.5706659960596782e-11   3.9657482018440417e-11  -1.1155313996900021e-09   6.5841579322420071e-18
 -1.1849999999999998e+01  -9.5604478283253950e-11   3.9744106419565576e-11  -1.1162186271746147e-09   7.1371013999288946e-18
 -1.1799999999999999e+01  -9.5500297536511468e-11   3.9830018006522814e-11  -1.1169054181536780e-09   7.7356633490038272e-18
 -1.1750000000000000e+01  -9.5394051476770347e-11   3.9915097477663771e-11  -1.1175911609887007e-09   8.3835188462803500e-18
 -1.1699999999999999e+01  -9.5285675138831053e-11   3.9999224524747421e-11  -1.1182752463563450e-09   9.0846302874249769e-18
 -1.1649999999999999e+01  -9.5175104950428759e-11   4.0082277889357713e-11  -1.1189570680312409e-09   9.8432690961987312e-18
 -1.1599999999999998e+01  -9.5062278844823835e-11   4.0164135416427344e-11  -1.1196360236894736e-09   1.0664038938820870e-17
 -1.1549999999999999e+01  -9.4947136371805168e-11   4.0244674103635241e-11  -1.1203115157398744e-09   1.1551900707298198e-17
 -1.1500000000000000e+01  -9.4829618804560618e-11   4.0323770151744139e-11  -1.1209829521491611e-09   1.2512199205467020e-17
 -1.1449999999999999e+01  -9.4709669243265040e-11   4.0401299013087901e-11  -1.1216497472759547e-09   1.3550691815727115e-17
 -1.1399999999999999e+01  -9.4587232714867875e-11   4.0477135439199061e-11  -1.1223113227093400e-09   1.4673579187799797e-17
 -1.1349999999999998e+01  -9.4462256268854456e-11   4.0551153527079194e-11  -1.1229671081120352e-09   1.5887538123437628e-17
 -1.1299999999999999e+01  -9.4334689070194971e-11   4.0623226761038636e-11  -1.1236165420890366e-09   1.7199756805519823e-17
 -1.1250000000000000e+01  -9.4204482489345094e-11   4.0693228049733374e-11  -1.1242590730830897e-09   1.8617972528511719e-17
 -1.1199999999999999e+01  -9.4071590186665433e-11   4.0761029763594867e-11  -1.1248941602622425e-09   2.0150512059327043e-17
 -1.1149999999999999e+01  -9.3935968193342766e-11   4.0826503767116036e-11  -1.1255212744324034e-09   2.1806334886687577e-17
 -1.1099999999999998e+01  -9.3797574987064308e-11   4.0889521449966241e-11  -1.1261398989521216e-09   2.3595079447527686e-17
 -1.1049999999999999e+01  -9.3656371561935154e-11   4.0949953756925892e-11  -1.1267495306442747e-09   2.5527112596814651e-17
 -1.1000000000000000e+01  -9.3512321493665756e-11   4.1007671214565974e-11  -1.1273496807207521e-09   2.7613582562648624e-17
 -1.0949999999999999e+01  -9.3365391001488103e-11   4.1062543951012135e-11  -1.1279398757420053e-09   2.9866475485335356e-17
 -1.0899999999999999e+01  -9.3215549005374411e-11   4.1114441712058822e-11  -1.1285196585907991e-09   3.2298675911640992e-17
 -1.0849999999999998e+01  -9.3062767177437506e-11   4.1163233875715928e-11  -1.1290885894434880e-09   3.4924031404405061e-17
 -1.0799999999999999e+01  -9.2907019989988366e-11   4.1208789459904664e-11  -1.1296462467731202e-09   3.7757421587817737e-17
 -1.0750000000000000e+01  -9.2748284758247886e-11   4.1250977128240332e-11  -1.1301922283534771e-09   4.0814831840242687e-17
 -1.0699999999999999e+01  -9.2586541679247555e-11   4.1289665190158678e-11  -1.1307261522836706e-09   4.4113431975845749e-17
 -1.0649999999999999e+01  -9.2421773866334701e-11   4.1324721597744160e-11  -1.1312476580216914e-09   4.7671660223028126e-17
 -1.0599999999999998e+01  -9.2253967380388931e-11   4.1356013936640375e-11  -1.1317564074394322e-09   5.1509312774067244e-17
 -1.0549999999999999e+01  -9.2083111258630633e-11   4.1383409410110293e-11  -1.1322520859079732e-09   5.5647639268152854e-17
 -1.0500000000000000e+01  -9.1909197540726187e-11   4.1406774817105011e-11  -1.1327344034047906e-09   6.0109444583245122e-17
 -1.0449999999999999e+01  -9.1732221291932251e-11   4.1425976525525036e-11  -1.1332030956350396e-09   6.4919197192637616e-17
 -1.0399999999999999e+01  -9.1552180623594883e-11   4.1440880440450527e-11  -1.1336579251670838e-09   7.0103144624730346e-17
 -1.0349999999999998e+01  -9.1369076711779159e-11   4.1451351966271001e-11  -1.1340986825893228e-09   7.5689436252526518e-17
 -1.0299999999999999e+01  -9.1182913815027452e-11   4.1457255961081822e-11  -1.1345251876984728e-09   8.1708253926664790e-17
 -1.0250000000000000e+01  -9.0993699292082331e-11   4.1458456682057169e-11  -1.1349372907273822e-09   8.8191950823628523e-17
 -1.0199999999999999e+01  -9.0801443618670079e-11   4.1454817724299634e-11  -1.1353348735955469e-09   9.5175198909919228e-17
 -1.0149999999999999e+01  -9.0606160403688506e-11   4.1446201952700831e-11  -1.1357178511836620e-09   1.0269514547290258e-16
 -1.0099999999999998e+01  -9.0407866405579111e-11   4.1432471425714781e-11  -1.1360861726399825e-09   1.1079157917643963e-16
 -1.0049999999999999e+01  -9.0206581548984769e-11   4.1413487311213773e-11  -1.1364398227167447e-09   1.1950710599871176e-16
 -1.0000000000000000e+01  -9.0002328942907212e-11   4.1389109792136590e-11  -1.1367788231509683e-09   1.2888733560634531e-16
 -9.9499999999999993e+00  -8.9795134900376492e-11   4.1359197962437808e-11  -1.1371032340868681e-09   1.3898107845906213e-16
 -9.8999999999999986e+00  -8.9585028959788118e-11   4.1323609713215250e-11  -1.1374131555391493e-09   1.4984055415877817e-16
 -9.8499999999999979e+00  -8.9372043908194766e-11   4.1282201608887936e-11  -1.1377087288983974e-09   1.6152161143426350e-16
 -9.7999999999999989e+00  -8.9156215807186919e-11   4.1234828752362047e-11  -1.1379901384847725e-09   1.7408396005507000e-16
 -9.7500000000000000e+00  -8.8937584021805482e-11   4.1181344638714277e-11  -1.1382576131533236e-09   1.8759141513564093e-16
 -9.6999999999999993e+00  -8.8716191252735637e-11   4.1121600997235882e-11  -1.1385114279513966e-09   2.0211215403737678e-16
 -9.6499999999999986e+00  -8.8492083572491563e-11   4.1055447620757749e-11  -1.1387519058350694e-09   2.1771898615966685e-16
 -9.5999999999999996e+00  -8.8265310465977208e-11   4.0982732181953288e-11  -1.1389794194467111e-09   2.3448963580496708e-16
 -9.5499999999999989e+00  -8.8035924876052950e-11   4.0903300035717246e-11  -1.1391943929591644e-09   2.5250703816141128e-16
 -9.5000000000000000e+00  -8.7803983254691303e-11   4.0816994006960684e-11  -1.1393973039911493e-09   2.7185964851689058e-16
 -9.4499999999999993e+00  -8.7569545620359148e-11   4.0723654162963808e-11  -1.1395886855992485e-09   2.9264176441954188e-16
 -9.3999999999999986e+00  -8.7332675622004895e-11   4.0623117570110017e-11  -1.1397691283478694e-09   3.1495386067089303e-16
 -9.3499999999999996e+00  -8.7093440610387122e-11   4.0515218033963924e-11  -1.1399392824637841e-09   3.3890293662848502e-16
 -9.2999999999999989e+00  -8.6851911717753342e-11   4.0399785821169403e-11  -1.1400998600856755e-09   3.6460287522828656e-16
 -9.2500000000000000e+00  -8.6608163946368787e-11   4.0276647362715860e-11  -1.1402516376118766e-09   3.9217481283972792e-16
 -9.1999999999999993e+00  -8.6362276266529040e-11   4.0145624937769160e-11  -1.1403954581514926e-09   4.2174751882989840e-16
 -9.1499999999999986e+00  -8.6114331724563390e-11   4.0006536337613260e-11  -1.1405322340824242e-09   4.5345778338311872e-16
 -9.0999999999999996e+00  -8.5864417561959261e-11   3.9859194507773710e-11  -1.1406629497289887e-09   4.8745081173857835e-16
 -9.0499999999999989e+00  -8.5612625346481775e-11   3.9703407167058526e-11  -1.1407886641684021e-09   5.2388062265128294e-16
 -9.0000000000000000e+00  -8.5359051115840820e-11   3.9538976402782264e-11  -1.1409105141710468e-09   5.6291044830392118e-16
 -8.9499999999999993e+00  -8.5103795534706953e-11   3.9365698240916444e-11  -1.1410297172833694e-09   6.0471313241081824e-16
 -8.8999999999999986e+00  -8.4846964066081121e-11   3.9183362189411070e-11  -1.1411475750655394e-09   6.4947152259437774e-16
 -8.8499999999999996e+00  -8.4588667157503423e-11   3.8991750754061208e-11  -1.1412654764888884e-09   6.9737885235161439e-16
 -8.7999999999999989e+00  -8.4329020443320261e-11   3.8790638924535062e-11  -1.1413849015090834e-09   7.4863910720054745e-16
 -8.7500000000000000e+00  -8.4068144963853909e-11   3.8579793629123279e-11  -1.1415074248259882e-09   8.0346736850427574e-16
 -8.6999999999999993e+00  -8.3806167401986601e-11   3.8358973157280993e-11  -1.1416347198367524e-09   8.6209012744857460e-16
 -8.6499999999999986e+00  -8.3543220338274633e-11   3.8127926547764062e-11  -1.1417685627976345e-09   9.2474556056448490e-16
 -8.5999999999999996e+00  -8.3279442525621487e-11   3.7886392940328286e-11  -1.1419108372092521e-09   9.9168375655954161e-16
 -8.5499999999999989e+00  -8.3014979184272865e-11   3.7634100889479260e-11  -1.1420635384363511e-09   1.0631668828026246e-15
 -8.5000000000000000e+00  -8.2749982318403390e-11   3.7370767637615579e-11  -1.1422287785807318e-09   1.1394692781136552e-15
 -8.4499999999999993e+00  -8.2484611055252384e-11   3.7096098345642831e-11  -1.1424087916218232e-09   1.2208774562523513e-15
 -8.3999999999999986e+00  -8.2219032007875327e-11   3.6809785278779091e-11  -1.1426059388410591e-09   1.3076900025482875e-15
 -8.3499999999999996e+00  -8.1953419662656432e-11   3.6511506945176927e-11  -1.1428227145476451e-09   1.4002173433776425e-15
 -8.2999999999999989e+00  -8.1687956792686936e-11   3.6200927185013207e-11  -1.1430617521228523e-09   1.4987813654305921e-15
 -8.2500000000000000e+00  -8.1422834898219940e-11   3.5877694207489516e-11  -1.1433258304016903e-09   1.6037148585175480e-15
 -8.1999999999999993e+00  -8.1158254675582286e-11   3.5541439572806442e-11  -1.1436178804134394e-09   1.7153607519670300e-15
 -8.1499999999999986e+00  -8.0894426515979408e-11   3.5191777116066243e-11  -1.1439409925034807e-09   1.8340711108420708e-15
 -8.0999999999999996e+00  -8.0631571035556274e-11   3.4828301810199466e-11  -1.1442984238580317e-09   1.9602058534450687e-15
 -8.0499999999999989e+00  -8.0369919638091494e-11   3.4450588564983485e-11  -1.1446936064537684e-09   2.0941311467598940e-15
 -8.0000000000000000e+00  -8.0109715111901257e-11   3.4058190958771211e-11  -1.1451301554574674e-09   2.2362174306337353e-15
 -7.9499999999999993e+00  -7.9851212262460546e-11   3.3650639899721349e-11  -1.1456118781000292e-09   2.3868370153282731e-15
 -7.8999999999999986e+00  -7.9594678582280628e-11   3.3227442213212809e-11  -1.1461427830500245e-09   2.5463611899410429e-15
 -7.8499999999999996e+00  -7.9340394959834187e-11   3.2788079151582670e-11  -1.1467270903158481e-09   2.7151567713421915e-15
 -7.7999999999999989e+00  -7.9088656429177382e-11   3.2332004822638738e-11  -1.1473692417039069e-09   2.8935820145275106e-15
 -7.7500000000000000e+00  -7.8839772961913051e-11   3.1858644533354782e-11  -1.1480739118606036e-09   3.0819817954159404e-15
 -7.6999999999999993e+00  -7.8594070303241783e-11   3.1367393044943299e-11  -1.1488460199277713e-09   3.2806819663096136e-15
 -7.6499999999999986e+00  -7.8351890853694813e-11   3.0857612735808674e-11  -1.1496907418395570e-09   3.4899827720247258e-15
 -7.5999999999999996e+00  -7.8113594598387466e-11   3.0328631668309705e-11  -1.1506135232927084e-09   3.7101512012490401e-15
 -7.5499999999999989e+00  -7.7879560085448182e-11   2.9779741555689472e-11  -1.1516200934201993e-09   3.9414121326507698e-15
 -7.5000000000000000e+00  -7.7650185455242412e-11   2.9210195625526967e-11  -1.1527164791981551e-09   4.1839381184772463e-15
 -7.4499999999999993e+00  -7.7425889522067259e-11   2.8619206375964223e-11  -1.1539090206174622e-09   4.4378376300193113e-15
 -7.3999999999999986e+00  -7.7207112909715890e-11   2.8005943221537479e-11  -1.1552043866481211e-09   4.7031415685439740e-15
 -7.3499999999999996e+00  -7.6994319242368420e-11   2.7369530025275374e-11  -1.1566095920258609e-09   4.9797878224949793e-15
 -7.2999999999999989e+00  -7.6787996392020467e-11   2.6709042514286783e-11  -1.1581320148877390e-09   5.2676036264770087e-15
 -7.2500000000000000e+00  -7.6588657783532706e-11   2.6023505576284323e-11  -1.1597794152823011e-09   5.5662854492490652e-15
 -7.1999999999999993e+00  -7.6396843758197028e-11   2.5311890434922541e-11  -1.1615599545779621e-09   5.8753761069270037e-15
 -7.1499999999999986e+00  -7.6213122996393054e-11   2.4573111702499606e-11  -1.1634822157894393e-09   6.1942387629358938e-15
 -7.0999999999999996e+00  -7.6038093999729190e-11   2.3806024308959677e-11  -1.1655552248403328e-09   6.5220274379837319e-15
 -7.0499999999999989e+00  -7.5872386632572854e-11   2.3009420307201449e-11  -1.1677884727738453e-09   6.8576536110101386e-15
 -7.0000000000000000e+00  -7.5716663722445360e-11   2.2182025555600426e-11  -1.1701919389184148e-09   7.1997484449667296e-15
 -6.9499999999999993e+00  -7.5571622718316609e-11   2.1322496279618564e-11  -1.1727761150097931e-09   7.5466201194993616e-15
 -6.8999999999999986e+00  -7.5437997405202721e-11   2.0429415515730280e-11  -1.1755520302631525e-09   7.8962056949877480e-15
 -6.8499999999999996e+00  -7.5316559672794268e-11   1.9501289442343206e-11  -1.1785312773803719e-09   8.2460168689101528e-15
 -6.7999999999999989e+00  -7.5208121335097780e-11   1.8536543603989240e-11  -1.1817260394683228e-09   8.5930789150921277e-15
 -6.7500000000000000e+00  -7.5113535997193052e-11   1.7533519036944745e-11  -1.1851491178328654e-09   8.9338620186665521e-15
 -6.6999999999999993e+00  -7.5033700964124152e-11   1.6490468306753447e-11  -1.1888139605993565e-09   9.2642041335596814e-15
 -6.6499999999999986e+00  -7.4969559185856018e-11   1.5405551470425274e-11  -1.1927346920967156e-09   9.5792243944190168e-15
 -6.5999999999999996e+00  -7.4922101230939369e-11   1.4276831978829663e-11  -1.1969261429256525e-09   9.8732260096800597e-15
 -6.5499999999999989e+00  -7.4892367280078188e-11   1.3102272537854764e-11  -1.2014038806131120e-09   1.0139587446526388e-14
 -6.5000000000000000e+00  -7.4881449129169507e-11   1.1879730950335889e-11  -1.2061842407341469e-09   1.0370640590344979e-14
 -6.4499999999999993e+00  -7.4890492189604038e-11   1.0606955964494235e-11  -1.2112843583596487e-09   1.0557534419425072e-14
 -6.4000000000000004e+00  -7.4920697471639315e-11   9.2815831587770781e-12  -1.2167221996630047e-09   1.0690082579255142e-14
 -6.3499999999999996e+00  -7.4973323534512104e-11   7.9011308974658449e-12  -1.2225165934913134e-09   1.0756593067949625e-14
 -6.2999999999999989e+00  -7.5049688384511408e-11   6.4629963965225672e-12  -1.2286872626754053e-09   1.0743678053163301e-14
 -6.2500000000000000e+00  -7.5151171299661936e-11   4.9644519444726380e-12  -1.2352548548200608e-09   1.0636041629998577e-14
 -6.1999999999999993e+00  -7.5279214556841570e-11   3.4026413289822943e-12  -1.2422409722797299e-09   1.0416243096318671e-14
 -6.1500000000000004e+00  -7.5435325034064483e-11   1.7745765261532638e-12  -1.2496682009856291e-09   1.0064433064366915e-14
 -6.0999999999999996e+00  -7.5621075657376136e-11   7.7134716308364369e-14  -1.2575601377483566e-09   9.5580594430175064e-15
 -6.0499999999999989e+00  -7.5838106658326643e-11  -1.6929443028604898e-12  -1.2659414156162089e-09   8.8715400107408443e-15
 -6.0000000000000000e+00  -7.6088126604158680e-11  -3.5390602271080623e-12  -1.2748377268209852e-09   7.9758979517756593e-15
 -5.9499999999999993e+00  -7.6372913158884204e-11  -5.4647537937540633e-12  -1.2842758427934629e-09   6.8383563440471365e-15
 -5.9000000000000004e+00  -7.6694313529201693e-11  -7.4737076719551707e-12  -1.2942836306781103e-09   5.4218871627531632e-15
 -5.8499999999999996e+00  -7.7054244544796211e-11  -9.5697465912144531e-12  -1.3048900657221448e-09   3.6847098939775541e-15
 -5.7999999999999989e+00  -7.7454692317996541e-11  -1.1756836595199433e-11  -1.3161252388582056e-09   1.5797343332992515e-15
 -5.7500000000000000e+00  -7.7897711422992365e-11  -1.4039083298631402e-11  -1.3280203587421915e-09  -9.4605843020112593e-16
 -5.6999999999999993e+00  -7.8385423529928285e-11  -1.6420729015598633e-11  -1.3406077474495736e-09  -3.9523034803611903e-15
 -5.6500000000000004e+00  -7.8920015424190522e-11  -1.8906148618163367e-11  -1.3539208289748802e-09  -7.5060153308956037e-15
 -5.5999999999999996e+00  -7.9503736336160070e-11  -2.1499843974757069e-11  -1.3679941096212731e-09  -1.1682435093139233e-14
 -5.5499999999999989e+00  -8.0138894501639316e-11  -2.4206436808648071e-11  -1.3828631493105717e-09  -1.6565970539543034e-14
 -5.5000000000000000e+00  -8.0827852868166773e-11  -2.7030659807978001e-11  -1.3985645227904161e-09  -2.2251239006604057e-14
 -5.4499999999999993e+00  -8.1573023857504695e-11  -2.9977345810496595e-11  -1.4151357696644746e-09  -2.8844224144487823e-14
 -5.4000000000000004e+00  -8.2376863089818653e-11  -3.3051414878444143e-11  -1.4326153321254123e-09  -3.6463558701147209e-14
 -5.3499999999999996e+00  -8.3241861970483291e-11  -3.6257859072113248e-11  -1.4510424792293407e-09  -4.5241946840160165e-14
 -5.2999999999999989e+00  -8.4170539036185985e-11  -3.9601724724835602e-11  -1.4704572165169192e-09  -5.5327740948750426e-14
 -5.2500000000000000e+00  -8.5165429953054554e-11  -4.3088092017510490e-11  -1.4909001797605668e-09  -6.6886689513443022e-14
 -5.1999999999999993e+00  -8.6229076055983240e-11  -4.6722051647574346e-11  -1.5124125116008381e-09  -8.0103874444927828e-14
 -5.1500000000000004e+00  -8.7364011315244882e-11  -5.0508678385722748e-11  -1.5350357198294834e-09  -9.5185858243230162e-14
 -5.0999999999999996e+00  -8.8572747613898877e-11  -5.4453001313916830e-11  -1.5588115160831921e-09  -1.1236306363448609e-13
 -5.0499999999999989e+00  -8.9857758217440953e-11  -5.8559970540353549e-11  -1.5837816337313107e-09  -1.3189241081005967e-13
 -5.0000000000000000e+00  -9.1221459315635712e-11  -6.2834420191358706e-11  -1.6099876237742705e-09  -1.5406024019000780e-13
 -4.9499999999999993e+00  -9.2666189515504534e-11  -6.7281027486656764e-11  -1.6374706276176498e-09  -1.7918555175260437e-13
 -4.9000000000000004e+00  -9.4194187164004796e-11  -7.1904267713319686e-11  -1.6662711256506386e-09  -2.0762359546199566e-13
 -4.8499999999999996e+00  -9.5807565378973289e-11  -7.6708364924946147e-11  -1.6964286606375581e-09  -2.3976985123499223e-13
 -4.7999999999999989e+00  -9.7508284667316636e-11  -8.1697238206257778e-11  -1.7279815350268958e-09  -2.7606444126958890e-13
 -4.7500000000000000e+00  -9.9298123010081384e-11  -8.6874443359256229e-11  -1.7609664813937187e-09  -3.1699702247482657e-13
 -4.6999999999999993e+00  -1.0117864329474503e-10  -9.2243109885251782e-11  -1.7954183053576156e-09  -3.6311221226469798e-13
 -4.6500000000000004e+00  -1.0315115797564602e-10  -9.7805873157338423e-11  -1.8313695004588151e-09  -4.1501560718946439e-13
 -4.5999999999999996e+00  -1.0521669084358906e-10  -1.0356480169991862e-10  -1.8688498346277534e-09  -4.7338046086883246e-13
 -4.5499999999999989e+00  -1.0737593578498755e-10  -1.0952131951536455e-10  -1.9078859080461633e-09  -5.3895509556957304e-13
 -4.5000000000000000e+00  -1.0962921240901760e-10  -1.1567612342243935e-10  -1.9485006823681459e-09  -6.1257113065702089e-13
 -4.4499999999999993e+00  -1.1197641841769007e-10  -1.2202909539624644e-10  -1.9907129814449394e-09  -6.9515262118577682e-13
 -4.4000000000000004e+00  -1.1441697858790291e-10  -1.2857920992463592e-10  -2.0345369638733783e-09  -7.8772621123987692e-13
 -4.3499999999999996e+00  -1.1694979022577746e-10  -1.3532443642057575e-10  -2.0799815678616284e-09  -8.9143241947122390e-13
 -4.2999999999999989e+00  -1.1957316494113816e-10  -1.4226163675327168e-10  -2.1270499290721531e-09  -1.0075381888284772e-12
 -4.2500000000000000e+00  -1.2228476657303215e-10  -1.4938645798211436e-10  -2.1757387722565440e-09  -1.1374508489598881e-12
 -4.1999999999999993e+00  -1.2508154507475146e-10  -1.5669322039606861e-10  -2.2260377776352523e-09  -1.2827336584916972e-12
 -4.1500000000000004e+00  -1.2795966613783501e-10  -1.6417480097612549e-10  -2.2779289230923009e-09  -1.4451231156497854e-12
 -4.0999999999999996e+00  -1.3091443629776097e-10  -1.7182251240909025e-10  -2.3313858033457111e-09  -1.6265482498741120e-12
 -4.0499999999999989e+00  -1.3394022321816908e-10  -1.7962597778657931e-10  -2.3863729273142946e-09  -1.8291521345969092e-12
 -4.0000000000000000e+00  -1.3703037079394572e-10  -1.8757300112293488e-10  -2.4428449949262881e-09  -2.0553158927024521e-12
 -3.9499999999999993e+00  -1.4017710864466371e-10  -1.9564943381922432e-10  -2.5007461546013693e-09  -2.3076855019162245e-12
 -3.9000000000000004e+00  -1.4337145548675162e-10  -2.0383903718705312e-10  -2.5600092425818338e-09  -2.5892017481243156e-12
 -3.8499999999999996e+00  -1.4660311577320688e-10  -2.1212334112526453e-10  -2.6205550051893552e-09  -2.9031337211324873e-12
 -3.7999999999999989e+00  -1.4986036887117017e-10  -2.2048149901456362e-10  -2.6822913049403071e-09  -3.2531163004761596e-12
 -3.7500000000000000e+00  -1.5312994990739936e-10  -2.2889013885980708e-10  -2.7451123112661145e-09  -3.6431921395443409e-12
 -3.6999999999999993e+00  -1.5639692124633617e-10  -2.3732321066753335e-10  -2.8088976763586890e-09  -4.0778587255705133e-12
 -3.6500000000000004e+00  -1.5964453337123300e-10  -2.4575182999803755e-10  -2.8735116964002023e-09  -4.5621211722076311e-12
 -3.5999999999999996e+00  -1.6285407371127594e-10  -2.5414411757819928e-10  -2.9388024581500337e-09  -5.1015514918384580e-12
 -3.5499999999999989e+00  -1.6600470169159324e-10  -2.6246503480511334e-10  -3.0046009705618452e-09  -5.7023551980463476e-12
 -3.5000000000000000e+00  -1.6907326797234778e-10  -2.7067621491383842e-10  -3.0707202808072327e-09  -6.3714462065380454e-12
 -3.4499999999999993e+00  -1.7203411548053181e-10  -2.7873578952859781e-10  -3.1369545738113231e-09  -7.1165311372079608e-12
 -3.4000000000000004e+00  -1.7485885941503529e-10  -2.8659821026992388e-10  -3.2030782541894236e-09  -7.9462042730862105e-12
 -3.3499999999999996e+00  -1.7751614291183961e-10  -2.9421406505625875e-10  -3.2688450093499997e-09  -8.8700546059044023e-12
 -3.2999999999999989e+00  -1.7997136447964100e-10  -3.0152988872473619e-10  -3.3339868525460737e-09  -9.8987865953542905e-12
 -3.2500000000000000e+00  -1.8218637264235759e-10  -3.0848796761179054e-10  -3.3982131448766432e-09  -1.1044356492263250e-11
 -3.1999999999999993e+00  -1.8411912243658580e-10  -3.1502613779201968e-10  -3.4612095957410974e-09  -1.2320126327259200e-11
 -3.1500000000000004e+00  -1.8572328748861248e-10  -3.2107757678901288e-10  -3.5226372421342189e-09  -1.3741037948182457e-11
 -3.0999999999999996e+00  -1.8694782031265664e-10  -3.2657058876470371e-10  -3.5821314085665723e-09  -1.5323809803119858e-11
 -3.0499999999999989e+00  -1.8773645220067785e-10  -3.3142838349001535e-10  -3.6393006514710851e-09  -1.7087159512122788e-11
 -3.0000000000000000e+00  -1.8802712258018622e-10  -3.3556884983232052e-10  -3.6937256949241626e-09  -1.9052055648480224e-11
 -2.9499999999999993e+00  -1.8775132595983725e-10  -3.3890432510728431e-10  -3.7449583686423123e-09  -2.1242002556430783e-11
 -2.9000000000000004e+00  -1.8683336251635155e-10  -3.4134136248914041e-10  -3.7925205648648085e-09  -2.3683362459236783e-11
 -2.8499999999999996e+00  -1.8518947594623845e-10  -3.4278049982544833e-10  -3.8359032383519910e-09  -2.6405719546855326e-11
 -2.7999999999999989e+00  -1.8272685935007654e-10  -3.4311603475167792e-10  -3.8745654839004253e-09  -2.9442291155116387e-11
 -2.7500000000000000e+00  -1.7934250656638311e-10  -3.4223581306597771e-10  -3.9079337392511218e-09  -3.2830391525680851e-11
 -2.6999999999999993e+00  -1.7492188245069785e-10  -3.4002104005786595e-10  -3.9354011790114945e-09  -3.6611953918596394e-11
 -2.6500000000000004e+00  -1.6933738102408524e-10  -3.3634612808286858e-10  -3.9563273884672768e-09  -4.0834116963631616e-11
 -2.5999999999999996e+00  -1.6244653511618655e-10  -3.3107859839091221e-10  -3.9700384365201291e-09  -4.5549880975779217e-11
 -2.5499999999999989e+00  -1.5408993503470160e-10  -3.2407906137299862e-10  -3.9758275064863921e-09  -5.0818839370396060e-11
 -2.5000000000000000e+00  -1.4408880686644549e-10  -3.1520130740102137e-10  -3.9729562947252293e-09  -5.6707989075039977e-11
 -2.4499999999999993e+00  -1.3224219326906037e-10  -3.0429255082287625e-10  -3.9606574533117217e-09  -6.3292621638514637e-11
 -2.4000000000000004e+00  -1.1832367115681402e-10  -2.9119388309796983e-10  -3.9381384383525092e-09  -7.0657293149422306e-11
 -2.3499999999999996e+00  -1.0207753179037087e-10  -2.7574100833729792e-10  -3.9045872351743087e-09  -7.8896865494610360e-11
 -2.2999999999999989e+00  -8.3214339985764209e-11  -2.5776535665479065e-10  -3.8591805717565050e-09  -8.8117603083263375e-11
 -2.2500000000000000e+00  -6.1405781422720492e-11  -2.3709569895472015e-10  -3.8010954099171786e-09  -9.8438296804140178e-11
 -2.1999999999999993e+00  -3.6278701983462685e-11  -2.1356042248987159e-10  -3.7295247285801688e-09  -1.0999136914580477e-10
 -2.1500000000000004e+00  -7.4082433474787380e-12  -1.8699067130807765e-10  -3.6436988945251486e-09  -1.2292388906198239e-10
 -2.0999999999999996e+00   2.5690011061229774e-11  -1.5722461119535748e-10  -3.5429142630359953e-09  -1.3739838965093443e-10
 -2.0500000000000007e+00   6.3568939617115713e-11  -1.2411314637068674e-10  -3.4265710719626495e-09  -1.5359333264826064e-10
 -2.0000000000000000e+00   1.0685984295862312e-10  -8.7527495794063379e-11  -3.2942231914214253e-09  -1.7170299692151393e-10
 -1.9499999999999993e+00   1.5628337468380144e-10  -4.7369129857514439e-11  -3.1456428611233777e-09  -1.9193647869651488e-10
 -1.9000000000000004e+00   2.1266119688689184e-10  -3.5826699288855352e-12  -2.9809041623095551e-09  -2.1451537386982975e-10
 -1.8499999999999996e+00   2.7692785851467037e-10   4.3827544912574839e-11  -2.8004895714764778e-09  -2.3966956273725249e-10
 -1.8000000000000007e+00   3.5014199239967646e-10   9.4776434854610818e-11  -2.6054244110890928e-09  -2.6763033247224987e-10
 -1.7500000000000000e+00   4.3349531358168848e-10   1.4907187456146832e-10  -2.3974441389337636e-09  -2.9861985632035259e-10
 -1.6999999999999993e+00   5.2831699071574080e-10   2.0638234583761089e-10  -2.1791988528211368e-09  -3.3283581635847363e-10
 -1.6500000000000004e+00   6.3606964835818436e-10   2.6619803671315035e-10  -1.9544975783902666e-09  -3.7042974634225138e-10
 -1.5999999999999996e+00   7.5833142845130755e-10   3.2778543671721361e-10  -1.7285910312555981e-09  -4.1147755690132176e-10
 -1.5500000000000007e+00   8.9675611114991707e-10   3.9013652625471645e-10  -1.5084844577487001e-09  -4.5594081800483722e-10
 -1.5000000000000000e+00   1.0530002933123302e-09   4.5191541668674320e-10  -1.3032604293311626e-09  -5.0361792253089805e-10
 -1.4499999999999993e+00   1.2286033332594486e-09   5.1140800426633360e-10  -1.1243735998218756e-09  -5.5408554127016993e-10
 -1.4000000000000004e+00   1.4248029961246890e-09   5.6648401492896772e-10  -9.8585448972641436e-10  -6.0663317836363833e-10
 -1.3499999999999996e+00   1.6422691629154313e-09   6.1458562762181150e-10  -9.0432821418373903e-10  -6.6019749956906329e-10
 -1.3000000000000007e+00   1.8807425564429659e-09   6.5276196559755423e-10  -8.9872154488894586e-10  -7.1330852994074932e-10
 -1.2500000000000000e+00   2.1385795123293526e-09   6.7777240426754986e-10  -9.8950939143596610e-10  -7.6406621729316967e-10
 -1.1999999999999993e+00   2.4122322099771716e-09   6.8628074887393325e-10  -1.1973603896654780e-09  -8.1017139833867550e-10
 -1.1500000000000004e+00   2.6957390201508101e-09   6.7515260412199722e-10  -1.5411092551397242e-09  -8.4903638416830311e-10
 -1.1000000000000014e+00   2.9803566920001403e-09   6.4184576968225510e-10  -2.0351370600713296e-09  -8.7799243308815180e-10
 -1.0500000000000007e+00   3.2545160655372660e-09   5.8484811074016313e-10  -2.6864803254467091e-09  -8.9459034118749839e-10
 -1.0000000000000000e+00   3.5042911279508242e-09   5.0407718842917148e-10  -3.4922597526873891e-09  -8.9695705215978105e-10
 -9.4999999999999929e-01   3.7144980821825120e-09   4.0112931688235287e-10  -4.4381921431325048e-09  -8.8413514425516314e-10
 -8.9999999999999858e-01   3.8703706561632491e-09   2.7927530471839558e-10  -5.4988670294490616e-09  -8.5631147580198466e-10
 -8.5000000000000142e-01   3.9595302633893422e-09   1.4315778733226431e-10  -6.6400545257899275e-09  -8.1485464062418700e-10
 -8.0000000000000071e-01   3.9737865797122857e-09  -1.7636892561155310e-12  -7.8226745751556026e-09  -7.6213270491180434e-10
 -7.5000000000000000e-01   3.9102809496497835e-09  -1.4988913094947439e-10  -9.0074910970108325e-09  -7.0115420768898325e-10
 -6.9999999999999929e-01   3.7716674228403266e-09  -2.9611062857453913e-10  -1.0159391826569549e-08  -6.3513203283554226e-10
 -6.4999999999999858e-01   3.5653397550575013e-09  -4.3626636227128276e-10  -1.1250363506814992e-08  -5.6708350552185695e-10
 -6.0000000000000142e-01   3.3020023518913252e-09  -5.6735644836089974e-10  -1.2260801854507225e-08  -4.9954874355942328e-10
 -5.5000000000000071e-01   2.9940179976953476e-09  -6.8753908794988710e-10  -1.3179322024825118e-08  -4.3445555155048098e-10
 -5.0000000000000000e-01   2.6539184738700090e-09  -7.9597453296413763e-10  -1.4001552164443739e-08  -3.7311176906446503e-10
 -4.4999999999999929e-01   2.2933062540320252e-09  -8.9259601621119873e-10  -1.4728457185182536e-08  -3.1628154839695778e-10
 -3.9999999999999858e-01   1.9222050744999898e-09  -9.7787179248983470e-10  -1.5364630330772917e-08  -2.6430034216459360e-10
 -3.5000000000000142e-01   1.5487991642882756e-09  -1.0525973735088546e-09  -1.5916816625085043e-08  -2.1719473961546353e-10
 -3.0000000000000071e-01   1.1794498541474611e-09  -1.1177341832869918e-09  -1.6392775094479770e-08  -1.7478770800617862e-10
 -2.5000000000000000e-01   8.1887666098568877e-10  -1.1742954987260235e-09  -1.6800481481799192e-08  -1.3678150082330096e-10
 -1.9999999999999929e-01   4.7041283593751570e-10  -1.2232727438227443e-09  -1.7147620867446167e-08  -1.0281784625282221e-10
 -1.4999999999999858e-01   1.3627516138655689e-10  -1.2655924518026542e-09  -1.7441298463235598e-08  -7.2518648494523034e-11
 -1.0000000000000142e-01  -1.8218572803938689e-10  -1.3020943835157365e-09  -1.7687895180071574e-08  -4.5511648540743245e-11
 -5.0000000000000711e-02  -4.8427253631198780e-10  -1.3335241580214887e-09  -1.7893032882659560e-08  -2.1445629605451480e-11
  0.0000000000000000e+00  -7.6976852965785865e-10  -1.3605356370064416e-09  -1.8061641542199807e-08   0.0000000000000000e+00
