# ZND solution.
# Columns are: spatial coordinate; specific volume; density;
# flow velocity in lab frame; pressure; reaction progress variable.
 -4.1500000000000004e+00   5.5721746169784858e-01   1.7946314836455186e+00   3.0151164610293830e+00   2.1531359046879963e+01   9.9999999999900002e-01
 -4.1000000000000005e+00   5.5721746169784858e-01   1.7946314836455186e+00   3.0151164610293830e+00   2.1531359046879963e+01   9.9999999999900002e-01
 -4.0500000000000007e+00   5.5721746169784858e-01   1.7946314836455186e+00   3.0151164610293830e+00   2.1531359046879963e+01   9.9999999999900002e-01
 -4.0000000000000000e+00   5.5721746169784858e-01   1.7946314836455186e+00   3.0151164610293830e+00   2.1531359046879963e+01   9.9999999999900002e-01
 -3.9500000000000002e+00   5.5721746169784858e-01   1.7946314836455186e+00   3.0151164610293830e+00   2.1531359046879963e+01   9.9999999999900002e-01
 -3.9000000000000004e+00   5.5721746169784858e-01   1.7946314836455186e+00   3.0151164610293830e+00   2.1531359046879963e+01   9.9999999999900002e-01
 -3.8500000000000005e+00   5.5721746169784858e-01   1.7946314836455186e+00   3.0151164610293830e+00   2.1531359046879963e+01   9.9999999999900002e-01
 -3.8000000000000003e+00   5.5721746169784858e-01   1.7946314836455186e+00   3.0151164610293830e+00   2.1531359046879963e+01   9.9999999999900002e-01
 -3.7500000000000004e+00   5.5721746169784858e-01   1.7946314836455186e+00   3.0151164610293830e+00   2.1531359046879963e+01   9.9999999999900002e-01
 -3.7000000000000002e+00   5.5721746169784858e-01   1.7946314836455186e+00   3.0151164610293830e+00   2.1531359046879963e+01   9.9999999999900002e-01
 -3.6500000000000004e+00   5.5721736860643889e-01   1.7946317834652732e+00   3.0151170949329753e+00   2.1531363363430394e+01   9.9999999999853484e-01
 -3.6000000000000005e+00   5.5721721897115395e-01   1.7946322653962494e+00   3.0151181138706518e+00   2.1531370301860651e+01   9.9999999999760303e-01
 -3.5500000000000003e+00   5.5721702767748327e-01   1.7946328814969366e+00   3.0151194164800494e+00   2.1531379171946295e+01   9.9999999999607858e-01
 -3.5000000000000004e+00   5.5721678300031086e-01   1.7946336695308083e+00   3.0151210826030472e+00   2.1531390517368582e+01   9.9999999999358447e-01
 -3.4500000000000002e+00   5.5721647001688268e-01   1.7946346775602340e+00   3.0151232138557611e+00   2.1531405030079863e+01   9.9999999998950417e-01
 -3.4000000000000004e+00   5.5721606968228565e-01   1.7946359669242518e+00   3.0151259399240429e+00   2.1531423593172669e+01   9.9999999998282874e-01
 -3.3500000000000005e+00   5.5721555766895026e-01   1.7946376159764625e+00   3.0151294264658604e+00   2.1531447334690718e+01   9.9999999997190803e-01
 -3.3000000000000003e+00   5.5721490279520347e-01   1.7946397251466477e+00   3.0151338858120247e+00   2.1531477700495291e+01   9.9999999995404232e-01
 -3.2500000000000004e+00   5.5721406514617133e-01   1.7946424229935307e+00   3.0151395897618576e+00   2.1531516541396964e+01   9.9999999992481414e-01
 -3.2000000000000002e+00   5.5721299374896893e-01   1.7946458736935196e+00   3.0151468854139254e+00   2.1531566220954630e+01   9.9999999987699706e-01
 -3.1500000000000004e+00   5.5721162336600116e-01   1.7946502873705417e+00   3.0151562170019774e+00   2.1531629764166723e+01   9.9999999979876830e-01
 -3.1000000000000005e+00   5.5720987054556770e-01   1.7946559328191614e+00   3.0151681527882497e+00   2.1531711040600531e+01   9.9999999967078579e-01
 -3.0500000000000003e+00   5.5720762857077522e-01   1.7946631537780218e+00   3.0151834194587193e+00   2.1531814998605771e+01   9.9999999946140528e-01
 -3.0000000000000000e+00   5.5720476092079529e-01   1.7946723899980217e+00   3.0152029466485044e+00   2.1531947968509204e+01   9.9999999911885540e-01
 -2.9500000000000002e+00   5.5720109296753328e-01   1.7946842039993405e+00   3.0152279234831849e+00   2.1532118047631290e+01   9.9999999855843402e-01
 -2.9000000000000004e+00   5.5719640133302739e-01   1.7946993153717732e+00   3.0152598710493246e+00   2.1532335593772395e+01   9.9999999764156000e-01
 -2.8500000000000005e+00   5.5719040027006694e-01   1.7947186446774852e+00   3.0153007351353045e+00   2.1532613856729142e+01   9.9999999614149626e-01
 -2.8000000000000003e+00   5.5718272424824111e-01   1.7947433695996484e+00   3.0153530048111845e+00   2.1532969785760947e+01   9.9999999368726122e-01
 -2.7500000000000000e+00   5.5717290564492084e-01   1.7947749968970803e+00   3.0154198643413928e+00   2.1533425064035651e+01   9.9999998967184311e-01
 -2.7000000000000002e+00   5.5716034621063815e-01   1.7948154544759067e+00   3.0155053874905038e+00   2.1534007431749771e+01   9.9999998310198634e-01
 -2.6500000000000004e+00   5.5714428051847142e-01   1.7948672093867906e+00   3.0156147864137210e+00   2.1534752380941935e+01   9.9999997235233229e-01
 -2.6000000000000005e+00   5.5712372917508279e-01   1.7949334189744017e+00   3.0157547302651317e+00   2.1535705325047694e+01   9.9999995476296266e-01
 -2.5500000000000003e+00   5.5709743887306795e-01   1.7950181246980124e+00   3.0159337534097079e+00   2.1536924378608809e+01   9.9999992598049281e-01
 -2.5000000000000000e+00   5.5706380556415713e-01   1.7951265007915325e+00   3.0161627785734479e+00   2.1538483919650854e+01   9.9999987887907504e-01
 -2.4500000000000002e+00   5.5702077594599486e-01   1.7952651735506424e+00   3.0164557876666485e+00   2.1540479157637265e+01   9.9999980179300774e-01
 -2.4000000000000004e+00   5.5696572105507347e-01   1.7954426317398422e+00   3.0168306825496169e+00   2.1543031994831630e+01   9.9999967562076564e-01
 -2.3500000000000005e+00   5.5689527391482108e-01   1.7956697548719962e+00   3.0173103905638983e+00   2.1546298554384531e+01   9.9999946907769688e-01
 -2.3000000000000003e+00   5.5680512079511979e-01   1.7959604943503327e+00   3.0179242859452899e+00   2.1550478859409388e+01   9.9999913090953052e-01
 -2.2500000000000000e+00   5.5668973243441522e-01   1.7963327536633023e+00   3.0187100200600669e+00   2.1555829295929627e+01   9.9999857711187756e-01
 -2.2000000000000002e+00   5.5654201733329822e-01   1.7968095289400703e+00   3.0197158822935424e+00   2.1562678689289420e+01   9.9999766993359307e-01
 -2.1500000000000004e+00   5.5635287349762386e-01   1.7974203920495631e+00   3.0210038524439251e+00   2.1571449089352228e+01   9.9999618334202334e-01
 -2.1000000000000001e+00   5.5611060721658978e-01   1.7982034275611785e+00   3.0226535585382512e+00   2.1582682721147950e+01   9.9999374613695102e-01
 -2.0500000000000003e+00   5.5580017670630544e-01   1.7992077763019811e+00   3.0247674272223080e+00   2.1597077056322490e+01   9.9998974807064911e-01
 -2.0000000000000004e+00   5.5540220340089130e-01   1.8004969981694445e+00   3.0274774163488116e+00   2.1615530658526097e+01   9.9998318454548851e-01
 -1.9500000000000002e+00   5.5489167228218783e-01   1.8021535552825061e+00   3.0309538650492800e+00   2.1639203447753285e+01   9.9997239892290291e-01
 -1.9000000000000004e+00   5.5423621169424842e-01   1.8042848498532660e+00   3.0354172072936016e+00   2.1669596463529530e+01   9.9995465329951316e-01
 -1.8500000000000001e+00   5.5339379751833762e-01   1.8070314565946384e+00   3.0411536052521408e+00   2.1708658319893892e+01   9.9992541011039981e-01
 -1.8000000000000003e+00   5.5230965824525791e-01   1.8105785134685102e+00   3.0485360241272059e+00   2.1758928713929244e+01   9.9987712243821125e-01
 -1.7500000000000000e+00   5.5091205310299152e-01   1.8151717581191724e+00   3.0580529808857650e+00   2.1823734189528320e+01   9.9979718159571696e-01
 -1.7000000000000002e+00   5.4910643320828045e-01   1.8211405649671055e+00   3.0703483037496277e+00   2.1907458878633392e+01   9.9966440215112939e-01
 -1.6500000000000004e+00   5.4676723977473152e-01   1.8289318145907949e+00   3.0862769820892697e+00   2.2015924809671361e+01   9.9944293262095840e-01
 -1.6000000000000001e+00   5.4372618469799727e-01   1.8391610118159596e+00   3.1069849694817209e+00   2.2156935324451780e+01   9.9907155854455165e-01
 -1.5500000000000003e+00   5.3975520276939581e-01   1.8526917292675704e+00   3.1340252701794102e+00   2.2341065566031347e+01   9.9844459758191872e-01
 -1.5000000000000000e+00   5.3454122050184782e-01   1.8707631173161194e+00   3.1695297501498279e+00   2.2582832421629529e+01   9.9737711654384353e-01
 -1.4500000000000002e+00   5.2764828871079139e-01   1.8952018255253145e+00   3.2164669943050721e+00   2.2902450394891293e+01   9.9554024233449501e-01
 -1.4000000000000004e+00   5.1846047002714390e-01   1.9287873575928463e+00   3.2790312125333778e+00   2.3328479851642079e+01   9.9233821536297262e-01
 -1.3500000000000001e+00   5.0609717911946628e-01   1.9759051052998380e+00   3.3632187283084383e+00   2.3901752604447296e+01   9.8667049835015641e-01
 -1.3000000000000003e+00   4.8929694080874669e-01   2.0437487271985084e+00   3.4776195248576931e+00   2.4680761926163484e+01   9.7646969394953897e-01
 -1.2500000000000000e+00   4.6629816247248218e-01   2.1445505911874858e+00   3.6342291224518903e+00   2.5747191007743996e+01   9.5783653567857963e-01
 -1.2000000000000002e+00   4.3488221492742790e-01   2.2994732037199488e+00   3.8481552202269809e+00   2.7203915343167779e+01   9.2366455422245142e-01
 -1.1500000000000004e+00   3.9315245676928440e-01   2.5435425438199282e+00   4.1323129497071234e+00   2.9138880192887441e+01   8.6270517952616765e-01
 -1.1000000000000001e+00   3.4212104862030007e-01   2.9229420523314276e+00   4.4798100288139668e+00   3.1505152736949917e+01   7.6401303116058661e-01
 -1.0500000000000003e+00   2.8903316192249384e-01   3.4598106090959786e+00   4.8413106464254732e+00   3.3966782021185509e+01   6.3315041627806024e-01
 -1.0000000000000000e+00   2.4412368218562203e-01   4.0962842729843780e+00   5.1471206093253805e+00   3.6049187205052746e+01   5.0000000000392086e-01
 -9.5000000000000018e-01   2.1161721639622233e-01   4.7255134389805322e+00   5.3684725634185337e+00   3.7556477720677947e+01   3.9078709497581010e-01
 -9.0000000000000036e-01   1.8935010835842545e-01   5.2812222219967024e+00   5.5200998706780329e+00   3.8588980022626686e+01   3.0975473121712033e-01
 -8.5000000000000009e-01   1.7388967874581940e-01   5.7507726002630370e+00   5.6253772738888719e+00   3.9305863828868432e+01   2.5051750224194824e-01
 -8.0000000000000027e-01   1.6273789496150681e-01   6.1448502835589389e+00   5.7013150626437135e+00   3.9822960274827771e+01   2.0627529609006745e-01
 -7.5000000000000000e-01   1.5436039936700482e-01   6.4783455089567106e+00   5.7583614063546475e+00   4.0211415905042806e+01   1.7220496894690737e-01
 -7.0000000000000018e-01   1.4783631011135578e-01   6.7642380904039268e+00   5.8027870266226920e+00   4.0513931039165406e+01   1.4517636073243489e-01
 -6.5000000000000036e-01   1.4260000660087641e-01   7.0126223962871412e+00   5.8384435025305530e+00   4.0756732907243432e+01   1.2316881296991228e-01
 -6.0000000000000009e-01   1.3829134160653100e-01   7.2311106999396815e+00   5.8677832474972957e+00   4.0956521156235446e+01   1.0485025025923880e-01
 -5.5000000000000027e-01   1.3467229968826733e-01   7.4254319731284735e+00   5.8924270216234245e+00   4.1124332310926640e+01   8.9317324487887179e-02
 -5.0000000000000000e-01   1.3158004289406955e-01   7.5999367229653867e+00   5.9134836658119383e+00   4.1267716995314316e+01   7.5939507438013643e-02
 -4.5000000000000018e-01   1.2889966621798418e-01   7.7579719896937887e+00   5.9317356227857010e+00   4.1392003233268980e+01   6.4264658424320525e-02
 -4.0000000000000036e-01   1.2654784723501272e-01   7.9021494387248987e+00   5.9477502744838215e+00   4.1501054597710336e+01   5.3960535400773647e-02
 -3.5000000000000009e-01   1.2446270166131992e-01   8.0345355407850381e+00   5.9619490203670518e+00   4.1597740597575317e+01   4.4777610596769171e-02
 -3.0000000000000027e-01   1.2259729036049959e-01   8.1567871284877640e+00   5.9746514912938871e+00   4.1684237751085725e+01   3.6524801285602981e-02
 -2.5000000000000000e-01   1.2091534352689116e-01   8.2702490091971121e+00   5.9861046655857972e+00   4.1762227850855680e+01   2.9053228900509237e-02
 -2.0000000000000018e-01   1.1938837145003016e-01   8.3760251342279908e+00   5.9965025432033974e+00   4.1833031934695136e+01   2.2245095472588166e-02
 -1.5000000000000036e-01   1.1799366628374104e-01   8.4750311732435346e+00   6.0059997526491129e+00   4.1897702941468395e+01   1.6005900930556601e-02
 -1.0000000000000053e-01   1.1671289074014665e-01   8.5680338620558398e+00   6.0147211612195202e+00   4.1957091151863580e+01   1.0258890880767086e-02
 -4.9999999999999822e-02   1.1553106223373287e-01   8.6556808244079235e+00   6.0227687924505657e+00   4.2011891292560321e+01   4.9410247192712090e-03
  0.0000000000000000e+00   1.1443580900050836e-01   8.7385234458870968e+00   6.0302268915552721e+00   4.2062677029199385e+01   0.0000000000000000e+00
