# ZND solution.
# Columns are: spatial coordinate; specific volume; density;
# flow velocity in lab frame; pressure; reaction progress variable.
 -4.0187499999999998e+00   5.5721746169784858e-01   1.7946314836455186e+00   3.0151164610293830e+00   2.1531359046879963e+01   9.9999999999900002e-01
 -4.0125000000000002e+00   5.5721746169784858e-01   1.7946314836455186e+00   3.0151164610293830e+00   2.1531359046879963e+01   9.9999999999900002e-01
 -4.0062499999999996e+00   5.5721746169784858e-01   1.7946314836455186e+00   3.0151164610293830e+00   2.1531359046879963e+01   9.9999999999900002e-01
 -4.0000000000000000e+00   5.5721746169784858e-01   1.7946314836455186e+00   3.0151164610293830e+00   2.1531359046879963e+01   9.9999999999900002e-01
 -3.9937499999999999e+00   5.5721746169784858e-01   1.7946314836455186e+00   3.0151164610293830e+00   2.1531359046879963e+01   9.9999999999900002e-01
 -3.9874999999999998e+00   5.5721746169784858e-01   1.7946314836455186e+00   3.0151164610293830e+00   2.1531359046879963e+01   9.9999999999900002e-01
 -3.9812499999999997e+00   5.5721746169784858e-01   1.7946314836455186e+00   3.0151164610293830e+00   2.1531359046879963e+01   9.9999999999900002e-01
 -3.9749999999999996e+00   5.5721746169784858e-01   1.7946314836455186e+00   3.0151164610293830e+00   2.1531359046879963e+01   9.9999999999900002e-01
 -3.9687500000000000e+00   5.5721746169784858e-01   1.7946314836455186e+00   3.0151164610293830e+00   2.1531359046879963e+01   9.9999999999900002e-01
 -3.9624999999999999e+00   5.5721746169784858e-01   1.7946314836455186e+00   3.0151164610293830e+00   2.1531359046879963e+01   9.9999999999900002e-01
 -3.9562499999999998e+00   5.5721746169784858e-01   1.7946314836455186e+00   3.0151164610293830e+00   2.1531359046879963e+01   9.9999999999900002e-01
 -3.9499999999999997e+00   5.5721746169784858e-01   1.7946314836455186e+00   3.0151164610293830e+00   2.1531359046879963e+01   9.9999999999900002e-01
 -3.9437499999999996e+00   5.5721746169784858e-01   1.7946314836455186e+00   3.0151164610293830e+00   2.1531359046879963e+01   9.9999999999900002e-01
 -3.9375000000000000e+00   5.5721746169784858e-01   1.7946314836455186e+00   3.0151164610293830e+00   2.1531359046879963e+01   9.9999999999900002e-01
 -3.9312499999999999e+00   5.5721746169784858e-01   1.7946314836455186e+00   3.0151164610293830e+00   2.1531359046879963e+01   9.9999999999900002e-01
 -3.9249999999999998e+00   5.5721746169784858e-01   1.7946314836455186e+00   3.0151164610293830e+00   2.1531359046879963e+01   9.9999999999900002e-01
 -3.9187499999999997e+00   5.5721746169784858e-01   1.7946314836455186e+00   3.0151164610293830e+00   2.1531359046879963e+01   9.9999999999900002e-01
 -3.9124999999999996e+00   5.5721746169784858e-01   1.7946314836455186e+00   3.0151164610293830e+00   2.1531359046879963e+01   9.9999999999900002e-01
 -3.9062500000000000e+00   5.5721746169784858e-01   1.7946314836455186e+00   3.0151164610293830e+00   2.1531359046879963e+01   9.9999999999900002e-01
 -3.8999999999999999e+00   5.5721746169784858e-01   1.7946314836455186e+00   3.0151164610293830e+00   2.1531359046879963e+01   9.9999999999900002e-01
 -3.8937499999999998e+00   5.5721746169784858e-01   1.7946314836455186e+00   3.0151164610293830e+00   2.1531359046879963e+01   9.9999999999900002e-01
 -3.8874999999999997e+00   5.5721746169784858e-01   1.7946314836455186e+00   3.0151164610293830e+00   2.1531359046879963e+01   9.9999999999900002e-01
 -3.8812499999999996e+00   5.5721746169784858e-01   1.7946314836455186e+00   3.0151164610293830e+00   2.1531359046879963e+01   9.9999999999900002e-01
 -3.8750000000000000e+00   5.5721746169784858e-01   1.7946314836455186e+00   3.0151164610293830e+00   2.1531359046879963e+01   9.9999999999900002e-01
 -3.8687499999999999e+00   5.5721746169784858e-01   1.7946314836455186e+00   3.0151164610293830e+00   2.1531359046879963e+01   9.9999999999900002e-01
 -3.8624999999999998e+00   5.5721746169784858e-01   1.7946314836455186e+00   3.0151164610293830e+00   2.1531359046879963e+01   9.9999999999900002e-01
 -3.8562499999999997e+00   5.5721746169784858e-01   1.7946314836455186e+00   3.0151164610293830e+00   2.1531359046879963e+01   9.9999999999900002e-01
 -3.8499999999999996e+00   5.5721746169784858e-01   1.7946314836455186e+00   3.0151164610293830e+00   2.1531359046879963e+01   9.9999999999900002e-01
 -3.8437500000000000e+00   5.5721746169784858e-01   1.7946314836455186e+00   3.0151164610293830e+00   2.1531359046879963e+01   9.9999999999900002e-01
 -3.8374999999999999e+00   5.5721746169784858e-01   1.7946314836455186e+00   3.0151164610293830e+00   2.1531359046879963e+01   9.9999999999900002e-01
 -3.8312499999999998e+00   5.5721746169784858e-01   1.7946314836455186e+00   3.0151164610293830e+00   2.1531359046879963e+01   9.9999999999900002e-01
 -3.8249999999999997e+00   5.5721746169784858e-01   1.7946314836455186e+00   3.0151164610293830e+00   2.1531359046879963e+01   9.9999999999900002e-01
 -3.8187499999999996e+00   5.5721746169784858e-01   1.7946314836455186e+00   3.0151164610293830e+00   2.1531359046879963e+01   9.9999999999900002e-01
 -3.8125000000000000e+00   5.5721746169784858e-01   1.7946314836455186e+00   3.0151164610293830e+00   2.1531359046879963e+01   9.9999999999900002e-01
 -3.8062499999999999e+00   5.5721746169784858e-01   1.7946314836455186e+00   3.0151164610293830e+00   2.1531359046879963e+01   9.9999999999900002e-01
 -3.7999999999999998e+00   5.5721746169784858e-01   1.7946314836455186e+00   3.0151164610293830e+00   2.1531359046879963e+01   9.9999999999900002e-01
 -3.7937499999999997e+00   5.5721746169784858e-01   1.7946314836455186e+00   3.0151164610293830e+00   2.1531359046879963e+01   9.9999999999900002e-01
 -3.7874999999999996e+00   5.5721746169784858e-01   1.7946314836455186e+00   3.0151164610293830e+00   2.1531359046879963e+01   9.9999999999900002e-01
 -3.7812500000000000e+00   5.5721746169784858e-01   1.7946314836455186e+00   3.0151164610293830e+00   2.1531359046879963e+01   9.9999999999900002e-01
 -3.7749999999999999e+00   5.5721746169784858e-01   1.7946314836455186e+00   3.0151164610293830e+00   2.1531359046879963e+01   9.9999999999900002e-01
 -3.7687499999999998e+00   5.5721746169784858e-01   1.7946314836455186e+00   3.0151164610293830e+00   2.1531359046879963e+01   9.9999999999900002e-01
 -3.7624999999999997e+00   5.5721746169784858e-01   1.7946314836455186e+00   3.0151164610293830e+00   2.1531359046879963e+01   9.9999999999900002e-01
 -3.7562499999999996e+00   5.5721746169784858e-01   1.7946314836455186e+00   3.0151164610293830e+00   2.1531359046879963e+01   9.9999999999900002e-01
 -3.7500000000000000e+00   5.5721746169784858e-01   1.7946314836455186e+00   3.0151164610293830e+00   2.1531359046879963e+01   9.9999999999900002e-01
 -3.7437499999999999e+00   5.5721746169784858e-01   1.7946314836455186e+00   3.0151164610293830e+00   2.1531359046879963e+01   9.9999999999900002e-01
 -3.7374999999999998e+00   5.5721746169784858e-01   1.7946314836455186e+00   3.0151164610293830e+00   2.1531359046879963e+01   9.9999999999900002e-01
 -3.7312499999999997e+00   5.5721746169784858e-01   1.7946314836455186e+00   3.0151164610293830e+00   2.1531359046879963e+01   9.9999999999900002e-01
 -3.7249999999999996e+00   5.5721746169784858e-01   1.7946314836455186e+00   3.0151164610293830e+00   2.1531359046879963e+01   9.9999999999900002e-01
 -3.7187500000000000e+00   5.5721746169784858e-01   1.7946314836455186e+00   3.0151164610293830e+00   2.1531359046879963e+01   9.9999999999900002e-01
 -3.7124999999999999e+00   5.5721746169784858e-01   1.7946314836455186e+00   3.0151164610293830e+00   2.1531359046879963e+01   9.9999999999900002e-01
 -3.7062499999999998e+00   5.5721746169784858e-01   1.7946314836455186e+00   3.0151164610293830e+00   2.1531359046879963e+01   9.9999999999900002e-01
 -3.6999999999999997e+00   5.5721746169784858e-01   1.7946314836455186e+00   3.0151164610293830e+00   2.1531359046879963e+01   9.9999999999900002e-01
 -3.6937499999999996e+00   5.5721746169784858e-01   1.7946314836455186e+00   3.0151164610293830e+00   2.1531359046879963e+01   9.9999999999900002e-01
 -3.6875000000000000e+00   5.5721745894279673e-01   1.7946314925187201e+00   3.0151164797898384e+00   2.1531359174628811e+01   9.9999999999898725e-01
 -3.6812499999999999e+00   5.5721744504019022e-01   1.7946315372948767e+00   3.0151165744592849e+00   2.1531359819278006e+01   9.9999999999892308e-01
 -3.6749999999999998e+00   5.5721743067225871e-01   1.7946315835697086e+00   3.0151166722973501e+00   2.1531360485503825e+01   9.9999999999885480e-01
 -3.6687499999999997e+00   5.5721741588004958e-01   1.7946316312110151e+00   3.0151167730245230e+00   2.1531361171402953e+01   9.9999999999878220e-01
 -3.6624999999999996e+00   5.5721740059830893e-01   1.7946316804289597e+00   3.0151168770851480e+00   2.1531361880001143e+01   9.9999999999870481e-01
 -3.6562500000000000e+00   5.5721738480389049e-01   1.7946317312980899e+00   3.0151169846368395e+00   2.1531362612371655e+01   9.9999999999862255e-01
 -3.6499999999999999e+00   5.5721736863860249e-01   1.7946317833616838e+00   3.0151170947139581e+00   2.1531363361939004e+01   9.9999999999853528e-01
 -3.6437499999999998e+00   5.5721735188543298e-01   1.7946318373186727e+00   3.0151172087942411e+00   2.1531364138765795e+01   9.9999999999844225e-01
 -3.6374999999999997e+00   5.5721733462646883e-01   1.7946318929046796e+00   3.0151173263187196e+00   2.1531364939045748e+01   9.9999999999834333e-01
 -3.6312499999999996e+00   5.5721731678895770e-01   1.7946319503540182e+00   3.0151174477827989e+00   2.1531365766152316e+01   9.9999999999823819e-01
 -3.6250000000000000e+00   5.5721729839554190e-01   1.7946320095937651e+00   3.0151175730322972e+00   2.1531366619035598e+01   9.9999999999812639e-01
 -3.6187499999999999e+00   5.5721727949529898e-01   1.7946320704658560e+00   3.0151177017330220e+00   2.1531367495419918e+01   9.9999999999800759e-01
 -3.6124999999999998e+00   5.5721725999909755e-01   1.7946321332573574e+00   3.0151178344919107e+00   2.1531368399438204e+01   9.9999999999788114e-01
 -3.6062499999999997e+00   5.5721723980378812e-01   1.7946321983004836e+00   3.0151179720113581e+00   2.1531369335873389e+01   9.9999999999774669e-01
 -3.5999999999999996e+00   5.5721721902144039e-01   1.7946322652342916e+00   3.0151181135282279e+00   2.1531370299528923e+01   9.9999999999760347e-01
 -3.5937500000000000e+00   5.5721719765506550e-01   1.7946323340490840e+00   3.0151182590220156e+00   2.1531371290265181e+01   9.9999999999745137e-01
 -3.5874999999999999e+00   5.5721717551955741e-01   1.7946324053410332e+00   3.0151184097531964e+00   2.1531372316665330e+01   9.9999999999728950e-01
 -3.5812499999999998e+00   5.5721715275162809e-01   1.7946324786698307e+00   3.0151185647908334e+00   2.1531373372390188e+01   9.9999999999711753e-01
 -3.5749999999999997e+00   5.5721712925136346e-01   1.7946325543572710e+00   3.0151187248152889e+00   2.1531374462072659e+01   9.9999999999693434e-01
 -3.5687499999999996e+00   5.5721710504022581e-01   1.7946326323342308e+00   3.0151188896804166e+00   2.1531375584717562e+01   9.9999999999673983e-01
 -3.5625000000000000e+00   5.5721708003449988e-01   1.7946327128703330e+00   3.0151190599562732e+00   2.1531376744206685e+01   9.9999999999653300e-01
 -3.5562499999999999e+00   5.5721705430429302e-01   1.7946327957397832e+00   3.0151192351654639e+00   2.1531377937289225e+01   9.9999999999631306e-01
 -3.5499999999999998e+00   5.5721702769714054e-01   1.7946328814336261e+00   3.0151194163461934e+00   2.1531379171034807e+01   9.9999999999607891e-01
 -3.5437499999999997e+00   5.5721700029045351e-01   1.7946329697025443e+00   3.0151196029713336e+00   2.1531380441853965e+01   9.9999999999582978e-01
 -3.5374999999999996e+00   5.5721697208079446e-01   1.7946330605576091e+00   3.0151197950642912e+00   2.1531381749906085e+01   9.9999999999556533e-01
 -3.5312500000000000e+00   5.5721694292372892e-01   1.7946331544640031e+00   3.0151199936085895e+00   2.1531383101888448e+01   9.9999999999528388e-01
 -3.5249999999999999e+00   5.5721691288544473e-01   1.7946332512085552e+00   3.0151201981535234e+00   2.1531384494731988e+01   9.9999999999498446e-01
 -3.5187499999999998e+00   5.5721688189190210e-01   1.7946333510297272e+00   3.0151204092032655e+00   2.1531385931869853e+01   9.9999999999466616e-01
 -3.5124999999999997e+00   5.5721684994560605e-01   1.7946334539194519e+00   3.0151206267407580e+00   2.1531387413185886e+01   9.9999999999432743e-01
 -3.5062499999999996e+00   5.5721681697203040e-01   1.7946335601177579e+00   3.0151208512734851e+00   2.1531388942135795e+01   9.9999999999396783e-01
 -3.5000000000000000e+00   5.5721678304641720e-01   1.7946336693823131e+00   3.0151210822890873e+00   2.1531390515230679e+01   9.9999999999358513e-01
 -3.4937499999999999e+00   5.5721674802898724e-01   1.7946337821633074e+00   3.0151213207393881e+00   2.1531392138951951e+01   9.9999999999317790e-01
 -3.4874999999999998e+00   5.5721671185694088e-01   1.7946338986630013e+00   3.0151215670520202e+00   2.1531393816211569e+01   9.9999999999274480e-01
 -3.4812499999999997e+00   5.5721667459010815e-01   1.7946340186887011e+00   3.0151218208195720e+00   2.1531395544235277e+01   9.9999999999228439e-01
 -3.4749999999999996e+00   5.5721663614832961e-01   1.7946341424985786e+00   3.0151220825878879e+00   2.1531397326739981e+01   9.9999999999179445e-01
 -3.4687500000000000e+00   5.5721659652978173e-01   1.7946342700985085e+00   3.0151223523693846e+00   2.1531399163810239e+01   9.9999999999127376e-01
 -3.4624999999999999e+00   5.5721655567203909e-01   1.7946344016895470e+00   3.0151226305891465e+00   2.1531401058340649e+01   9.9999999999071998e-01
 -3.4562499999999998e+00   5.5721651353560575e-01   1.7946345373989006e+00   3.0151229175161203e+00   2.1531403012162599e+01   9.9999999999013112e-01
 -3.4499999999999997e+00   5.5721647002889818e-01   1.7946346775215354e+00   3.0151232137739417e+00   2.1531405029522716e+01   9.9999999998950462e-01
 -3.4437499999999996e+00   5.5721642522621129e-01   1.7946348218181711e+00   3.0151235188567016e+00   2.1531407106976030e+01   9.9999999998883871e-01
 -3.4375000000000000e+00   5.5721637900445831e-01   1.7946349706852371e+00   3.0151238336025559e+00   2.1531409250229938e+01   9.9999999998813016e-01
 -3.4312499999999999e+00   5.5721633132437998e-01   1.7946351242491783e+00   3.0151241582788395e+00   2.1531411461104856e+01   9.9999999998737643e-01
 -3.4249999999999998e+00   5.5721628214457108e-01   1.7946352826433518e+00   3.0151244931675003e+00   2.1531413741520698e+01   9.9999999998657529e-01
 -3.4187499999999997e+00   5.5721623145305876e-01   1.7946354459063212e+00   3.0151248383500673e+00   2.1531416092032629e+01   9.9999999998572320e-01
 -3.4124999999999996e+00   5.5721617918328958e-01   1.7946356142524389e+00   3.0151251942797348e+00   2.1531418515726667e+01   9.9999999998481715e-01
 -3.4062500000000000e+00   5.5721612529030240e-01   1.7946357878265151e+00   3.0151255612626637e+00   2.1531421014687613e+01   9.9999999998385380e-01
 -3.3999999999999999e+00   5.5721606971046700e-01   1.7946359668334877e+00   3.0151259397321426e+00   2.1531423591865927e+01   9.9999999998282907e-01
 -3.3937499999999998e+00   5.5721601235559270e-01   1.7946361515573972e+00   3.0151263302887039e+00   2.1531426251350926e+01   9.9999999998173905e-01
 -3.3874999999999997e+00   5.5721595324970752e-01   1.7946363419208600e+00   3.0151267327687297e+00   2.1531428992028449e+01   9.9999999998058020e-01
 -3.3812499999999996e+00   5.5721589229014190e-01   1.7946365382545493e+00   3.0151271478713451e+00   2.1531431818659176e+01   9.9999999997934785e-01
 -3.3750000000000000e+00   5.5721582942430392e-01   1.7946367407278530e+00   3.0151275759546738e+00   2.1531434733681746e+01   9.9999999997803724e-01
 -3.3687499999999999e+00   5.5721576458662025e-01   1.7946369495519685e+00   3.0151280174652357e+00   2.1531437740136713e+01   9.9999999997664324e-01
 -3.3624999999999998e+00   5.5721569773220525e-01   1.7946371648714650e+00   3.0151284727086787e+00   2.1531440840105390e+01   9.9999999997516120e-01
 -3.3562499999999997e+00   5.5721562879643538e-01   1.7946373868944812e+00   3.0151289421250547e+00   2.1531444036584293e+01   9.9999999997358480e-01
 -3.3499999999999996e+00   5.5721555769098319e-01   1.7946376159055006e+00   3.0151294263158275e+00   2.1531447333669075e+01   9.9999999997190825e-01
 -3.3437500000000000e+00   5.5721548436494717e-01   1.7946378520684683e+00   3.0151299256276096e+00   2.1531450733719986e+01   9.9999999997012556e-01
 -3.3374999999999999e+00   5.5721540875162157e-01   1.7946380955982311e+00   3.0151304405146320e+00   2.1531454239830101e+01   9.9999999996822964e-01
 -3.3312499999999998e+00   5.5721533077133345e-01   1.7946383467513993e+00   3.0151309715194254e+00   2.1531457855693773e+01   9.9999999996621347e-01
 -3.3249999999999997e+00   5.5721525037944819e-01   1.7946386056717356e+00   3.0151315189459287e+00   2.1531461583380658e+01   9.9999999996406963e-01
 -3.3187499999999996e+00   5.5721516744841204e-01   1.7946388727700628e+00   3.0151320836627153e+00   2.1531465428805287e+01   9.9999999996178934e-01
 -3.3125000000000000e+00   5.5721508193946068e-01   1.7946391481712374e+00   3.0151326659337503e+00   2.1531469393765128e+01   9.9999999995936439e-01
 -3.3062499999999999e+00   5.5721499373634420e-01   1.7946394322496768e+00   3.0151332665506341e+00   2.1531473483650561e+01   9.9999999995678523e-01
 -3.2999999999999998e+00   5.5721490280668751e-01   1.7946397251096609e+00   3.0151338857338246e+00   2.1531477699962789e+01   9.9999999995404276e-01
 -3.2937499999999997e+00   5.5721480901213727e-01   1.7946400271967968e+00   3.0151345244254344e+00   2.1531482049117102e+01   9.9999999995112576e-01
 -3.2874999999999996e+00   5.5721471228666497e-01   1.7946403387237548e+00   3.0151351830750843e+00   2.1531486534175183e+01   9.9999999994802402e-01
 -3.2812500000000000e+00   5.5721461255877147e-01   1.7946406599208242e+00   3.0151358621696449e+00   2.1531491158452365e+01   9.9999999994472555e-01
 -3.2749999999999999e+00   5.5721450970212050e-01   1.7946409911949113e+00   3.0151365625694004e+00   2.1531495927806727e+01   9.9999999994121769e-01
 -3.2687499999999998e+00   5.5721440364292996e-01   1.7946413327836599e+00   3.0151372847767672e+00   2.1531500845659473e+01   9.9999999993748723e-01
 -3.2624999999999997e+00   5.5721429426241698e-01   1.7946416850696503e+00   3.0151380296005956e+00   2.1531505917518434e+01   9.9999999993351996e-01
 -3.2562499999999996e+00   5.5721418146443846e-01   1.7946420483625474e+00   3.0151387976955686e+00   2.1531511147841666e+01   9.9999999992930066e-01
 -3.2500000000000000e+00   5.5721406513719274e-01   1.7946424230224485e+00   3.0151395898229971e+00   2.1531516541813293e+01   9.9999999992481392e-01
 -3.2437499999999999e+00   5.5721394517820000e-01   1.7946428093794291e+00   3.0151404066807146e+00   2.1531522104185200e+01   9.9999999992004229e-01
 -3.2374999999999998e+00   5.5721382147698506e-01   1.7946432077893164e+00   3.0151412490209997e+00   2.1531527840079995e+01   9.9999999991496791e-01
 -3.2312499999999997e+00   5.5721369391718600e-01   1.7946436186268990e+00   3.0151421176362150e+00   2.1531533754893271e+01   9.9999999990957167e-01
 -3.2249999999999996e+00   5.5721356236650310e-01   1.7946440423182977e+00   3.0151430134272528e+00   2.1531539854759615e+01   9.9999999990383270e-01
 -3.2187500000000000e+00   5.5721342670322593e-01   1.7946444792555294e+00   3.0151439372228968e+00   2.1531546145322615e+01   9.9999999989772970e-01
 -3.2124999999999999e+00   5.5721328678966342e-01   1.7946449298820821e+00   3.0151448899607511e+00   2.1531552632966864e+01   9.9999999989123922e-01
 -3.2062499999999998e+00   5.5721314251906517e-01   1.7946453945417928e+00   3.0151458723677296e+00   2.1531559322642259e+01   9.9999999988433674e-01
 -3.1999999999999997e+00   5.5721299373843947e-01   1.7946458737274325e+00   3.0151468854856258e+00   2.1531566221442869e+01   9.9999999987699617e-01
 -3.1937499999999996e+00   5.5721284030753782e-01   1.7946463678907298e+00   3.0151479302694577e+00   2.1531573335871869e+01   9.9999999986919008e-01
 -3.1875000000000000e+00   5.5721268208506658e-01   1.7946468774867825e+00   3.0151490076813614e+00   2.1531580672480892e+01   9.9999999986088850e-01
 -3.1812499999999999e+00   5.5721251891407320e-01   1.7946474030211232e+00   3.0151501187901015e+00   2.1531588238547666e+01   9.9999999985205990e-01
 -3.1749999999999998e+00   5.5721235065348518e-01   1.7946479449481407e+00   3.0151512645563066e+00   2.1531596040613575e+01   9.9999999984267129e-01
 -3.1687499999999997e+00   5.5721217712893245e-01   1.7946485038294695e+00   3.0151524461673462e+00   2.1531604086763970e+01   9.9999999983268661e-01
 -3.1624999999999996e+00   5.5721199818863243e-01   1.7946490801539974e+00   3.0151536646567791e+00   2.1531612384036851e+01   9.9999999982206844e-01
 -3.1562500000000000e+00   5.5721181365056438e-01   1.7946496745080041e+00   3.0151549212640720e+00   2.1531620940872330e+01   9.9999999981077614e-01
 -3.1499999999999999e+00   5.5721162334953678e-01   1.7946502874235697e+00   3.0151562171140913e+00   2.1531629764930159e+01   9.9999999979876752e-01
 -3.1437499999999998e+00   5.5721142710696725e-01   1.7946509194759050e+00   3.0151575534228896e+00   2.1531638864491022e+01   9.9999999978599663e-01
 -3.1374999999999997e+00   5.5721122472919504e-01   1.7946515712887883e+00   3.0151589315091951e+00   2.1531648248534754e+01   9.9999999977241516e-01
 -3.1312499999999996e+00   5.5721101602884371e-01   1.7946522434657601e+00   3.0151603526489428e+00   2.1531657925749812e+01   9.9999999975797182e-01
 -3.1250000000000000e+00   5.5721080080373153e-01   1.7946529366580490e+00   3.0151618182188837e+00   2.1531667905511142e+01   9.9999999974261189e-01
 -3.1187499999999999e+00   5.5721057886428260e-01   1.7946536514762863e+00   3.0151633295099307e+00   2.1531678196609185e+01   9.9999999972627718e-01
 -3.1124999999999998e+00   5.5721034998319829e-01   1.7946543886526036e+00   3.0151648880698674e+00   2.1531688809583535e+01   9.9999999970890574e-01
 -3.1062499999999997e+00   5.5721011394928721e-01   1.7946551488672582e+00   3.0151664953367967e+00   2.1531699754226910e+01   9.9999999969043185e-01
 -3.0999999999999996e+00   5.5720987054127702e-01   1.7946559328329807e+00   3.0151681528174668e+00   2.1531711040799483e+01   9.9999999967078546e-01
 -3.0937500000000000e+00   5.5720961952911197e-01   1.7946567412907954e+00   3.0151698620784364e+00   2.1531722679968691e+01   9.9999999964989217e-01
 -3.0874999999999999e+00   5.5720936067116900e-01   1.7946575750189866e+00   3.0151716247650318e+00   2.1531734682938342e+01   9.9999999962767283e-01
 -3.0812499999999998e+00   5.5720909373367578e-01   1.7946584347705585e+00   3.0151734424691194e+00   2.1531747060548213e+01   9.9999999960404362e-01
 -3.0750000000000002e+00   5.5720881844800962e-01   1.7946593214107667e+00   3.0151753170198794e+00   2.1531759825254053e+01   9.9999999957891439e-01
 -3.0687499999999996e+00   5.5720853455849051e-01   1.7946602357631860e+00   3.0151772501583571e+00   2.1531772988911474e+01   9.9999999955219043e-01
 -3.0625000000000000e+00   5.5720824180494055e-01   1.7946611786658848e+00   3.0151792436562284e+00   2.1531786563584653e+01   9.9999999952377039e-01
 -3.0562499999999999e+00   5.5720793990311956e-01   1.7946621510344372e+00   3.0151812994490190e+00   2.1531800562453505e+01   9.9999999949354668e-01
 -3.0499999999999998e+00   5.5720762856909789e-01   1.7946631537834241e+00   3.0151834194701412e+00   2.1531814998683547e+01   9.9999999946140472e-01
 -3.0437500000000002e+00   5.5720730750543601e-01   1.7946641878709464e+00   3.0151856057450011e+00   2.1531829886066742e+01   9.9999999942722306e-01
 -3.0374999999999996e+00   5.5720697640887318e-01   1.7946652542738617e+00   3.0151878603386457e+00   2.1531845238664964e+01   9.9999999939087214e-01
 -3.0312500000000000e+00   5.5720663497228684e-01   1.7946663539814738e+00   3.0151901853424179e+00   2.1531861070719167e+01   9.9999999935221429e-01
 -3.0249999999999999e+00   5.5720628286272333e-01   1.7946674880662929e+00   3.0151925830235577e+00   2.1531877397668055e+01   9.9999999931110273e-01
 -3.0187499999999998e+00   5.5720591975244782e-01   1.7946686575840296e+00   3.0151950556137663e+00   2.1531894234708354e+01   9.9999999926738203e-01
 -3.0125000000000002e+00   5.5720554529876076e-01   1.7946698636386023e+00   3.0151976054466485e+00   2.1531911597730673e+01   9.9999999922088645e-01
 -3.0062499999999996e+00   5.5720515914643132e-01   1.7946711073743018e+00   3.0152002349411391e+00   2.1531929503206694e+01   9.9999999917144022e-01
 -3.0000000000000000e+00   5.5720476092341797e-01   1.7946723899895745e+00   3.0152029466306454e+00   2.1531947968387591e+01   9.9999999911885551e-01
 -2.9937499999999999e+00   5.5720435026051574e-01   1.7946737126737422e+00   3.0152057430292594e+00   2.1531967010393011e+01   9.9999999906293369e-01
 -2.9874999999999998e+00   5.5720392676459429e-01   1.7946750766931991e+00   3.0152086268139922e+00   2.1531986647451983e+01   9.9999999900346237e-01
 -2.9812500000000002e+00   5.5720349003502234e-01   1.7946764833385129e+00   3.0152116007129326e+00   2.1532006898141368e+01   9.9999999894021685e-01
 -2.9749999999999996e+00   5.5720303966013207e-01   1.7946779339358117e+00   3.0152146675293214e+00   2.1532027781549765e+01   9.9999999887295710e-01
 -2.9687500000000000e+00   5.5720257521003547e-01   1.7946794298699242e+00   3.0152178301904713e+00   2.1532049317610625e+01   9.9999999880142854e-01
 -2.9624999999999999e+00   5.5720209625062167e-01   1.7946809725392958e+00   3.0152210916524482e+00   2.1532071526453212e+01   9.9999999872536038e-01
 -2.9562499999999998e+00   5.5720160232364979e-01   1.7946825634201091e+00   3.0152244550356322e+00   2.1532094429325674e+01   9.9999999864446409e-01
 -2.9500000000000002e+00   5.5720109296548281e-01   1.7946842040059447e+00   3.0152279234971475e+00   2.1532118047726367e+01   9.9999999855843380e-01
 -2.9437499999999996e+00   5.5720056769203918e-01   1.7946858958562528e+00   3.0152315003333356e+00   2.1532142404101645e+01   9.9999999846694343e-01
 -2.9375000000000000e+00   5.5720002600402307e-01   1.7946876405795067e+00   3.0152351889441382e+00   2.1532167521603323e+01   9.9999999836964615e-01
 -2.9312499999999999e+00   5.5719946739066717e-01   1.7946894398211508e+00   3.0152389928076131e+00   2.1532193423915153e+01   9.9999999826617358e-01
 -2.9249999999999998e+00   5.5719889132134215e-01   1.7946912952906255e+00   3.0152429155370668e+00   2.1532220135641847e+01   9.9999999815613394e-01
 -2.9187500000000002e+00   5.5719829725040371e-01   1.7946932087457586e+00   3.0152469608480503e+00   2.1532247682084357e+01   9.9999999803910999e-01
 -2.9124999999999996e+00   5.5719768461815089e-01   1.7946951819896788e+00   3.0152511325518332e+00   2.1532276089195427e+01   9.9999999791465888e-01
 -2.9062500000000000e+00   5.5719705284368548e-01   1.7946972168938180e+00   3.0152554346040272e+00   2.1532305383910700e+01   9.9999999778230897e-01
 -2.8999999999999999e+00   5.5719640132581350e-01   1.7946993153950086e+00   3.0152598710984471e+00   2.1532335594106897e+01   9.9999999764155878e-01
 -2.8937499999999998e+00   5.5719572945198692e-01   1.7947014794666856e+00   3.0152644462062237e+00   2.1532366748187229e+01   9.9999999749187574e-01
 -2.8875000000000002e+00   5.5719503658117531e-01   1.7947037111740574e+00   3.0152691642924370e+00   2.1532398875875597e+01   9.9999999733269196e-01
 -2.8812499999999996e+00   5.5719432206231712e-01   1.7947060126146783e+00   3.0152740297904743e+00   2.1532432007361045e+01   9.9999999716340515e-01
 -2.8750000000000000e+00   5.5719358521452744e-01   1.7947083859822002e+00   3.0152790473368039e+00   2.1532466174215479e+01   9.9999999698337372e-01
 -2.8687499999999999e+00   5.5719282534144321e-01   1.7947108335201700e+00   3.0152842216732929e+00   2.1532501408728525e+01   9.9999999679191542e-01
 -2.8624999999999998e+00   5.5719204172620740e-01   1.7947133575381884e+00   3.0152895576813603e+00   2.1532537744140086e+01   9.9999999658830552e-01
 -2.8562500000000002e+00   5.5719123362064338e-01   1.7947159604467815e+00   3.0152950604556970e+00   2.1532575215142323e+01   9.9999999637177217e-01
 -2.8499999999999996e+00   5.5719040026568034e-01   1.7947186446916144e+00   3.0153007351651753e+00   2.1532613856932546e+01   9.9999999614149526e-01
 -2.8437500000000000e+00   5.5718954086674832e-01   1.7947214128327467e+00   3.0153065872203992e+00   2.1532653706354125e+01   9.9999999589660227e-01
 -2.8374999999999999e+00   5.5718865461523515e-01   1.7947242674755228e+00   3.0153126221275941e+00   2.1532694800901560e+01   9.9999999563616582e-01
 -2.8312499999999998e+00   5.5718774066615095e-01   1.7947272113425194e+00   3.0153188456406954e+00   2.1532737179756133e+01   9.9999999535919870e-01
 -2.8250000000000002e+00   5.5718679815903693e-01   1.7947302472062010e+00   3.0153252636189767e+00   2.1532780882816411e+01   9.9999999506465220e-01
 -2.8187499999999996e+00   5.5718582619816315e-01   1.7947333779527084e+00   3.0153318821618877e+00   2.1532825951616452e+01   9.9999999475140988e-01
 -2.8125000000000000e+00   5.5718482386228629e-01   1.7947366065504322e+00   3.0153387075426115e+00   2.1532872428873329e+01   9.9999999441828513e-01
 -2.8062499999999999e+00   5.5718379020525111e-01   1.7947399360480814e+00   3.0153457462039688e+00   2.1532920358459265e+01   9.9999999406401618e-01
 -2.7999999999999998e+00   5.5718272424530146e-01   1.7947433696091173e+00   3.0153530048312018e+00   2.1532969785897254e+01   9.9999999368726056e-01
 -2.7937500000000002e+00   5.5718162497449053e-01   1.7947469104814486e+00   3.0153604902878999e+00   2.1533020757924735e+01   9.9999999328659095e-01
 -2.7874999999999996e+00   5.5718049134960124e-01   1.7947505620266826e+00   3.0153682096778232e+00   2.1533073322914571e+01   9.9999999286048913e-01
 -2.7812500000000000e+00   5.5717932229872891e-01   1.7947543276989288e+00   3.0153761703000792e+00   2.1533127530569860e+01   9.9999999240734061e-01
 -2.7749999999999999e+00   5.5717811671224604e-01   1.7947582110739082e+00   3.0153843797106483e+00   2.1533183432342852e+01   9.9999999192542877e-01
 -2.7687499999999998e+00   5.5717687345119016e-01   1.7947622158219423e+00   3.0153928456652661e+00   2.1533241081046043e+01   9.9999999141292717e-01
 -2.7625000000000002e+00   5.5717559133495820e-01   1.7947663457475982e+00   3.0154015762032200e+00   2.1533300531422743e+01   9.9999999086789426e-01
 -2.7562499999999996e+00   5.5717426915009183e-01   1.7947706047613976e+00   3.0154105795875235e+00   2.1533361839739737e+01   9.9999999028826481e-01
 -2.7500000000000000e+00   5.5717290564415489e-01   1.7947749968995474e+00   3.0154198643466081e+00   2.1533425064071167e+01   9.9999998967184267e-01
 -2.7437499999999999e+00   5.5717149952630340e-01   1.7947795263221127e+00   3.0154294392704442e+00   2.1533490264272110e+01   9.9999998901629195e-01
 -2.7374999999999998e+00   5.5717004946139204e-01   1.7947841973320084e+00   3.0154393134506696e+00   2.1533557502251842e+01   9.9999998831912862e-01
 -2.7312500000000002e+00   5.5716855407926946e-01   1.7947890143450702e+00   3.0154494962172951e+00   2.1533626841542837e+01   9.9999998757771114e-01
 -2.7249999999999996e+00   5.5716701196062746e-01   1.7947939819356455e+00   3.0154599972350637e+00   2.1533698347956921e+01   9.9999998678922952e-01
 -2.7187500000000000e+00   5.5716542164430838e-01   1.7947991048130676e+00   3.0154708264536918e+00   2.1533772089246426e+01   9.9999998595069606e-01
 -2.7124999999999999e+00   5.5716378162506819e-01   1.7948043878288722e+00   3.0154819941230997e+00   2.1533848135207933e+01   9.9999998505893284e-01
 -2.7062499999999998e+00   5.5716209034712516e-01   1.7948098359975933e+00   3.0154935108373446e+00   2.1533926557981403e+01   9.9999998411056090e-01
 -2.7000000000000002e+00   5.5716034621063815e-01   1.7948154544759067e+00   3.0155053874905038e+00   2.1534007431749771e+01   9.9999998310198601e-01
 -2.6937499999999996e+00   5.5715854755891792e-01   1.7948212486038417e+00   3.0155176353637603e+00   2.1534090833331980e+01   9.9999998202938567e-01
 -2.6875000000000000e+00   5.5715669269120882e-01   1.7948272238636229e+00   3.0155302660383665e+00   2.1534176841590270e+01   9.9999998088869546e-01
 -2.6812499999999999e+00   5.5715477984621020e-01   1.7948333859327692e+00   3.0155432915078553e+00   2.1534265538194290e+01   9.9999997967559140e-01
 -2.6749999999999998e+00   5.5715280721344906e-01   1.7948397406474759e+00   3.0155567241005961e+00   2.1534357007093767e+01   9.9999997838547594e-01
 -2.6687500000000002e+00   5.5715077292254001e-01   1.7948462940372314e+00   3.0155705765529306e+00   2.1534451335016499e+01   9.9999997701346000e-01
 -2.6624999999999996e+00   5.5714867504547705e-01   1.7948530523174544e+00   3.0155848619935668e+00   2.1534548611362087e+01   9.9999997555434283e-01
 -2.6562500000000000e+00   5.5714651159448303e-01   1.7948600218964419e+00   3.0155995939582230e+00   2.1534648928301660e+01   9.9999997400259388e-01
 -2.6499999999999999e+00   5.5714428051800324e-01   1.7948672093882987e+00   3.0156147864169092e+00   2.1534752380963642e+01   9.9999997235233173e-01
 -2.6437499999999998e+00   5.5714197970146329e-01   1.7948746216105200e+00   3.0156304537687655e+00   2.1534859067398624e+01   9.9999997059730084e-01
 -2.6375000000000002e+00   5.5713960696332676e-01   1.7948822655967163e+00   3.0156466108689091e+00   2.1534969088762139e+01   9.9999996873084851e-01
 -2.6312499999999996e+00   5.5713716005539105e-01   1.7948901485956872e+00   3.0156632730264183e+00   2.1535082549300977e+01   9.9999996674589953e-01
 -2.6250000000000000e+00   5.5713463665724272e-01   1.7948982780893130e+00   3.0156804560420900e+00   2.1535199556610252e+01   9.9999996463492935e-01
 -2.6187499999999999e+00   5.5713203437640157e-01   1.7949066617921208e+00   3.0156981762074571e+00   2.1535320221626755e+01   9.9999996238993527e-01
 -2.6124999999999998e+00   5.5712935074474801e-01   1.7949153076628261e+00   3.0157164503291174e+00   2.1535444658794578e+01   9.9999996000240610e-01
 -2.6062500000000002e+00   5.5712658321906605e-01   1.7949242239026191e+00   3.0157352957250354e+00   2.1535572986039970e+01   9.9999995746329073e-01
 -2.5999999999999996e+00   5.5712372917471675e-01   1.7949334189755810e+00   3.0157547302676240e+00   2.1535705325064665e+01   9.9999995476296255e-01
 -2.5937500000000000e+00   5.5712078590460645e-01   1.7949429016120499e+00   3.0157747723907686e+00   2.1535841801393740e+01   9.9999995189118240e-01
 -2.5874999999999999e+00   5.5711775061855762e-01   1.7949526808106875e+00   3.0157954410941117e+00   2.1535982544404785e+01   9.9999994883706256e-01
 -2.5812499999999998e+00   5.5711462043675131e-01   1.7949627658596496e+00   3.0158167559877080e+00   2.1536127687631964e+01   9.9999994558902250e-01
 -2.5750000000000002e+00   5.5711139239137164e-01   1.7949731663313364e+00   3.0158387372808244e+00   2.1536277368689767e+01   9.9999994213474575e-01
 -2.5687499999999996e+00   5.5710806341969032e-01   1.7949838921047219e+00   3.0158614058290310e+00   2.1536431729593673e+01   9.9999993846113389e-01
 -2.5625000000000000e+00   5.5710463036415669e-01   1.7949949533651166e+00   3.0158847831335898e+00   2.1536590916755973e+01   9.9999993455425529e-01
 -2.5562499999999999e+00   5.5710108996833163e-01   1.7950063606173252e+00   3.0159088913691394e+00   2.1536755081174316e+01   9.9999993039929413e-01
 -2.5499999999999998e+00   5.5709743887306795e-01   1.7950181246980124e+00   3.0159337534097079e+00   2.1536924378608809e+01   9.9999992598049270e-01
 -2.5437500000000002e+00   5.5709367361457662e-01   1.7950302567819978e+00   3.0159593928418786e+00   2.1537098969671696e+01   9.9999992128109205e-01
 -2.5374999999999996e+00   5.5708979062010622e-01   1.7950427683962451e+00   3.0159858339942121e+00   2.1537279020027690e+01   9.9999991628326779e-01
 -2.5312500000000000e+00   5.5708578620487459e-01   1.7950556714298194e+00   3.0160131019581384e+00   2.1537464700536251e+01   9.9999991096806318e-01
 -2.5249999999999999e+00   5.5708165656890052e-01   1.7950689781441742e+00   3.0160412226095339e+00   2.1537656187398493e+01   9.9999990531531657e-01
 -2.5187499999999998e+00   5.5707739779293608e-01   1.7950827011863384e+00   3.0160702226364173e+00   2.1537853662345817e+01   9.9999989930358457e-01
 -2.5125000000000002e+00   5.5707300583468500e-01   1.7950968536011893e+00   3.0161001295647023e+00   2.1538057312815226e+01   9.9999989291006131e-01
 -2.5062499999999996e+00   5.5706847652497049e-01   1.7951114488438931e+00   3.0161309717842935e+00   2.1538267332127052e+01   9.9999988611049107e-01
 -2.5000000000000000e+00   5.5706380556494017e-01   1.7951265007890091e+00   3.0161627785681158e+00   2.1538483919614546e+01   9.9999987887907615e-01
 -2.4937499999999999e+00   5.5705898851852576e-01   1.7951420237548930e+00   3.0161955801234650e+00   2.1538707280973508e+01   9.9999987118837841e-01
 -2.4874999999999998e+00   5.5705402081311572e-01   1.7951580325016392e+00   3.0162294075874221e+00   2.1538937628231110e+01   9.9999986300921651e-01
 -2.4812500000000002e+00   5.5704889773145916e-01   1.7951745422572898e+00   3.0162642930819881e+00   2.1539175180121301e+01   9.9999985431055316e-01
 -2.4749999999999996e+00   5.5704361440834593e-01   1.7951915687286577e+00   3.0163002697366883e+00   2.1539420162238741e+01   9.9999984505937789e-01
 -2.4687500000000000e+00   5.5703816582538646e-01   1.7952091281182838e+00   3.0163373717241182e+00   2.1539672807280859e+01   9.9999983522058067e-01
 -2.4624999999999999e+00   5.5703254680755809e-01   1.7952272371357090e+00   3.0163756342834640e+00   2.1539933355207989e+01   9.9999982475681926e-01
 -2.4562499999999998e+00   5.5702675201687291e-01   1.7952459130180323e+00   3.0164150937636194e+00   2.1540202053537005e+01   9.9999981362837698e-01
 -2.4500000000000002e+00   5.5702077594748123e-01   1.7952651735458520e+00   3.0164557876565272e+00   2.1540479157568342e+01   9.9999980179301062e-01
 -2.4437499999999996e+00   5.5701461292124166e-01   1.7952850370577149e+00   3.0164977546273475e+00   2.1540764930591429e+01   9.9999978920579102e-01
 -2.4375000000000000e+00   5.5700825708176194e-01   1.7953055224695031e+00   3.0165410345550350e+00   2.1541059644160988e+01   9.9999977581893096e-01
 -2.4312499999999999e+00   5.5700170238779800e-01   1.7953266492959046e+00   3.0165856685772874e+00   2.1541363578403139e+01   9.9999976158160331e-01
 -2.4249999999999998e+00   5.5699494260935412e-01   1.7953484376631863e+00   3.0166316991171032e+00   2.1541677022196204e+01   9.9999974643974787e-01
 -2.4187500000000002e+00   5.5698797132005873e-01   1.7953709083339897e+00   3.0166791699346964e+00   2.1542000273524256e+01   9.9999973033586520e-01
 -2.4124999999999996e+00   5.5698078189157452e-01   1.7953940827255803e+00   3.0167281261655612e+00   2.1542333639736295e+01   9.9999971320879699e-01
 -2.4062500000000000e+00   5.5697336748753468e-01   1.7954179829296424e+00   3.0167786143617650e+00   2.1542677437827439e+01   9.9999969499349461e-01
 -2.3999999999999999e+00   5.5696572105616704e-01   1.7954426317363170e+00   3.0168306825421700e+00   2.1543031994780922e+01   9.9999967562076841e-01
 -2.3937499999999998e+00   5.5695783532437049e-01   1.7954680526535787e+00   3.0168843802327752e+00   2.1543397647842770e+01   9.9999965501702714e-01
 -2.3875000000000002e+00   5.5694970279005951e-01   1.7954942699322114e+00   3.0169397585188409e+00   2.1543774744876767e+01   9.9999963310399465e-01
 -2.3812499999999996e+00   5.5694131571501193e-01   1.7955213085891839e+00   3.0169968700935943e+00   2.1544163644696113e+01   9.9999960979841296e-01
 -2.3750000000000000e+00   5.5693266611792391e-01   1.7955491944303763e+00   3.0170557693055220e+00   2.1544564717385441e+01   9.9999958501172415e-01
 -2.3687499999999999e+00   5.5692374576592274e-01   1.7955779540783021e+00   3.0171165122161616e+00   2.1544978344694375e+01   9.9999955864973256e-01
 -2.3624999999999998e+00   5.5691454616720748e-01   1.7956076149962170e+00   3.0171791566502164e+00   2.1545404920378761e+01   9.9999953061224489e-01
 -2.3562500000000002e+00   5.5690505856237560e-01   1.7956382055164901e+00   3.0172437622546155e+00   2.1545844850602851e+01   9.9999950079268762e-01
 -2.3499999999999996e+00   5.5689527391631699e-01   1.7956697548671727e+00   3.0173103905537118e+00   2.1546298554315165e+01   9.9999946907770121e-01
 -2.3437500000000000e+00   5.5688518290904343e-01   1.7957022932020279e+00   3.0173791050117291e+00   2.1546766463673727e+01   9.9999943534670588e-01
 -2.3374999999999999e+00   5.5687477592734091e-01   1.7957358516279367e+00   3.0174499710896039e+00   2.1547249024433118e+01   9.9999939947144134e-01
 -2.3312499999999998e+00   5.5686404305447779e-01   1.7957704622386086e+00   3.0175230563150688e+00   2.1547746696421726e+01   9.9999936131547662e-01
 -2.3250000000000002e+00   5.5685297406169065e-01   1.7958061581425899e+00   3.0175984303406289e+00   2.1548259953936512e+01   9.9999932073368913e-01
 -2.3187499999999996e+00   5.5684155839681837e-01   1.7958429735005097e+00   3.0176761650209571e+00   2.1548789286270054e+01   9.9999927757170859e-01
 -2.3125000000000000e+00   5.5682978517544568e-01   1.7958809435542684e+00   3.0177563344732041e+00   2.1549335198121206e+01   9.9999923166532756e-01
 -2.3062499999999999e+00   5.5681764316944637e-01   1.7959201046646573e+00   3.0178390151550096e+00   2.1549898210126322e+01   9.9999918283987244e-01
 -2.2999999999999998e+00   5.5680512079633071e-01   1.7959604943464269e+00   3.0179242859370441e+00   2.1550478859353237e+01   9.9999913090953563e-01
 -2.2937500000000002e+00   5.5679220610788949e-01   1.7960021513056708e+00   3.0180122281803348e+00   2.1551077699827800e+01   9.9999907567666380e-01
 -2.2874999999999996e+00   5.5677888677845622e-01   1.7960451154784944e+00   3.0181029258161947e+00   2.1551695303078162e+01   9.9999901693100091e-01
 -2.2812500000000000e+00   5.5676515009310912e-01   1.7960894280699280e+00   3.0181964654265618e+00   2.1552332258681822e+01   9.9999895444888287e-01
 -2.2749999999999999e+00   5.5675098293487768e-01   1.7961351315961098e+00   3.0182929363311133e+00   2.1552989174858869e+01   9.9999888799237990e-01
 -2.2687499999999998e+00   5.5673637177195745e-01   1.7961822699265031e+00   3.0183924306743286e+00   2.1553666679064790e+01   9.9999881730838502e-01
 -2.2625000000000002e+00   5.5672130264459985e-01   1.7962308883272260e+00   3.0184950435147613e+00   2.1554365418598394e+01   9.9999874212764217e-01
 -2.2562499999999996e+00   5.5670576115176174e-01   1.7962810335052259e+00   3.0186008729159495e+00   2.1555086061220859e+01   9.9999866216371491e-01
 -2.2500000000000000e+00   5.5668973243578579e-01   1.7963327536588796e+00   3.0187100200507340e+00   2.1555829295866076e+01   9.9999857711188489e-01
 -2.2437499999999999e+00   5.5667320116915986e-01   1.7963860985219648e+00   3.0188225892914198e+00   2.1556595833254605e+01   9.9999848664798330e-01
 -2.2374999999999998e+00   5.5665615153843373e-01   1.7964411194168868e+00   3.0189386883192944e+00   2.1557386406639448e+01   9.9999839042714467e-01
 -2.2312500000000002e+00   5.5663856722898541e-01   1.7964978693052509e+00   3.0190584282283628e+00   2.1558201772512408e+01   9.9999828808248103e-01
 -2.2249999999999996e+00   5.5662043140912520e-01   1.7965564028406702e+00   3.0191819236335893e+00   2.1559042711341178e+01   9.9999817922367296e-01
 -2.2187500000000000e+00   5.5660172671302688e-01   1.7966167764254541e+00   3.0193092927871263e+00   2.1559910028360793e+01   9.9999806343546571e-01
 -2.2124999999999999e+00   5.5658243522364126e-01   1.7966790482674655e+00   3.0194406576946666e+00   2.1560804554365916e+01   9.9999794027607281e-01
 -2.2062499999999998e+00   5.5656253845527648e-01   1.7967432784381636e+00   3.0195761442340587e+00   2.1561727146518571e+01   9.9999780927547366e-01
 -2.2000000000000002e+00   5.5654201733480280e-01   1.7968095289352126e+00   3.0197158822832968e+00   2.1562678689219656e+01   9.9999766993360328e-01
 -2.1937499999999996e+00   5.5652085218274905e-01   1.7968778637455660e+00   3.0198600058492397e+00   2.1563660094985483e+01   9.9999752171842371e-01
 -2.1875000000000000e+00   5.5649902269412499e-01   1.7969483489095750e+00   3.0200086531982042e+00   2.1564672305337023e+01   9.9999736406387385e-01
 -2.1812499999999999e+00   5.5647650791756975e-01   1.7970210525906494e+00   3.0201619669979496e+00   2.1565716291766769e+01   9.9999719636768336e-01
 -2.1749999999999998e+00   5.5645328623477175e-01   1.7970960451441966e+00   3.0203200944578210e+00   2.1566793056693015e+01   9.9999701798904728e-01
 -2.1687500000000002e+00   5.5642933533894479e-01   1.7971733991897776e+00   3.0204831874753126e+00   2.1567903634457899e+01   9.9999682824615077e-01
 -2.1624999999999996e+00   5.5640463221201564e-01   1.7972531896875981e+00   3.0206514027914100e+00   2.1569049092385189e+01   9.9999662641353249e-01
 -2.1562500000000000e+00   5.5637915310214370e-01   1.7973354940141215e+00   3.0208249021436697e+00   2.1570230531822663e+01   9.9999641171927944e-01
 -2.1499999999999999e+00   5.5635287349907836e-01   1.7974203920448639e+00   3.0210038524340210e+00   2.1571449089284783e+01   9.9999618334203666e-01
 -2.1437499999999998e+00   5.5632576811022705e-01   1.7975079662351106e+00   3.0211884258917312e+00   2.1572705937562372e+01   9.9999594040782758e-01
 -2.1375000000000002e+00   5.5629781083456797e-01   1.7975983017078245e+00   3.0213788002510462e+00   2.1574002286932267e+01   9.9999568198666533e-01
 -2.1312500000000001e+00   5.5626897473640147e-01   1.7976914863423199e+00   3.0215751589299300e+00   2.1575339386374441e+01   9.9999540708894530e-01
 -2.1250000000000000e+00   5.5623923201827330e-01   1.7977876108658737e+00   3.0217776912144410e+00   2.1576718524827509e+01   9.9999511466160351e-01
 -2.1187499999999999e+00   5.5620855399239510e-01   1.7978867689504694e+00   3.0219865924533469e+00   2.1578141032513944e+01   9.9999480358402515e-01
 -2.1124999999999998e+00   5.5617691105162315e-01   1.7979890573112665e+00   3.0222020642557417e+00   2.1579608282285761e+01   9.9999447266368802e-01
 -2.1062500000000002e+00   5.5614427263930177e-01   1.7980945758090536e+00   3.0224243146963969e+00   2.1581121691022837e+01   9.9999412063152193e-01
 -2.1000000000000001e+00   5.5611060721803740e-01   1.7982034275564975e+00   3.0226535585283938e+00   2.1582682721080825e+01   9.9999374613696757e-01
 -2.0937500000000000e+00   5.5607588223713111e-01   1.7983157190290864e+00   3.0228900174048907e+00   2.1584292881801293e+01   9.9999334774271009e-01
 -2.0874999999999999e+00   5.5604006409959095e-01   1.7984315601778158e+00   3.0231339201037528e+00   2.1585953731041300e+01   9.9999292391907402e-01
 -2.0812499999999998e+00   5.5600311812707337e-01   1.7985510645489799e+00   3.0233855027662795e+00   2.1587666876799045e+01   9.9999247303804939e-01
 -2.0750000000000002e+00   5.5596500852443254e-01   1.7986743494056674e+00   3.0236450091386091e+00   2.1589433978857659e+01   9.9999199336692801e-01
 -2.0687500000000001e+00   5.5592569834266392e-01   1.7988015358549150e+00   3.0239126908240501e+00   2.1591256750503497e+01   9.9999148306152741e-01
 -2.0625000000000000e+00   5.5588514944027534e-01   1.7989327489804450e+00   3.0241888075461261e+00   2.1593136960317302e+01   9.9999094015896495e-01
 -2.0562499999999999e+00   5.5584332244398860e-01   1.7990681179780987e+00   3.0244736274161763e+00   2.1595076433996432e+01   9.9999036256996643e-01
 -2.0499999999999998e+00   5.5580017670748472e-01   1.7992077762981638e+00   3.0247674272142779e+00   2.1597077056267807e+01   9.9998974807066643e-01
 -2.0437500000000002e+00   5.5575567026888517e-01   1.7993518617923969e+00   3.0250704926787781e+00   2.1599140772859453e+01   9.9998909429387095e-01
 -2.0375000000000001e+00   5.5570975980677073e-01   1.7995005168664235e+00   3.0253831188057831e+00   2.1601269592539865e+01   9.9998839871974832e-01
 -2.0312500000000000e+00   5.5566240059457850e-01   1.7996538886380733e+00   3.0257056101596871e+00   2.1603465589232563e+01   9.9998765866590755e-01
 -2.0249999999999999e+00   5.5561354645345074e-01   1.7998121291014635e+00   3.0260382811942512e+00   2.1605730904202453e+01   9.9998687127682306e-01
 -2.0187499999999998e+00   5.5556314970320964e-01   1.7999753952979338e+00   3.0263814565864355e+00   2.1608067748329059e+01   9.9998603351256532e-01
 -2.0125000000000002e+00   5.5551116111186949e-01   1.8001438494925557e+00   3.0267354715801984e+00   2.1610478404447612e+01   9.9998514213678691e-01
 -2.0062500000000001e+00   5.5545752984308105e-01   1.8003176593582302e+00   3.0271006723443703e+00   2.1612965229785974e+01   9.9998419370391589e-01
 -2.0000000000000000e+00   5.5540220340170776e-01   1.8004969981667978e+00   3.0274774163432516e+00   2.1615530658488240e+01   9.9998318454550339e-01
 -1.9937499999999999e+00   5.5534512757755172e-01   1.8006820449871581e+00   3.0278660727198097e+00   2.1618177204224072e+01   9.9998211075566834e-01
 -1.9874999999999998e+00   5.5528624638710544e-01   1.8008729848908813e+00   3.0282670226923187e+00   2.1620907462889637e+01   9.9998096817557824e-01
 -1.9812500000000002e+00   5.5522550201269494e-01   1.8010700091674383e+00   3.0286806599687619e+00   2.1623724115429464e+01   9.9997975237690018e-01
 -1.9750000000000001e+00   5.5516283474000927e-01   1.8012733155459053e+00   3.0291073911722259e+00   2.1626629930733138e+01   9.9997845864415225e-01
 -1.9687500000000000e+00   5.5509818289291468e-01   1.8014831084268068e+00   3.0295476362847777e+00   2.1629627768657894e+01   9.9997708195588431e-01
 -1.9624999999999999e+00   5.5503148276604763e-01   1.8016995991225815e+00   3.0300018291064745e+00   2.1632720583154221e+01   9.9997561696460380e-01
 -1.9562499999999998e+00   5.5496266855484266e-01   1.8019230061078924e+00   3.0304704177318356e+00   2.1635911425510368e+01   9.9997405797536343e-01
 -1.9500000000000002e+00   5.5489167228282510e-01   1.8021535552804364e+00   3.0309538650449404e+00   2.1639203447723737e+01   9.9997239892291800e-01
 -1.9437500000000001e+00   5.5481842372653356e-01   1.8023914802311856e+00   3.0314526492306677e+00   2.1642599905982127e+01   9.9997063334735703e-01
 -1.9375000000000000e+00   5.5474285033712822e-01   1.8026370225272488e+00   3.0319672643085012e+00   2.1646104164298681e+01   9.9996875436810229e-01
 -1.9312499999999999e+00   5.5466487715954693e-01   1.8028904320046830e+00   3.0324982206830358e+00   2.1649719698260537e+01   9.9996675465616380e-01
 -1.9249999999999998e+00   5.5458442674813124e-01   1.8031519670749026e+00   3.0330460457185175e+00   2.1653450098941146e+01   9.9996462640452954e-01
 -1.9187500000000002e+00   5.5450141907934125e-01   1.8034218950428227e+00   3.0336112843332113e+00   2.1657299076947609e+01   9.9996236129656468e-01
 -1.9125000000000001e+00   5.5441577146101528e-01   1.8037004924386728e+00   3.0341944996172936e+00   2.1661270466628206e+01   9.9995995047228070e-01
 -1.9062500000000000e+00   5.5432739843813883e-01   1.8039880453637667e+00   3.0347962734745177e+00   2.1665368230441775e+01   9.9995738449232396e-01
 -1.8999999999999999e+00   5.5423621169490145e-01   1.8042848498511401e+00   3.0354172072891550e+00   2.1669596463499250e+01   9.9995465329953337e-01
 -1.8937499999999998e+00   5.5414211995310947e-01   1.8045912122410370e+00   3.0360579226177489e+00   2.1673959398274150e+01   9.9995174617788829e-01
 -1.8875000000000002e+00   5.5404502886640583e-01   1.8049074495732460e+00   3.0367190619094244e+00   2.1678461409507495e+01   9.9994865170867198e-01
 -1.8812500000000001e+00   5.5394484091056684e-01   1.8052338899956426e+00   3.0374012892529088e+00   2.1683107019294617e+01   9.9994535772365445e-01
 -1.8750000000000000e+00   5.5384145526926809e-01   1.8055708731911688e+00   3.0381052911544044e+00   2.1687900902382093e+01   9.9994185125507873e-01
 -1.8687499999999999e+00   5.5373476771541430e-01   1.8059187508232075e+00   3.0388317773456737e+00   2.1692847891670343e+01   9.9993811848223890e-01
 -1.8624999999999998e+00   5.5362467048768904e-01   1.8062778870007690e+00   3.0395814816246656e+00   2.1697952983937896e+01   9.9993414467439679e-01
 -1.8562500000000002e+00   5.5351105216223018e-01   1.8066486587641020e+00   3.0403551627293433e+00   2.1703221345791654e+01   9.9992991412978616e-01
 -1.8500000000000001e+00   5.5339379751894613e-01   1.8070314565926513e+00   3.0411536052479970e+00   2.1708658319865677e+01   9.9992541011042324e-01
 -1.8437500000000000e+00   5.5327278740263131e-01   1.8074266849352081e+00   3.0419776205649764e+00   2.1714269431261105e+01   9.9992061477242933e-01
 -1.8374999999999999e+00   5.5314789857822999e-01   1.8078347627647602e+00   3.0428280478462666e+00   2.1720060394257430e+01   9.9991550909153959e-01
 -1.8312499999999998e+00   5.5301900358026368e-01   1.8082561241584219e+00   3.0437057550648094e+00   2.1726037119294375e+01   9.9991007278345889e-01
 -1.8250000000000002e+00   5.5288597055597422e-01   1.8086912189043507e+00   3.0446116400686170e+00   2.1732205720245201e+01   9.9990428421869271e-01
 -1.8187500000000001e+00   5.5274866310201309e-01   1.8091405131366984e+00   3.0455466316928295e+00   2.1738572521989234e+01   9.9989812033145553e-01
 -1.8125000000000000e+00   5.5260694009426292e-01   1.8096044900004720e+00   3.0465116909185448e+00   2.1745144068302871e+01   9.9989155652222772e-01
 -1.8062499999999999e+00   5.5246065551052759e-01   1.8100836503477380e+00   3.0475078120802026e+00   2.1751927130081253e+01   9.9988456655350411e-01
 -1.7999999999999998e+00   5.5230965824573197e-01   1.8105785134669563e+00   3.0485360241239778e+00   2.1758928713907263e+01   9.9987712243823490e-01
 -1.7937500000000002e+00   5.5215379191922720e-01   1.8110896178474254e+00   3.0495973919199320e+00   2.1766156070986561e+01   9.9986919432042975e-01
 -1.7875000000000001e+00   5.5199289467390433e-01   1.8116175219805331e+00   3.0506930176299418e+00   2.1773616706462487e+01   9.9986075034734867e-01
 -1.7812500000000000e+00   5.5182679896662945e-01   1.8121628052001746e+00   3.0518240421347271e+00   2.1781318389133357e+01   9.9985175653266189e-01
 -1.7749999999999999e+00   5.5165533134960698e-01   1.8127260685644644e+00   3.0529916465226514e+00   2.1789269161590422e+01   9.9984217660991526e-01
 -1.7687499999999998e+00   5.5147831224221056e-01   1.8133079357811586e+00   3.0541970536434344e+00   2.1797477350797816e+01   9.9983197187558093e-01
 -1.7625000000000002e+00   5.5129555569279209e-01   1.8139090541793650e+00   3.0554415297301056e+00   2.1805951579137233e+01   9.9982110102091948e-01
 -1.7562500000000001e+00   5.5110686913006157e-01   1.8145300957299433e+00   3.0567263860919787e+00   2.1814700775936178e+01   9.9980951995182332e-01
 -1.7500000000000000e+00   5.5091205310328117e-01   1.8151717581182181e+00   3.0580529808837928e+00   2.1823734189514891e+01   9.9979718159573527e-01
 -1.7437499999999999e+00   5.5071090101100018e-01   1.8158347658711509e+00   3.0594227209528855e+00   2.1833061399764617e+01   9.9978403569467900e-01
 -1.7374999999999998e+00   5.5050319881749854e-01   1.8165198715430491e+00   3.0608370637700615e+00   2.1842692331295837e+01   9.9977002858334518e-01
 -1.7312500000000002e+00   5.5028872475643031e-01   1.8172278569629454e+00   3.0622975194476281e+00   2.1852637267179979e+01   9.9975510295110925e-01
 -1.7250000000000001e+00   5.5006724902094084e-01   1.8179595345476212e+00   3.0638056528495308e+00   2.1862906863318397e+01   9.9973919758675123e-01
 -1.7187500000000000e+00   5.4983853343964606e-01   1.8187157486840029e+00   3.0653630857977681e+00   2.1873512163466831e+01   9.9972224710456314e-01
 -1.7124999999999999e+00   5.4960233113760182e-01   1.8194973771856762e+00   3.0669714993810078e+00   2.1884464614955920e+01   9.9970418165041142e-01
 -1.7062499999999998e+00   5.4935838618153732e-01   1.8203053328279339e+00   3.0686326363703653e+00   2.1895776085141353e+01   9.9968492658621277e-01
 -1.7000000000000002e+00   5.4910643320858010e-01   1.8211405649661117e+00   3.0703483037475872e+00   2.1907458878619501e+01   9.9966440215115393e-01
 -1.6937500000000001e+00   5.4884619703743198e-01   1.8220040612430422e+00   3.0721203753527426e+00   2.1919525755256764e+01   9.9964252309784596e-01
 -1.6875000000000000e+00   5.4857739226125568e-01   1.8228968493906834e+00   3.0739507946564495e+00   2.1931989949067013e+01   9.9961919830146051e-01
 -1.6812499999999999e+00   5.4829972282107398e-01   1.8238199991327169e+00   3.0758415776648014e+00   2.1944865187992598e+01   9.9959433033972456e-01
 -1.6749999999999998e+00   5.4801288155881656e-01   1.8247746241940721e+00   3.0777948159628856e+00   2.1958165714629104e+01   9.9956781504148706e-01
 -1.6687500000000002e+00   5.4771654974878003e-01   1.8257618844248322e+00   3.0798126799052938e+00   2.1971906307951055e+01   9.9953954100136244e-01
 -1.6625000000000001e+00   5.4741039660637014e-01   1.8267829880459439e+00   3.0818974219613278e+00   2.1986102306091023e+01   9.9950938905776054e-01
 -1.6562500000000000e+00   5.4709407877288629e-01   1.8278391940248495e+00   3.0840513802233480e+00   2.2000769630229620e+01   9.9947723173137937e-01
 -1.6499999999999999e+00   5.4676723977500030e-01   1.8289318145898958e+00   3.0862769820874396e+00   2.2015924809658898e+01   9.9944293262098693e-01
 -1.6437499999999998e+00   5.4642950945754920e-01   1.8300622178928783e+00   3.0885767481157931e+00   2.2031585008083148e+01   9.9940634575305309e-01
 -1.6375000000000002e+00   5.4608050338816838e-01   1.8312318308298470e+00   3.0909532960908428e+00   2.2047768051225443e+01   9.9936731488149155e-01
 -1.6312500000000001e+00   5.4571982223213988e-01   1.8324421420312951e+00   3.0934093452722187e+00   2.2064492455815245e+01   9.9932567273345652e-01
 -1.6250000000000000e+00   5.4534705109590587e-01   1.8336947050331402e+00   3.0959477208670774e+00   2.2081777460029009e+01   9.9928124019678399e-01
 -1.6187499999999999e+00   5.4496175883734566e-01   1.8349911416416822e+00   3.0985713587267516e+00   2.2099643055471901e+01   9.9923382544427952e-01
 -1.6124999999999998e+00   5.4456349734107745e-01   1.8363331455058365e+00   3.1012833102815645e+00   2.2118110020781291e+01   9.9918322298965123e-01
 -1.6062500000000002e+00   5.4415180075673875e-01   1.8377224859116963e+00   3.1040867477277407e+00   2.2137199956946898e+01   9.9912921266941035e-01
 -1.6000000000000001e+00   5.4372618469818879e-01   1.8391610118153119e+00   3.1069849694804166e+00   2.2156935324442902e+01   9.9907155854457796e-01
 -1.5937500000000000e+00   5.4328614540142883e-01   1.8406506561309597e+00   3.1099814059077615e+00   2.2177339482274324e+01   9.9901000771548243e-01
 -1.5874999999999999e+00   5.4283115883891575e-01   1.8421934402935560e+00   3.1130796253620350e+00   2.2198436729045351e+01   9.9894428904234023e-01
 -1.5812499999999998e+00   5.4236067978778180e-01   1.8437914791154959e+00   3.1162833405245229e+00   2.2220252346165001e+01   9.9887411176365959e-01
 -1.5750000000000002e+00   5.4187414084938934e-01   1.8454469859596860e+00   3.1195964150818529e+00   2.2242812643309346e+01   9.9879916400379110e-01
 -1.5687500000000001e+00   5.4137095141747038e-01   1.8471622782524666e+00   3.1230228707524232e+00   2.2266145006267781e+01   9.9871911116017720e-01
 -1.5625000000000000e+00   5.4085049659197060e-01   1.8489397833620218e+00   3.1265668946825533e+00   2.2290277947306944e+01   9.9863359415999176e-01
 -1.5562499999999999e+00   5.4031213603553407e-01   1.8507820448701418e+00   3.1302328472332226e+00   2.2315241158194304e+01   9.9854222757493594e-01
 -1.5499999999999998e+00   5.3975520276947575e-01   1.8526917292672960e+00   3.1340252701788662e+00   2.2341065566027641e+01   9.9844459758193282e-01
 -1.5437500000000002e+00   5.3917900190581780e-01   1.8546716331039113e+00   3.1379488953415389e+00   2.2367783392029196e+01   9.9834025975634755e-01
 -1.5375000000000001e+00   5.3858280931193503e-01   1.8567246906330843e+00   3.1420086536839809e+00   2.2395428213464644e+01   9.9822873668314460e-01
 -1.5312500000000000e+00   5.3796587020408881e-01   1.8588539819833341e+00   3.1462096848869106e+00   2.2424035028859450e+01   9.9810951537005455e-01
 -1.5249999999999999e+00   5.3732739766599824e-01   1.8610627419032115e+00   3.1505573474367794e+00   2.2453640326691147e+01   9.9798204444536831e-01
 -1.5187499999999998e+00   5.3666657108844240e-01   1.8633543691231711e+00   3.1550572292512578e+00   2.2484282157743348e+01   9.9784573112137953e-01
 -1.5125000000000002e+00   5.3598253452572842e-01   1.8657324363840770e+00   3.1597151588708252e+00   2.2516000211314584e+01   9.9769993790275657e-01
 -1.5062500000000001e+00   5.3527439496471418e-01   1.8682007011860169e+00   3.1645372172458175e+00   2.2548835895481879e+01   9.9754397901722469e-01
 -1.5000000000000000e+00   5.3454122050189878e-01   1.8707631173159411e+00   3.1695297501494806e+00   2.2582832421627167e+01   9.9737711654385564e-01
 -1.4937499999999999e+00   5.3378203842404759e-01   1.8734238472175400e+00   3.1746993812479087e+00   2.2618034893436665e+01   9.9719855621200815e-01
 -1.4874999999999998e+00   5.3299583318763044e-01   1.8761872752726947e+00   3.1800530258590047e+00   2.2654490400592195e+01   9.9700744284148390e-01
 -1.4812500000000002e+00   5.3218154429239162e-01   1.8790580220695876e+00   3.1855979054323558e+00   2.2692248117371502e+01   9.9680285539178626e-01
 -1.4750000000000001e+00   5.3133806404420136e-01   1.8820409597397321e+00   3.1913415627830348e+00   2.2731359406382470e+01   9.9658380158544035e-01
 -1.4687500000000000e+00   5.3046423520249830e-01   1.8851412284529645e+00   3.1972918781112858e+00   2.2771877927648731e+01   9.9634921206716986e-01
 -1.4624999999999999e+00   5.2955884850759438e-01   1.8883642541677954e+00   3.2034570858402747e+00   2.2813859753265927e+01   9.9609793405727498e-01
 -1.4562499999999998e+00   5.2862064008332832e-01   1.8917157677429441e+00   3.2098457923026573e+00   2.2857363487837929e+01   9.9582872445385462e-01
 -1.4500000000000002e+00   5.2764828871077984e-01   1.8952018255253560e+00   3.2164669943051507e+00   2.2902450394891829e+01   9.9554024233449157e-01
 -1.4437500000000001e+00   5.2664041296908037e-01   1.8988288315403381e+00   3.2233300985981130e+00   2.2949184529455536e+01   9.9523104080370617e-01
 -1.4375000000000000e+00   5.2559556823990061e-01   1.9026035614203738e+00   3.2304449422734072e+00   2.2997632876956519e+01   9.9489955812785802e-01
 -1.4312499999999999e+00   5.2451224357279669e-01   1.9065331882213932e+00   3.2378218141097470e+00   2.3047865498572403e+01   9.9454410809423310e-01
 -1.4249999999999998e+00   5.2338885840948091e-01   1.9106253102881976e+00   3.2454714768786936e+00   2.3099955683123074e+01   9.9416286952579702e-01
 -1.4187500000000002e+00   5.2222375916618435e-01   1.9148879813447468e+00   3.2534051906169692e+00   2.3153980105542924e+01   9.9375387487755673e-01
 -1.4125000000000001e+00   5.2101521567459963e-01   1.9193297430003475e+00   3.2616347368617680e+00   2.3210018991910580e+01   9.9331499783464339e-01
 -1.4062500000000000e+00   5.1976141748373306e-01   1.9239596598785575e+00   3.2701724438332000e+00   2.3268156290928104e+01   9.9284393982619812e-01
 -1.3999999999999999e+00   5.1846047002701134e-01   1.9287873575933394e+00   3.2790312125342802e+00   2.3328479851648225e+01   9.9233821536292055e-01
 -1.3937499999999998e+00   5.1711039066170228e-01   1.9338230638150296e+00   3.2882245437203936e+00   2.3391081607122214e+01   9.9179513609985503e-01
 -1.3875000000000002e+00   5.1570910459088315e-01   1.9390776526881552e+00   3.2977665656685464e+00   2.3456057763493916e+01   9.9121179351975253e-01
 -1.3812500000000001e+00   5.1425444068209236e-01   1.9445626928833686e+00   3.3076720626501537e+00   2.3523508993884445e+01   9.9058504012630022e-01
 -1.3750000000000000e+00   5.1274412720152496e-01   1.9502904995866832e+00   3.3179565039789263e+00   2.3593540636193051e+01   9.8991146903092198e-01
 -1.3687499999999999e+00   5.1117578748827053e-01   1.9562741907507621e+00   3.3286360734670359e+00   2.3666262893678130e+01   9.8918739181194071e-01
 -1.3624999999999998e+00   5.0954693559992448e-01   1.9625277479544285e+00   3.3397276990762186e+00   2.3741791036865656e+01   9.8840881452109441e-01
 -1.3562500000000002e+00   5.0785497196898888e-01   1.9690660822378696e+00   3.3512490824953987e+00   2.3820245604957268e+01   9.8757141171011775e-01
 -1.3500000000000001e+00   5.0609717911913144e-01   1.9759051053011454e+00   3.3632187283107182e+00   2.3901752604462821e+01   9.8667049834998199e-01
 -1.3437500000000000e+00   5.0427071750182262e-01   1.9830618064718097e+00   3.3756559723558488e+00   2.3986443702251151e+01   9.8570099951814583e-01
 -1.3374999999999999e+00   5.0237262152737461e-01   1.9905543358626467e+00   3.3885810087385311e+00   2.4074456409586588e+01   9.8465741773576532e-01
 -1.3312500000000003e+00   5.0039979588034145e-01   1.9984020941509855e+00   3.4020149149307657e+00   2.4165934252979977e+01   9.8353379784838646e-01
 -1.3250000000000002e+00   4.9834901222787686e-01   2.0066258294151820e+00   3.4159796741831654e+00   2.4261026926818641e+01   9.8232368936163172e-01
 -1.3187500000000001e+00   4.9621690645148059e-01   2.0152477414587620e+00   3.4304981943753088e+00   2.4359890421727393e+01   9.8102010616956925e-01
 -1.3125000000000000e+00   4.9399997655793393e-01   2.0242915940355815e+00   3.4455943222411718e+00   2.4462687121436240e+01   9.7961548364991047e-01
 -1.3062499999999999e+00   4.9169458145459816e-01   2.0337828353561744e+00   3.4612928517087020e+00   2.4569585859568516e+01   9.7810163314953014e-01
 -1.3000000000000003e+00   4.8929694080811653e-01   2.0437487272011405e+00   3.4776195248619843e+00   2.4680761926192705e+01   9.7646969394910288e-01
 -1.2937500000000002e+00   4.8680313624431987e-01   2.0542184828860957e+00   3.4946010237705130e+00   2.4796397012184098e+01   9.7471008288055783e-01
 -1.2875000000000001e+00   4.8420911419122431e-01   2.0652234142066956e+00   3.5122649511298714e+00   2.4916679077397987e+01   9.7281244187986093e-01
 -1.2812500000000000e+00   4.8151069071677755e-01   2.0767970873323676e+00   3.5306397973192230e+00   2.5041802126348461e+01   9.7076558389528400e-01
 -1.2749999999999999e+00   4.7870355876858517e-01   2.0889754874026742e+00   3.5497548911025749e+00   2.5171965872509961e+01   9.6855743774349479e-01
 -1.2687500000000003e+00   4.7578329828433968e-01   2.1017971912968991e+00   3.5696403307820721e+00   2.5307375269507332e+01   9.6617499271880047e-01
 -1.2625000000000002e+00   4.7274538970853852e-01   2.1153035476803477e+00   3.5903268921562472e+00   2.5448239884359886e+01   9.6360424402157629e-01
 -1.2562500000000001e+00   4.6958523152276044e-01   2.1295388629604521e+00   3.6118459091480468e+00   2.5594773084620986e+01   9.6083014038758685e-01
 -1.2500000000000000e+00   4.6629816247158606e-01   2.1445505911916074e+00   3.6342291224579926e+00   2.5747191007785549e+01   9.5783653567774885e-01
 -1.2437499999999999e+00   4.6287948924208761e-01   2.1603895252247751e+00   3.6575084910813942e+00   2.5905711277821339e+01   9.5460614663461019e-01
 -1.2375000000000003e+00   4.5932452042819760e-01   2.1771099854799103e+00   3.6817159610288459e+00   2.6070551430277010e+01   9.5112051953268362e-01
 -1.2312500000000002e+00   4.5562860767710184e-01   2.1947700015989495e+00   3.7068831851409065e+00   2.6241927004367305e+01   9.4736000904714002e-01
 -1.2250000000000001e+00   4.5178719496699654e-01   2.2134314808834961e+00   3.7330411875324603e+00   2.6420049258015439e+01   9.4330377333806981e-01
 -1.2187500000000000e+00   4.4779587699448109e-01   2.2331603558116830e+00   3.7602199660052502e+00   2.6605122460491323e+01   9.3892979008657274e-01
 -1.2124999999999999e+00   4.4365046764459209e-01   2.2540267010404662e+00   3.7884480258029161e+00   2.6797340717528336e+01   9.3421489900708365e-01
 -1.2062500000000003e+00   4.3934707946255974e-01   2.2761048081240700e+00   3.8177518384500870e+00   2.6996884286301849e+01   9.2913487716690035e-01
 -1.2000000000000002e+00   4.3488221492624340e-01   2.2994732037262118e+00   3.8481552202350464e+00   2.7203915343222704e+01   9.2366455422097327e-01
 -1.1937500000000001e+00   4.3025287011151603e-01   2.3242145944100567e+00   3.8796786263029270e+00   2.7418573177082720e+01   9.1777797534855976e-01
 -1.1875000000000000e+00   4.2545665102674057e-01   2.3504157182329455e+00   3.9123383584790443e+00   2.7640968794747810e+01   9.1144862016307460e-01
 -1.1812499999999999e+00   4.2049190244260543e-01   2.3781670804861550e+00   3.9461456880054029e+00   2.7871178947454439e+01   9.0464968603255702e-01
 -1.1750000000000003e+00   4.1535784843661583e-01   2.4075625482073955e+00   3.9811058985065446e+00   2.8109239613909885e+01   8.9735444393978669e-01
 -1.1687500000000002e+00   4.1005474308787804e-01   2.4386987758502574e+00   4.0172172598372420e+00   2.8355139012734114e+01   8.8953667404319103e-01
 -1.1625000000000001e+00   4.0458402878666716e-01   2.4716744331182912e+00   4.0544699500775101e+00   2.8608810261812177e+01   8.8117118626665003e-01
 -1.1562500000000000e+00   3.9894849846830571e-01   2.5065892059735240e+00   4.0928449508051283e+00   2.8870123855680461e+01   8.7223442833782938e-01
 -1.1499999999999999e+00   3.9315245676784583e-01   2.5435425438292354e+00   4.1323129497169191e+00   2.9138880192954144e+01   8.6270517952376058e-01
 -1.1437500000000003e+00   3.8720187367669284e-01   2.5826321306362878e+00   4.1728332943078694e+00   2.9414802451431701e+01   8.5256532275510488e-01
 -1.1375000000000002e+00   3.8110452285777258e-01   2.6239520656993043e+00   4.2143530500175039e+00   2.9697530174566559e+01   8.4180068087848658e-01
 -1.1312500000000001e+00   3.7487009547803068e-01   2.6675907522706228e+00   4.2568062250903758e+00   2.9986613993174220e+01   8.3040189459828639e-01
 -1.1250000000000000e+00   3.6851027942426806e-01   2.7136285087143910e+00   4.3001132311578409e+00   3.0281511952277587e+01   8.1836531067301110e-01
 -1.1187499999999999e+00   3.6203879329360483e-01   2.7621349383656351e+00   4.3441806517808530e+00   3.0581587935004986e+01   8.0569383981194809e-01
 -1.1125000000000003e+00   3.5547136482169550e-01   2.8131661195877204e+00   4.3889013893424922e+00   3.0886112662851094e+01   7.9239773547274284e-01
 -1.1062500000000002e+00   3.4882564464271554e-01   2.8667617056201515e+00   4.4341552522971419e+00   3.1194267694535348e+01   7.7849523864848424e-01
 -1.1000000000000001e+00   3.4212104861860865e-01   2.9229420523458782e+00   4.4798100288254847e+00   3.1505152737028347e+01   7.6401303115687547e-01
 -1.0937500000000000e+00   3.3537852547588026e-01   2.9817055179101439e+00   4.5257230691058563e+00   3.1817796419988554e+01   7.4898644224989930e-01
 -1.0874999999999999e+00   3.2862025103557740e-01   3.0430260972922727e+00   4.5717433674474464e+00   3.2131170473995454e+01   7.3345936156584690e-01
 -1.0812500000000003e+00   3.2186925561908775e-01   3.1068515633050637e+00   4.6177140994610504e+00   3.2444207007349455e+01   7.1748382592948434e-01
 -1.0750000000000002e+00   3.1514899677563674e-01   3.1731022793384538e+00   4.6634755315603460e+00   3.2755818318246966e+01   7.0111926775694822e-01
 -1.0687500000000001e+00   3.0848289467832479e-01   3.2416708260040323e+00   4.7088681846707807e+00   3.3064918437975891e+01   6.8443143729247136e-01
 -1.0625000000000000e+00   3.0189385168511895e-01   3.3124225432819316e+00   4.7537361057668210e+00   3.3370445408365413e+01   6.6749103707893409e-01
 -1.0562499999999999e+00   2.9540378002719725e-01   3.3851970340661586e+00   4.7979300840661789e+00   3.3671383182379074e+01   6.5037213176656905e-01
 -1.0500000000000003e+00   2.8903316192084477e-01   3.4598106091157184e+00   4.8413106464367033e+00   3.3966782021261970e+01   6.3315041627354862e-01
 -1.0437500000000002e+00   2.8280066443960228e-01   3.5360595845190099e+00   4.8837506799147059e+00   3.4255776352512783e+01   6.1590143759162175e-01
 -1.0375000000000001e+00   2.7672282740832221e-01   3.6137242791482329e+00   4.9251375569824765e+00   3.4537599241907031e+01   5.9869886840777764e-01
 -1.0312500000000000e+00   2.7081383688675004e-01   3.6925735091526501e+00   4.9653746780260821e+00   3.4811592896824429e+01   5.8161292385876462e-01
 -1.0249999999999999e+00   2.6508539022356031e-01   3.7723693454273279e+00   5.0043823902464908e+00   3.5077214923550770e+01   5.6470899732289470e-01
 -1.0187500000000003e+00   2.5954665200191501e-01   3.8528718913801350e+00   5.0420982876471676e+00   3.5334040370035915e+01   5.4804656959142628e-01
 -1.0125000000000002e+00   2.5420429422847851e-01   3.9338438519893817e+00   5.0784769373680039e+00   3.5581759862371598e+01   5.3167842117292075e-01
 -1.0062500000000001e+00   2.4906260942377631e-01   4.0150546977467618e+00   5.1134891095993833e+00   3.5820174360910812e+01   5.1565015308287054e-01
 -1.0000000000000000e+00   2.4412368218436259e-01   4.0962842730055105e+00   5.1471206093339568e+00   3.6049187205111146e+01   4.9999999999989825e-01
 -9.9374999999999991e-01   2.3938760337236512e-01   4.1773257508431199e+00   5.1793708178483717e+00   3.6268794181791620e+01   4.8475890301812224e-01
 -9.8750000000000027e-01   2.3485271118507883e-01   4.2579878893198577e+00   5.2102510511459865e+00   3.6479072346990016e+01   4.6995079828474778e-01
 -9.8125000000000018e-01   2.3051584465171607e-01   4.3380965916286121e+00   5.2397828337771850e+00   3.6680168271586091e+01   4.5559307255074838e-01
 -9.7500000000000009e-01   2.2637259720936737e-01   4.4174958114524809e+00   5.2679961721203030e+00   3.6872286283251853e+01   4.4169713634815128e-01
 -9.6875000000000000e-01   2.2241756054015638e-01   4.4960478730700535e+00   5.2949278939787101e+00   3.7055677159980007e+01   4.2826906899509942e-01
 -9.6249999999999991e-01   2.1864455147422682e-01   4.5736332932031791e+00   5.3206201034906719e+00   3.7230627608831881e+01   4.1531029563649524e-01
 -9.5625000000000027e-01   2.1504681722829641e-01   4.6501501993325824e+00   5.3451187835626301e+00   3.7397450749242275e+01   4.0281826384827762e-01
 -9.5000000000000018e-01   2.1161721639536568e-01   4.7255134389996609e+00   5.3684725634243673e+00   3.7556477720717673e+01   3.9078709497278974e-01
 -9.4375000000000009e-01   2.0834837484654464e-01   4.7996534685549266e+00   5.3907316570194750e+00   3.7708050453833010e+01   3.7920819258577371e-01
 -9.3750000000000000e-01   2.0523281703314863e-01   4.8725150999534481e+00   5.4119469689070652e+00   3.7852515581892092e+01   3.6807079686432620e-01
 -9.3124999999999991e-01   2.0226307411270014e-01   4.9440561723233980e+00   5.4321693579805013e+00   3.7990219427238969e+01   3.5736247890136896e-01
 -9.2500000000000027e-01   1.9943177091875228e-01   5.0142462025641645e+00   5.4514490452485926e+00   3.8121503968559011e+01   3.4706957314255416e-01
 -9.1875000000000018e-01   1.9673169411544525e-01   5.0830650571899429e+00   5.4698351497388726e+00   3.8246703680624037e+01   3.3717754917118059e-01
 -9.1250000000000009e-01   1.9415584398832325e-01   5.1505016766847413e+00   5.4873753358293422e+00   3.8366143132806776e+01   3.2767132616977612e-01
 -9.0625000000000000e-01   1.9169747228247158e-01   5.2165528741373910e+00   5.5041155555906380e+00   3.8480135234566418e+01   3.1853553470810664e-01
 -8.9999999999999991e-01   1.8935010835781324e-01   5.2812222220137777e+00   5.5200998706822011e+00   3.8588980022655072e+01   3.0975473121482261e-01
 -8.9375000000000027e-01   1.8710757572966094e-01   5.3445190345730964e+00   5.5353703397198117e+00   3.8692963894149841e+01   3.0131357073906290e-01
 -8.8750000000000018e-01   1.8496400083084688e-01   5.4064574485200456e+00   5.5499669586100833e+00   3.8792359200162110e+01   2.9319694353291015e-01
 -8.8125000000000009e-01   1.8291381559183995e-01   5.4670556008269697e+00   5.5639276429812252e+00   3.8887424126200230e+01   2.8539008069467658e-01
 -8.7500000000000000e-01   1.8095175520203263e-01   5.5263349000594113e+00   5.5772882434274980e+00   3.8978402795976280e+01   2.7787863369166738e-01
 -8.6874999999999991e-01   1.7907285219809432e-01   5.5843193857982341e+00   5.5900825857644270e+00   3.9065525545522910e+01   2.7064873209272550e-01
 -8.6250000000000027e-01   1.7727242782906530e-01   5.6410351696894940e+00   5.6023425298279701e+00   3.9149009323584778e+01   2.6368702333084770e-01
 -8.5625000000000018e-01   1.7554608147487485e-01   5.6965099511100492e+00   5.6140980415288526e+00   3.9229058182270734e+01   2.5698069781526717e-01
 -8.5000000000000009e-01   1.7388967874536576e-01   5.7507726002780393e+00   5.6253772738919610e+00   3.9305863828889471e+01   2.5051750224017427e-01
 -8.4375000000000000e-01   1.7229933875958003e-01   5.8038528017531288e+00   5.6362066536777187e+00   3.9379606215795647e+01   2.4428574350500573e-01
 -8.3749999999999991e-01   1.7077142099816534e-01   5.8557807515740201e+00   5.6466109709102943e+00   3.9450454150029906e+01   2.3827428527427627e-01
 -8.3125000000000027e-01   1.6930251203307931e-01   5.9065869017029957e+00   5.6566134692413428e+00   3.9518565908648497e+01   2.3247253886453612e-01
 -8.2500000000000018e-01   1.6788941236599580e-01   5.9563017459374894e+00   5.6662359355735425e+00   3.9584089849012472e+01   2.2687044985081870e-01
 -8.1875000000000009e-01   1.6652912354769317e-01   6.0049556419697643e+00   5.6754987877707981e+00   3.9647165006048063e+01   2.2145848153187189e-01
 -8.1250000000000000e-01   1.6521883570313983e-01   6.0525786648004800e+00   5.6844211596058489e+00   3.9707921670695328e+01   2.1622759617869172e-01
 -8.0624999999999991e-01   1.6395591554909569e-01   6.0992004872221610e+00   5.6930209823541116e+00   3.9766481945519274e+01   2.1116923481016017e-01
 -8.0000000000000027e-01   1.6273789496116073e-01   6.1448502835720067e+00   5.7013150626460707e+00   3.9822960274843815e+01   2.0627529608867481e-01
 -7.9375000000000018e-01   1.6156246012388822e-01   6.1895566534031907e+00   5.7093191563493075e+00   3.9877463947849513e+01   2.0153811480352915e-01
 -7.8750000000000009e-01   1.6042744127961761e-01   6.2333475621358705e+00   5.7170480383735658e+00   3.9930093573909410e+01   1.9695044030668105e-01
 -7.8125000000000000e-01   1.5933080307804368e-01   6.2762502961224538e+00   5.7245155683851108e+00   3.9980943530069325e+01   1.9250541518111206e-01
 -7.7499999999999991e-01   1.5827063551836965e-01   6.3182914298965791e+00   5.7317347524859104e+00   4.0030102381050632e+01   1.8819655435324906e-01
 -7.6875000000000027e-01   1.5724514546847881e-01   6.3594968036737187e+00   5.7387178009636211e+00   4.0077653272497358e+01   1.8401772480531270e-01
 -7.6250000000000018e-01   1.5625264874033226e-01   6.3998915094351156e+00   5.7454761822539648e+00   4.0123674298431595e+01   1.7996312599876391e-01
 -7.5625000000000009e-01   1.5529156269727695e-01   6.4394998841590967e+00   5.7520206732810806e+00   4.0168238844044836e+01   1.7602727108433483e-01
 -7.5000000000000000e-01   1.5436039936675169e-01   6.4783455089673341e+00   5.7583614063563715e+00   4.0211415905054544e+01   1.7220496894586704e-01
 -7.4374999999999991e-01   1.5345775903070408e-01   6.5164512131310248e+00   5.7645079128244046e+00   4.0253270384909712e+01   1.6849130710298785e-01
 -7.3750000000000027e-01   1.5258232426562252e-01   6.5538390820364798e+00   5.7704691636471583e+00   4.0293863371148362e+01   1.6488163548041029e-01
 -7.3125000000000018e-01   1.5173285440426248e-01   6.5905304683433670e+00   5.7762536071167583e+00   4.0333252392201359e+01   1.6137155103841822e-01
 -7.2500000000000009e-01   1.5090818039173801e-01   6.6265460056845829e+00   5.7818692038827919e+00   4.0371491655910127e+01   1.5795688324911572e-01
 -7.1875000000000000e-01   1.5010720000954281e-01   6.6619056243566384e+00   5.7873234594742140e+00   4.0408632270983645e+01   1.5463368039564593e-01
 -7.1249999999999991e-01   1.4932887344216764e-01   6.6966285685352194e+00   5.7926234544883535e+00   4.0444722452569806e+01   1.5139819666629706e-01
 -7.0625000000000027e-01   1.4857221916220814e-01   6.7307334146245754e+00   5.7977758726111688e+00   4.0479807713058570e+01   1.4824688001178060e-01
 -7.0000000000000018e-01   1.4783631011116716e-01   6.7642380904125572e+00   5.8027870266239763e+00   4.0513931039174153e+01   1.4517636073164741e-01
 -6.9375000000000009e-01   1.4712027015449539e-01   6.7971598947573311e+00   5.8076628825427630e+00   4.0547133056351058e+01   1.4218344075450479e-01
 -6.8750000000000000e-01   1.4642327079075493e-01   6.8295155175780939e+00   5.8124090820270498e+00   4.0579452181326658e+01   1.3926508357619849e-01
 -6.8124999999999991e-01   1.4574452809610927e-01   6.8613210599616021e+00   5.8170309631863129e+00   4.0610924763822013e+01   1.3641840482022333e-01
 -6.7500000000000027e-01   1.4508329988662405e-01   6.8925920542299091e+00   5.8215335799032246e+00   4.0641585218122955e+01   1.3364066338519612e-01
 -6.6875000000000018e-01   1.4443888308209121e-01   6.9233434838432970e+00   5.8259217197846240e+00   4.0671466145316785e+01   1.3092925314512413e-01
 -6.6250000000000009e-01   1.4381061125626121e-01   6.9535898030366106e+00   5.8301999208431496e+00   4.0700598446885444e+01   1.2828169516935406e-01
 -6.5625000000000000e-01   1.4319785235947480e-01   6.9833449561077456e+00   5.8343724870049218e+00   4.0729011430304652e+01   1.2569563043040255e-01
 -6.4999999999999991e-01   1.4260000660073077e-01   7.0126223962943026e+00   5.8384435025315451e+00   4.0756732907250182e+01   1.2316881296929628e-01
 -6.4375000000000027e-01   1.4201650447720221e-01   7.0414351041890990e+00   5.8424168454380716e+00   4.0783789284967156e+01   1.2069910348954002e-01
 -6.3750000000000018e-01   1.4144680494012876e-01   7.0697956056573874e+00   5.8462961999823078e+00   4.0810205651315627e+01   1.1828446335234542e-01
 -6.3125000000000009e-01   1.4089039368685932e-01   7.0977159892290711e+00   5.8500850682951091e+00   4.0836005853966803e+01   1.1592294894727113e-01
 -6.2500000000000000e-01   1.4034678156961400e-01   7.1252079229475296e+00   5.8537867812158719e+00   4.0861212574187064e+01   1.1361270641391524e-01
 -6.1874999999999991e-01   1.3981550311226104e-01   7.1522826706640483e+00   5.8574045083925075e+00   4.0885847395613425e+01   1.1135196669175866e-01
 -6.1250000000000027e-01   1.3929611512708584e-01   7.1789511077725106e+00   5.8609412677005128e+00   4.0909930868392543e+01   1.0913904087666611e-01
 -6.0625000000000018e-01   1.3878819542415122e-01   7.2052237363840312e+00   5.8643999340315558e+00   4.0933482569026275e+01   1.0697231586390070e-01
 -6.0000000000000009e-01   1.3829134160642856e-01   7.2311106999450381e+00   5.8677832474979930e+00   4.0956521156240200e+01   1.0485025025880111e-01
 -5.9375000000000000e-01   1.3780516994441042e-01   7.2566217973055194e+00   5.8710938210961698e+00   4.0979064423166641e+01   1.0277137053749409e-01
 -5.8749999999999991e-01   1.3732931432440512e-01   7.2817664962468074e+00   5.8743341478679820e+00   4.1001129346111135e+01   1.0073426744117853e-01
 -5.8125000000000027e-01   1.3686342526516806e-01   7.3065539464801148e+00   5.8775066075970974e+00   4.1022732130150196e+01   9.8737592588610271e-02
 -5.7500000000000018e-01   1.3640716899793587e-01   7.3309929921288237e+00   5.8806134730734430e+00   4.1043888251789170e+01   9.6780055292449887e-02
 -5.6875000000000009e-01   1.3596022660531643e-01   7.3550921837085053e+00   5.8836569159569096e+00   4.1064612498890980e+01   9.4860419566103305e-02
 -5.6250000000000000e-01   1.3552229321483641e-01   7.3788597896196473e+00   5.8866390122688683e+00   4.1084919008070500e+01   9.2977501308592614e-02
 -5.5624999999999991e-01   1.3509307724327307e-01   7.4023038071685852e+00   5.8895617475378783e+00   4.1104821299734063e+01   9.1130165655842352e-02
 -5.5000000000000027e-01   1.3467229968819197e-01   7.4254319731326284e+00   5.8924270216239378e+00   4.1124332310930136e+01   8.9317324487562536e-02
 -5.4375000000000018e-01   1.3425969346338967e-01   7.4482517738853842e+00   5.8952366532437726e+00   4.1143464426164122e+01   8.7537934079646842e-02
 -5.3750000000000009e-01   1.3385500277518758e-01   7.4707704550985063e+00   5.8979923842179485e+00   4.1162229506318965e+01   8.5790992892698037e-02
 -5.3125000000000000e-01   1.3345798253675734e-01   7.4929950310359104e+00   5.9006958834590044e+00   4.1180638915812274e+01   8.4075539487933407e-02
 -5.2499999999999991e-01   1.3306839781786939e-01   7.5149322934563259e+00   5.9033487507183793e+00   4.1198703548110863e+01   8.2390650562323586e-02
 -5.1875000000000027e-01   1.3268602332765184e-01   7.5365888201398787e+00   5.9059525201085492e+00   4.1216433849714733e+01   8.0735439095374922e-02
 -5.1250000000000018e-01   1.3231064292812761e-01   7.5579709830539441e+00   5.9085086634155841e+00   4.1233839842713792e+01   7.9109052600483273e-02
 -5.0625000000000009e-01   1.3194204917646277e-01   7.5790849561732490e+00   5.9110185932162009e+00   4.1250931146013343e+01   7.7510671474270570e-02
 -5.0000000000000000e-01   1.3158004289401162e-01   7.5999367229687325e+00   5.9134836658123335e+00   4.1267716995317002e+01   7.5939507437762371e-02
 -4.9374999999999991e-01   1.3122443276038426e-01   7.6205320835792785e+00   5.9159051839953225e+00   4.1284206261949350e+01   7.4394802063681140e-02
 -4.8750000000000027e-01   1.3087503493089195e-01   7.6408766616799459e+00   5.9182843996509122e+00   4.1300407470594607e+01   7.2875825384518547e-02
 -4.8125000000000018e-01   1.3053167267584623e-01   7.6609759110597953e+00   5.9206225162154320e+00   4.1316328816021915e+01   7.1381874576406157e-02
 -4.7500000000000009e-01   1.3019417604029304e-01   7.6808351219221649e+00   5.9229206909928305e+00   4.1331978178863153e+01   6.9912272714142257e-02
 -4.6875000000000000e-01   1.2986238152287122e-01   7.7004594269194202e+00   5.9251800373414776e+00   4.1347363140503909e+01   6.8466367593040048e-02
 -4.6249999999999991e-01   1.2953613177257181e-01   7.7198538069340561e+00   5.9274016267390781e+00   4.1362490997144413e+01   6.7043530613552296e-02
 -4.5625000000000027e-01   1.2921527530226565e-01   7.7390230966173243e+00   5.9295864907333931e+00   4.1377368773082978e+01   6.5643155724894722e-02
 -4.5000000000000018e-01   1.2889966621794297e-01   7.7579719896962693e+00   5.9317356227859817e+00   4.1392003233270891e+01   6.4264658424140655e-02
 -4.4375000000000009e-01   1.2858916396268499e-01   7.7767050440594501e+00   5.9338499800156166e+00   4.1406400895184149e+01   6.2907474807490621e-02
 -4.3750000000000000e-01   1.2828363307445326e-01   7.7952266866313336e+00   5.9359304848476109e+00   4.1420568040054519e+01   6.1571060670635273e-02
 -4.3124999999999991e-01   1.2798294295684798e-01   7.8135412180447368e+00   5.9379780265748368e+00   4.1434510723499251e+01   6.0254890655332419e-02
 -4.2500000000000027e-01   1.2768696766204171e-01   7.8316528171204753e+00   5.9399934628358286e+00   4.1448234785586195e+01   5.8958457439502697e-02
 -4.1875000000000018e-01   1.2739558568515058e-01   7.8495655451628537e+00   5.9419776210150124e+00   4.1461745860368602e+01   5.7681270968323761e-02
 -4.1250000000000009e-01   1.2710867976935641e-01   7.8672833500791484e+00   5.9439312995697149e+00   4.1475049384921377e+01   5.6422857723963570e-02
 -4.0625000000000000e-01   1.2682613672113377e-01   7.8848100703312225e+00   5.9458552692883764e+00   4.1488150607908857e+01   5.5182760031743126e-02
 -3.9999999999999991e-01   1.2654784723498680e-01   7.9021494387265170e+00   5.9477502744839983e+00   4.1501054597711537e+01   5.3960535400659808e-02
 -3.9375000000000027e-01   1.2627370572713306e-01   7.9193050860558136e+00   5.9496170341266676e+00   4.1513766250137984e+01   5.2755755896332045e-02
 -3.8750000000000018e-01   1.2600361017761255e-01   7.9362805445845321e+00   5.9514562429187148e+00   4.1526290295746094e+01   5.1568007544547781e-02
 -3.8125000000000009e-01   1.2573746198033325e-01   7.9530792514040982e+00   5.9532685723158201e+00   4.1538631306796290e+01   5.0396889763712344e-02
 -3.7500000000000000e-01   1.2547516580059531e-01   7.9697045516496585e+00   5.9550546714972050e+00   4.1550793703858005e+01   4.9242014824596642e-02
 -3.6874999999999991e-01   1.2521662943966713e-01   7.9861597015900188e+00   5.9568151682877923e+00   4.1562781762089131e+01   4.8103007335885462e-02
 -3.6250000000000027e-01   1.2496176370601277e-01   8.0024478715954874e+00   5.9585506700350841e+00   4.1574599617207056e+01   4.6979503754116803e-02
 -3.5625000000000018e-01   1.2471048229279483e-01   8.0185721489890760e+00   5.9602617644432998e+00   4.1586251271168770e+01   4.5871151916689556e-02
 -3.5000000000000009e-01   1.2446270166130340e-01   8.0345355407861057e+00   5.9619490203671637e+00   4.1597740597576085e+01   4.4777610596696452e-02
 -3.4375000000000000e-01   1.2421834092998039e-01   8.0503409763271723e+00   5.9636129885675953e+00   4.1609071346821501e+01   4.3698549078413813e-02
 -3.3749999999999991e-01   1.2397732176873166e-01   8.0659913098091316e+00   5.9652542024313835e+00   4.1620247150988824e+01   4.2633646752350061e-02
 -3.3125000000000027e-01   1.2373956829823629e-01   8.0814893227185554e+00   5.9668731786568374e+00   4.1631271528522092e+01   4.1582592728819326e-02
 -3.2500000000000018e-01   1.2350500699398222e-01   8.0968377261719038e+00   5.9684704179072581e+00   4.1642147888675346e+01   4.0545085469068320e-02
 -3.1875000000000009e-01   1.2327356659477266e-01   8.1120391631664237e+00   5.9700464054339557e+00   4.1652879535755076e+01   3.9520832433041171e-02
 -3.1250000000000000e-01   1.2304517801546368e-01   8.1270962107456590e+00   5.9716016116704669e+00   4.1663469673166496e+01   3.8509549742920583e-02
 -3.0624999999999991e-01   1.2281977426370730e-01   8.1420113820832487e+00   5.9731364927994841e+00   4.1673921407274101e+01   3.7510961861633503e-02
 -3.0000000000000027e-01   1.2259729036048907e-01   8.1567871284884639e+00   5.9746514912939590e+00   4.1684237751086215e+01   3.6524801285556373e-02
 -2.9375000000000018e-01   1.2237766326426021e-01   8.1714258413368892e+00   5.9761470364337175e+00   4.1694421627772925e+01   3.5550808250698798e-02
 -2.8750000000000009e-01   1.2216083179847748e-01   8.1859298539293608e+00   5.9776235447988793e+00   4.1704475874025988e+01   3.4588730451685673e-02
 -2.8125000000000000e-01   1.2194673658237373e-01   8.2003014432822532e+00   5.9790814207412710e+00   4.1714403243268919e+01   3.3638322772896100e-02
 -2.7500000000000036e-01   1.2173531996479368e-01   8.2145428318519542e+00   5.9805210568349736e+00   4.1724206408724939e+01   3.2699347031153715e-02
 -2.6875000000000027e-01   1.2152652596093812e-01   8.2286561891963146e+00   5.9819428343070546e+00   4.1733887966350110e+01   3.1771571729396736e-02
 -2.6250000000000018e-01   1.2132030019186822e-01   8.2426436335757387e+00   5.9833471234495210e+00   4.1743450437638458e+01   3.0854771820788086e-02
 -2.5625000000000009e-01   1.2111658982663268e-01   8.2565072334963237e+00   5.9847342840133928e+00   4.1752896272305421e+01   2.9948728482755496e-02
 -2.5000000000000000e-01   1.2091534352688449e-01   8.2702490091975687e+00   5.9861046655858434e+00   4.1762227850855993e+01   2.9053228900479476e-02
 -2.4375000000000036e-01   1.2071651139386518e-01   8.2838709340868188e+00   5.9874586079512016e+00   4.1771447487042934e+01   2.8168066059373890e-02
 -2.3750000000000027e-01   1.2052004491763819e-01   8.2973749361227576e+00   5.9887964414366497e+00   4.1780557430220817e+01   2.7293038546127787e-02
 -2.3125000000000018e-01   1.2032589692846300e-01   8.3107628991498572e+00   5.9901184872433397e+00   4.1789559867600730e+01   2.6427950357901117e-02
 -2.2500000000000009e-01   1.2013402155020324e-01   8.3240366641859769e+00   5.9914250577636574e+00   4.1798456926410715e+01   2.5572610719288250e-02
 -2.1875000000000000e-01   1.1994437415567251e-01   8.3371980306648439e+00   5.9927164568852973e+00   4.1807250675966301e+01   2.4726833906684384e-02
 -2.1250000000000036e-01   1.1975691132382410e-01   8.3502487576352760e+00   5.9939929802827754e+00   4.1815943129655601e+01   2.3890439079708628e-02
 -2.0625000000000027e-01   1.1957159079869552e-01   8.3631905649189502e+00   5.9952549156969956e+00   4.1824536246843017e+01   2.3063250119356234e-02
 -2.0000000000000018e-01   1.1938837145002594e-01   8.3760251342282857e+00   5.9965025432034258e+00   4.1833031934695335e+01   2.2245095472569486e-02
 -1.9375000000000009e-01   1.1920721323546737e-01   8.3887541102460137e+00   5.9977361354694185e+00   4.1841432049933971e+01   2.1435808002932849e-02
 -1.8750000000000000e-01   1.1902807716431409e-01   8.4013791016680468e+00   5.9989559580011962e+00   4.1849738400516806e+01   2.0635224847213210e-02
 -1.8125000000000036e-01   1.1885092526268058e-01   8.4139016822109838e+00   6.0001622693809669e+00   4.1857952747252838e+01   1.9843187277480603e-02
 -1.7500000000000027e-01   1.1867572054006091e-01   8.4263233915856759e+00   6.0013553214946445e+00   4.1866076805352797e+01   1.9059540568558013e-02
 -1.6875000000000018e-01   1.1850242695720511e-01   8.4386457364382164e+00   6.0025353597505848e+00   4.1874112245918667e+01   1.8284133870561981e-02
 -1.6250000000000009e-01   1.1833100939525404e-01   8.4508701912594990e+00   6.0037026232897706e+00   4.1882060697374889e+01   1.7516820086307450e-02
 -1.5625000000000000e-01   1.1816143362607411e-01   8.4629981992646961e+00   6.0048573451878084e+00   4.1889923746843905e+01   1.6757455753362027e-02
 -1.5000000000000036e-01   1.1799366628373845e-01   8.4750311732437211e+00   6.0059997526491298e+00   4.1897702941468516e+01   1.6005900930545242e-02
 -1.4375000000000027e-01   1.1782767483710356e-01   8.4869704963837851e+00   6.0071300671937324e+00   4.1905399789683536e+01   1.5262019088678677e-02
 -1.3750000000000018e-01   1.1766342756343173e-01   8.4988175230651457e+00   6.0082485048367937e+00   4.1913015762438825e+01   1.4525677005402601e-02
 -1.3125000000000009e-01   1.1750089352301342e-01   8.5105735796310569e+00   6.0093552762614797e+00   4.1920552294376073e+01   1.3796744663883401e-02
 -1.2500000000000000e-01   1.1734004253474589e-01   8.5222399651328509e+00   6.0104505869852449e+00   4.1928010784961153e+01   1.3075095155245076e-02
 -1.1875000000000036e-01   1.1718084515262613e-01   8.5338179520510913e+00   6.0115346375198992e+00   4.1935392599574165e+01   1.2360604584565914e-02
 -1.1250000000000027e-01   1.1702327264311753e-01   8.5453087869937718e+00   6.0126076235257315e+00   4.1942699070558874e+01   1.1653151980289246e-02
 -1.0625000000000018e-01   1.1686729696335413e-01   8.5567136913722592e+00   6.0136697359599260e+00   4.1949931498233376e+01   1.0952619206904376e-02
 -1.0000000000000009e-01   1.1671289074014524e-01   8.5680338620559446e+00   6.0147211612195299e+00   4.1957091151863644e+01   1.0258890880760652e-02
 -9.3750000000000000e-02   1.1656002724974651e-01   8.5792704720063000e+00   6.0157620812792025e+00   4.1964179270601498e+01   9.5718542888842562e-03
 -8.7500000000000355e-02   1.1640868039836559e-01   8.5904246708911263e+00   6.0167926738239617e+00   4.1971197064388562e+01   8.8913993106732279e-03
 -8.1250000000000266e-02   1.1625882470337030e-01   8.6014975856797076e+00   6.0178131123771434e+00   4.1978145714827590e+01   8.2174183423523259e-03
 -7.5000000000000178e-02   1.1611043527517137e-01   8.6124903212195285e+00   6.0188235664237757e+00   4.1985026376022581e+01   7.5498062240746747e-03
 -6.8750000000000089e-02   1.1596348779974995e-01   8.6234039607952901e+00   6.0198242015295520e+00   4.1991840175388916e+01   6.8884601695624725e-03
 -6.2500000000000000e-02   1.1581795852180454e-01   8.6342395666707805e+00   6.0208151794555951e+00   4.1998588214434875e+01   6.2332796981840058e-03
 -5.6250000000000355e-02   1.1567382422849111e-01   8.6449981806142659e+00   6.0217966582691780e+00   4.2005271569515529e+01   5.5841665693689285e-03
 -5.0000000000000266e-02   1.1553106223373225e-01   8.6556808244079697e+00   6.0227687924505702e+00   4.2011891292560350e+01   4.9410247192681550e-03
 -4.3750000000000178e-02   1.1538965036307257e-01   8.6662885003421746e+00   6.0237317329961613e+00   4.2018448411775431e+01   4.3037601995691826e-03
 -3.7500000000000089e-02   1.1524956693905776e-01   8.6768221916945247e+00   6.0246856275180276e+00   4.2024943932321463e+01   3.6722811183814460e-03
 -3.1250000000000000e-02   1.1511079076711617e-01   8.6872828631950565e+00   6.0256306203400669e+00   4.2031378836968358e+01   3.0464975831102537e-03
 -2.5000000000000355e-02   1.1497330112192378e-01   8.6976714614773663e+00   6.0265668525908467e+00   4.2037754086727524e+01   2.4263216452415385e-03
 -1.8750000000000266e-02   1.1483707773423156e-01   8.7079889155165429e+00   6.0274944622933040e+00   4.2044070621462645e+01   1.8116672469630133e-03
 -1.2500000000000178e-02   1.1470210077813922e-01   8.7182361370541468e+00   6.0284135844514051e+00   4.2050329360479800e+01   1.2024501695506631e-03
 -6.2500000000005329e-03   1.1456835085879544e-01   8.7284140210108454e+00   6.0293243511338970e+00   4.2056531203097776e+01   5.9858798345264672e-04
  0.0000000000000000e+00   1.1443580900050836e-01   8.7385234458870968e+00   6.0302268915552721e+00   4.2062677029199385e+01   0.0000000000000000e+00
