# Columns: x, rho, u, p, lamdatime_step 6000
# time   3.0000000000000000e+01
 -2.3149999999999999e+01  -3.6257923554738528e-11  -5.0570228595829985e-11  -4.9892117476493609e-10  -2.9405022042831082e-22
 -2.3099999999999998e+01  -3.6257923554738528e-11  -5.0570228595829985e-11  -4.9892117476493609e-10  -2.9405022042831082e-22
 -2.3049999999999997e+01  -3.6257923554738528e-11  -5.0570228595829985e-11  -4.9892117476493609e-10  -2.9405022042831082e-22
 -2.3000000000000000e+01  -3.6257923554738528e-11  -5.0570228595829985e-11  -4.9892117476493609e-10  -2.9405022042831082e-22
 -2.2949999999999999e+01  -3.6380915272239318e-11  -5.0520482936324585e-11  -4.9925992186908991e-10  -3.1096275260385937e-22
 -2.2899999999999999e+01  -3.6464140718884474e-11  -5.0495189654976035e-11  -4.9943215174794664e-10  -3.2381842938597943e-22
 -2.2849999999999998e+01  -3.6559355213365588e-11  -5.0455393871934602e-11  -4.9970308476222221e-10  -3.3793390025628857e-22
 -2.2799999999999997e+01  -3.6651278963394220e-11  -5.0424223045498256e-11  -4.9991516939491796e-10  -3.5268951704059221e-22
 -2.2750000000000000e+01  -3.6744529199535756e-11  -5.0388220505943587e-11  -5.0015996353668411e-10  -3.6778818567805416e-22
 -2.2699999999999999e+01  -3.6836532398616321e-11  -5.0355230806314497e-11  -5.0038398263247245e-10  -3.8341749579322928e-22
 -2.2649999999999999e+01  -3.6929102422974367e-11  -5.0320673664445307e-11  -5.0061837080987377e-10  -3.9953651359429629e-22
 -2.2599999999999998e+01  -3.7021010534784700e-11  -5.0287217906153909e-11  -5.0084493842386874e-10  -4.1618486036771448e-22
 -2.2549999999999997e+01  -3.7113006711776644e-11  -5.0253308020594546e-11  -5.0107429189782373e-10  -4.3339334548723388e-22
 -2.2500000000000000e+01  -3.7204647620181875e-11  -5.0219855516767668e-11  -5.0130026613139196e-10  -4.5116084450974121e-22
 -2.2449999999999999e+01  -3.7296185264558517e-11  -5.0186335592403271e-11  -5.0152649408794779e-10  -4.6949465571631943e-22
 -2.2399999999999999e+01  -3.7387471487617252e-11  -5.0153062101860810e-11  -5.0175090132405883e-10  -4.8839895454687791e-22
 -2.2349999999999998e+01  -3.7478589267566299e-11  -5.0119859238476390e-11  -5.0197473817208563e-10  -5.0787593140094365e-22
 -2.2299999999999997e+01  -3.7569486397877849e-11  -5.0086835071775606e-11  -5.0219730450352482e-10  -5.2792680984836709e-22
 -2.2250000000000000e+01  -3.7660188529750848e-11  -5.0053929975584599e-11  -5.0241902312747269e-10  -5.4855031012656093e-22
 -2.2199999999999999e+01  -3.7750674947101471e-11  -5.0021180162011312e-11  -5.0263964867204975e-10  -5.6974348447077399e-22
 -2.2149999999999999e+01  -3.7840951353230034e-11  -4.9988564569265534e-11  -5.0285931605721676e-10  -5.9150066399161247e-22
 -2.2099999999999998e+01  -3.7931007720986770e-11  -4.9956094832154807e-11  -5.0307793366821790e-10  -6.1381355910350156e-22
 -2.2049999999999997e+01  -3.8020843141795000e-11  -4.9923763372371000e-11  -5.0329554104752446e-10  -6.3667099396935086e-22
 -2.2000000000000000e+01  -3.8110451495766958e-11  -4.9891574009028378e-11  -5.0351210260886199e-10  -6.6005853583571348e-22
 -2.1949999999999999e+01  -3.8199829871017585e-11  -4.9859524242190075e-11  -5.0372762884207666e-10  -6.8395788635576743e-22
 -2.1899999999999999e+01  -3.8288973650368119e-11  -4.9827615574611666e-11  -5.0394210557445769e-10  -7.0834710765481366e-22
 -2.1849999999999998e+01  -3.8377879339813716e-11  -4.9795847415176256e-11  -5.0415553468948457e-10  -7.3319976494721424e-22
 -2.1799999999999997e+01  -3.8466542875535948e-11  -4.9764220540904787e-11  -5.0436790975078876e-10  -7.5848439103155893e-22
 -2.1750000000000000e+01  -3.8554960573102781e-11  -4.9732734997379118e-11  -5.0457922966465034e-10  -7.8416425132432400e-22
 -2.1699999999999999e+01  -3.8643128545041750e-11  -4.9701391261422622e-11  -5.0478949029230161e-10  -8.1019681762924221e-22
 -2.1649999999999999e+01  -3.8731043018858218e-11  -4.9670189516305757e-11  -5.0499868902648221e-10  -8.3653313827469624e-22
 -2.1599999999999998e+01  -3.8818700137288996e-11  -4.9639130043886718e-11  -5.0520682191262434e-10  -8.6311719074406014e-22
 -2.1549999999999997e+01  -3.8906096069167072e-11  -4.9608212983397554e-11  -5.0541388524255257e-10  -8.8988550227470965e-22
 -2.1500000000000000e+01  -3.8993226947497103e-11  -4.9577438476992698e-11  -5.0561987466075412e-10  -9.1676621511162624e-22
 -2.1449999999999999e+01  -3.9080088915960927e-11  -4.9546806606823365e-11  -5.0582478583089851e-10  -9.4367805559165256e-22
 -2.1399999999999999e+01  -3.9166678116130698e-11  -4.9516317461299978e-11  -5.0602861424930226e-10  -9.7053014916033008e-22
 -2.1349999999999998e+01  -3.9252990706910058e-11  -4.9485971120662712e-11  -5.0623135552292772e-10  -9.9722072040209391e-22
 -2.1299999999999997e+01  -3.9339022860556724e-11  -4.9455767680941642e-11  -5.0643300530898135e-10  -1.0236359931813115e-21
 -2.1250000000000000e+01  -3.9424770767311392e-11  -4.9425707243734675e-11  -5.0663355937951298e-10  -1.0496497293441843e-21
 -2.1199999999999999e+01  -3.9510230630750024e-11  -4.9395789918173424e-11  -5.0683301355144440e-10  -1.0751216127640275e-21
 -2.1149999999999999e+01  -3.9595398665245671e-11  -4.9366015807277380e-11  -5.0703136364838392e-10  -1.0998963118210412e-21
 -2.1099999999999998e+01  -3.9680271090992175e-11  -4.9336385002053031e-11  -5.0722860542593702e-10  -1.1238020687508994e-21
 -2.1049999999999997e+01  -3.9764844132874046e-11  -4.9306897576088724e-11  -5.0742473455292645e-10  -1.1466492834153600e-21
 -2.1000000000000000e+01  -3.9849114019338613e-11  -4.9277553584170975e-11  -5.0761974659299751e-10  -1.1682288740326270e-21
 -2.0949999999999999e+01  -3.9933076982077275e-11  -4.9248353059965435e-11  -5.0781363699758564e-10  -1.1883115068340159e-21
 -2.0899999999999999e+01  -4.0016729256930557e-11  -4.9219296018974172e-11  -5.0800640111624154e-10  -1.2066447763817806e-21
 -2.0849999999999998e+01  -4.0100067085749739e-11  -4.9190382460618401e-11  -5.0819803422141097e-10  -1.2229523405141766e-21
 -2.0799999999999997e+01  -4.0183086718893605e-11  -4.9161612374658884e-11  -5.0838853154163058e-10  -1.2369306879987816e-21
 -2.0750000000000000e+01  -4.0265784417829506e-11  -4.9132985745072041e-11  -5.0857788829661553e-10  -1.2482485154975574e-21
 -2.0699999999999999e+01  -4.0348156456123730e-11  -4.9104502552550954e-11  -5.0876609970925438e-10  -1.2565434275038643e-21
 -2.0649999999999999e+01  -4.0430199119401642e-11  -4.9076162773720125e-11  -5.0895316100248438e-10  -1.2614198357292611e-21
 -2.0599999999999998e+01  -4.0511908703580824e-11  -4.9047966377030012e-11  -5.0913906737169373e-10  -1.2624461310125602e-21
 -2.0549999999999997e+01  -4.0593281512621920e-11  -4.9019913317649360e-11  -5.0932381394971047e-10  -1.2591526004853365e-21
 -2.0500000000000000e+01  -4.0674313857133858e-11  -4.8992003534389556e-11  -5.0950739578439625e-10  -1.2510275891475310e-21
 -2.0449999999999999e+01  -4.0755002053877220e-11  -4.8964236948454054e-11  -5.0968980782932298e-10  -1.2375128421748821e-21
 -2.0399999999999999e+01  -4.0835342424685413e-11  -4.8936613459888714e-11  -5.0987104492579013e-10  -1.2180030374780647e-21
 -2.0349999999999998e+01  -4.0915331296034408e-11  -4.8909132947394376e-11  -5.1005110179416700e-10  -1.1918401097144027e-21
 -2.0299999999999997e+01  -4.0994964999728713e-11  -4.8881795268360952e-11  -5.1022997304170067e-10  -1.1583100058485575e-21
 -2.0250000000000000e+01  -4.1074239874509617e-11  -4.8854600263009246e-11  -5.1040765318305652e-10  -1.1166377817363561e-21
 -2.0199999999999999e+01  -4.1153152267907591e-11  -4.8827547756999902e-11  -5.1058413666483966e-10  -1.0659837657198978e-21
 -2.0149999999999999e+01  -4.1231698537113970e-11  -4.8800637563545590e-11  -5.1075941787587619e-10  -1.0054377158442467e-21
 -2.0099999999999998e+01  -4.1309875049401646e-11  -4.8773869483739650e-11  -5.1093349115084537e-10  -9.3401386921469062e-22
 -2.0049999999999997e+01  -4.1387678181355817e-11  -4.8747243304528053e-11  -5.1110635075703268e-10  -8.5064540521688600e-22
 -2.0000000000000000e+01  -4.1465104317514517e-11  -4.8720758795432696e-11  -5.1127799087244286e-10  -7.5417858334545225e-22
 -1.9949999999999999e+01  -4.1542149849489292e-11  -4.8694415706696255e-11  -5.1144840557079800e-10  -6.4336560569194734e-22
 -1.9899999999999999e+01  -4.1618811175289801e-11  -4.8668213766973665e-11  -5.1161758880970639e-10  -5.1685825757280573e-22
 -1.9849999999999998e+01  -4.1695084699024694e-11  -4.8642152682918596e-11  -5.1178553442393096e-10  -3.7320033255548248e-22
 -1.9799999999999997e+01  -4.1770966830945987e-11  -4.8616232138303912e-11  -5.1195223612404519e-10  -2.1081927634629310e-22
 -1.9750000000000000e+01  -4.1846453987957528e-11  -4.8590451795379375e-11  -5.1211768750126804e-10  -2.8018196512416835e-23
 -1.9699999999999999e+01  -4.1921542594489912e-11  -4.8564811295956341e-11  -5.1228188203797731e-10   1.7703358942049076e-22
 -1.9649999999999999e+01  -4.1996229082774269e-11  -4.8539310261808070e-11  -5.1244481310945915e-10   4.0631022548513543e-22
 -1.9599999999999998e+01  -4.2070509892765004e-11  -4.8513948294063529e-11  -5.1260647398055414e-10   6.6193944709657350e-22
 -1.9549999999999997e+01  -4.2144381471912386e-11  -4.8488724972512070e-11  -5.1276685780022188e-10   9.4621413917347265e-22
 -1.9500000000000000e+01  -4.2217840274948539e-11  -4.8463639854785943e-11  -5.1292595759624571e-10   1.2616039074176829e-21
 -1.9449999999999999e+01  -4.2290882763432881e-11  -4.8438692475024530e-11  -5.1308376626659361e-10   1.6107681990256312e-21
 -1.9399999999999999e+01  -4.2363505405117298e-11  -4.8413882342259636e-11  -5.1324027656807674e-10   1.9965696358700403e-21
 -1.9349999999999998e+01  -4.2435704673183525e-11  -4.8389208938247971e-11  -5.1339548110329726e-10   2.4220884510554778e-21
 -1.9299999999999997e+01  -4.2507477045959578e-11  -4.8364671716952666e-11  -5.1354937231433166e-10   2.8906383061970212e-21
 -1.9250000000000000e+01  -4.2578819006859809e-11  -4.8340270103566831e-11  -5.1370194247989229e-10   3.4057828539318712e-21
 -1.9199999999999999e+01  -4.2649727044525103e-11  -4.8316003495024829e-11  -5.1385318371508251e-10   3.9713531706196512e-21
 -1.9149999999999999e+01  -4.2720197652996176e-11  -4.8291871259630665e-11  -5.1400308797189582e-10   4.5914668928070709e-21
 -1.9099999999999998e+01  -4.2790227331334998e-11  -4.8267872735979877e-11  -5.1415164703167141e-10   5.2705477275862915e-21
 -1.9049999999999997e+01  -4.2859812583607189e-11  -4.8244007232830811e-11  -5.1429885250274767e-10   6.0133481852995848e-21
 -1.9000000000000000e+01  -4.2928949919029760e-11  -4.8220274028877139e-11  -5.1444469582055941e-10   6.8249721293964705e-21
 -1.8949999999999999e+01  -4.2997635851854000e-11  -4.8196672372304711e-11  -5.1458916824387157e-10   7.7108991155012943e-21
 -1.8899999999999999e+01  -4.3065866900934502e-11  -4.8173201479389797e-11  -5.1473226084655337e-10   8.6770103568143273e-21
 -1.8849999999999998e+01  -4.3133639589155227e-11  -4.8149860533184512e-11  -5.1487396450729140e-10   9.7296173498231949e-21
 -1.8799999999999997e+01  -4.3200950442778359e-11  -4.8126648681576801e-11  -5.1501426989820370e-10   1.0875490999393428e-20
 -1.8750000000000000e+01  -4.3267795990845932e-11  -4.8103565035937544e-11  -5.1515316747424224e-10   1.2121894389746756e-20
 -1.8699999999999999e+01  -4.3334172764820848e-11  -4.8080608669955543e-11  -5.1529064746600735e-10   1.3476616220976947e-20
 -1.8649999999999999e+01  -4.3400077298072355e-11  -4.8057778618207574e-11  -5.1542669987037442e-10   1.4948006723533647e-20
 -1.8599999999999998e+01  -4.3465506125312056e-11  -4.8035073874581114e-11  -5.1556131444044209e-10   1.6545016668027024e-20
 -1.8549999999999997e+01  -4.3530455782467579e-11  -4.8012493391864235e-11  -5.1569448068170561e-10   1.8277238064680115e-20
 -1.8500000000000000e+01  -4.3594922806898027e-11  -4.7990036081815965e-11  -5.1582618785328294e-10   2.0154949176885189e-20
 -1.8449999999999999e+01  -4.3658903737355274e-11  -4.7967700814679917e-11  -5.1595642496540301e-10   2.2189160139694064e-20
 -1.8399999999999999e+01  -4.3722395113748719e-11  -4.7945486418502362e-11  -5.1608518077409584e-10   2.4391663037473414e-20
 -1.8349999999999998e+01  -4.3785393476769975e-11  -4.7923391677957366e-11  -5.1621244377391169e-10   2.6775085386664733e-20
 -1.8299999999999997e+01  -4.3847895367304209e-11  -4.7901415332848082e-11  -5.1633820218754835e-10   2.9352946561098884e-20
 -1.8250000000000000e+01  -4.3909897325705396e-11  -4.7879556076261415e-11  -5.1646244395357354e-10   3.2139719058399417e-20
 -1.8199999999999999e+01  -4.3971395890941137e-11  -4.7857812552380531e-11  -5.1658515671220607e-10   3.5150891192023499e-20
 -1.8149999999999999e+01  -4.4032387599879591e-11  -4.7836183354859481e-11  -5.1670632779325217e-10   3.8403037630868674e-20
 -1.8099999999999998e+01  -4.4092868986582738e-11  -4.7814667024735492e-11  -5.1682594420405961e-10   4.1913890331760262e-20
 -1.8049999999999997e+01  -4.4152836581738948e-11  -4.7793262049231276e-11  -5.1694399261955699e-10   4.5702418011030078e-20
 -1.8000000000000000e+01  -4.4212286912313592e-11  -4.7771966860450164e-11  -5.1706045937539639e-10   4.9788907690382389e-20
 -1.7949999999999999e+01  -4.4271216501221966e-11  -4.7750779834660484e-11  -5.1717533046146509e-10   5.4195053851059153e-20
 -1.7899999999999999e+01  -4.4329621866855844e-11  -4.7729699290677013e-11  -5.1728859151329230e-10   5.8944051680457728e-20
 -1.7849999999999998e+01  -4.4387499522490306e-11  -4.7708723488658739e-11  -5.1740022780173948e-10   6.4060697696445562e-20
 -1.7799999999999997e+01  -4.4444845975609103e-11  -4.7687850628089314e-11  -5.1751022422154361e-10   6.9571495900322530e-20
 -1.7750000000000000e+01  -4.4501657727011052e-11  -4.7667078845791228e-11  -5.1761856527670229e-10   7.5504770821142438e-20
 -1.7699999999999999e+01  -4.4557931269997284e-11  -4.7646406213803607e-11  -5.1772523506706563e-10   8.1890788743578212e-20
 -1.7649999999999999e+01  -4.4613663089586649e-11  -4.7625830737494800e-11  -5.1783021727532963e-10   8.8761886068518148e-20
 -1.7599999999999998e+01  -4.4668849661829580e-11  -4.7605350353815691e-11  -5.1793349515545303e-10   9.6152605540131572e-20
 -1.7549999999999997e+01  -4.4723487453042839e-11  -4.7584962929304913e-11  -5.1803505151996089e-10   1.0409984148506054e-19
 -1.7500000000000000e+01  -4.4777572919100154e-11  -4.7564666258458825e-11  -5.1813486872807501e-10   1.1264299521473129e-19
 -1.7449999999999999e+01  -4.4831102504668803e-11  -4.7544458061696532e-11  -5.1823292867306013e-10   1.2182413887513357e-19
 -1.7399999999999999e+01  -4.4884072642209181e-11  -4.7524335982981887e-11  -5.1832921276620002e-10   1.3168819148663120e-19
 -1.7349999999999998e+01  -4.4936479751044685e-11  -4.7504297587646358e-11  -5.1842370192177568e-10   1.4228310490898269e-19
 -1.7299999999999997e+01  -4.4988320236453278e-11  -4.7484340360124019e-11  -5.1851637654237241e-10   1.5366006152122167e-19
 -1.7250000000000000e+01  -4.5039590488637401e-11  -4.7464461701492018e-11  -5.1860721650247063e-10   1.6587368582480879e-19
 -1.7199999999999999e+01  -4.5090286881666857e-11  -4.7444658927006391e-11  -5.1869620113163871e-10   1.7898226804030380e-19
 -1.7149999999999999e+01  -4.5140405772328043e-11  -4.7424929263229465e-11  -5.1878330919638690e-10   1.9304800159905795e-19
 -1.7099999999999998e+01  -4.5189943499142870e-11  -4.7405269845938449e-11  -5.1886851888452328e-10   2.0813723800661925e-19
 -1.7049999999999997e+01  -4.5238896381424586e-11  -4.7385677717605027e-11  -5.1895180779001127e-10   2.2432075574430264e-19
 -1.7000000000000000e+01  -4.5287260718123513e-11  -4.7366149824810010e-11  -5.1903315289483238e-10   2.4167404654141725e-19
 -1.6949999999999999e+01  -4.5335032786705014e-11  -4.7346683015533290e-11  -5.1911253055132092e-10   2.6027761915767087e-19
 -1.6899999999999999e+01  -4.5382208842011015e-11  -4.7327274036561787e-11  -5.1918991646431335e-10   2.8021732508351712e-19
 -1.6849999999999998e+01  -4.5428785114955967e-11  -4.7307919530314793e-11  -5.1926528567086922e-10   3.0158470055499038e-19
 -1.6799999999999997e+01  -4.5474757811100175e-11  -4.7288616031662595e-11  -5.1933861251828530e-10   3.2447733275243699e-19
 -1.6750000000000000e+01  -4.5520123109298762e-11  -4.7269359964779316e-11  -5.1940987064320542e-10   3.4899924827441498e-19
 -1.6699999999999999e+01  -4.5564877160266483e-11  -4.7250147639764110e-11  -5.1947903294951872e-10   3.7526132569622209e-19
 -1.6649999999999999e+01  -4.5609016085190206e-11  -4.7230975249562344e-11  -5.1954607158698871e-10   4.0338173477973793e-19
 -1.6599999999999998e+01  -4.5652535974328420e-11  -4.7211838866601358e-11  -5.1961095792967825e-10   4.3348640167577197e-19
 -1.6549999999999997e+01  -4.5695432885513132e-11  -4.7192734439443632e-11  -5.1967366255300631e-10   4.6570950407772143e-19
 -1.6500000000000000e+01  -4.5737702842640121e-11  -4.7173657789254183e-11  -5.1973415521064146e-10   5.0019399687901693e-19
 -1.6449999999999999e+01  -4.5779341834130600e-11  -4.7154604606342920e-11  -5.1979240481101175e-10   5.3709217084798540e-19
 -1.6399999999999999e+01  -4.5820345811360572e-11  -4.7135570446508586e-11  -5.1984837939334940e-10   5.7656624540014242e-19
 -1.6349999999999998e+01  -4.5860710687028422e-11  -4.7116550727408388e-11  -5.1990204610288637e-10   6.1878899943538264e-19
 -1.6299999999999997e+01  -4.5900432333381053e-11  -4.7097540724409728e-11  -5.1995337116398578e-10   6.6394443809482593e-19
 -1.6250000000000000e+01  -4.5939506580356268e-11  -4.7078535566531673e-11  -5.2000231985213780e-10   7.1222850515523385e-19
 -1.6199999999999999e+01  -4.5977929213708528e-11  -4.7059530232106625e-11  -5.2004885646568437e-10   7.6384983508676489e-19
 -1.6149999999999999e+01  -4.6015695973034736e-11  -4.7040519544406014e-11  -5.2009294429615481e-10   8.1903055522933216e-19
 -1.6099999999999998e+01  -4.6052802549774816e-11  -4.7021498167103959e-11  -5.2013454559823659e-10   8.7800713526176926e-19
 -1.6049999999999997e+01  -4.6089244585159219e-11  -4.7002460599678768e-11  -5.2017362155899027e-10   9.4103128746386258e-19
 -1.6000000000000000e+01  -4.6125017668170920e-11  -4.6983401172874539e-11  -5.2021013226731919e-10   1.0083709258920632e-18
 -1.5949999999999999e+01  -4.6160117333421346e-11  -4.6964314043866009e-11  -5.2024403668217645e-10   1.0803111811765568e-18
 -1.5899999999999999e+01  -4.6194539058967755e-11  -4.6945193191453797e-11  -5.2027529259998241e-10   1.1571554796342171e-18
 -1.5849999999999998e+01  -4.6228278264119370e-11  -4.6926032411106435e-11  -5.2030385662186984e-10   1.2392266869147298e-18
 -1.5799999999999999e+01  -4.6261330307162175e-11  -4.6906825309916864e-11  -5.2032968411979043e-10   1.3268683226111831e-18
 -1.5750000000000000e+01  -4.6293690483005300e-11  -4.6887565301324438e-11  -5.2035272920149301e-10   1.4204458475456904e-18
 -1.5699999999999999e+01  -4.6325354020749822e-11  -4.6868245599730698e-11  -5.2037294467441201e-10   1.5203480302183774e-18
 -1.5649999999999999e+01  -4.6356316081215315e-11  -4.6848859215005391e-11  -5.2039028200897046e-10   1.6269883980132724e-18
 -1.5600000000000000e+01  -4.6386571754354325e-11  -4.6829398946729779e-11  -5.2040469130025822e-10   1.7408067719241896e-18
 -1.5549999999999999e+01  -4.6416116056549569e-11  -4.6809857378238513e-11  -5.2041612122807290e-10   1.8622709006854870e-18
 -1.5500000000000000e+01  -4.6444943927814844e-11  -4.6790226870390617e-11  -5.2042451901555211e-10   1.9918781868602345e-18
 -1.5449999999999999e+01  -4.6473050228972077e-11  -4.6770499555393078e-11  -5.2042983038752367e-10   2.1301575250570315e-18
 -1.5399999999999999e+01  -4.6500429738800290e-11  -4.6750667330466788e-11  -5.2043199952843121e-10   2.2776712449438369e-18
 -1.5350000000000000e+01  -4.6527077151042862e-11  -4.6730721851224943e-11  -5.2043096903823329e-10   2.4350171724618519e-18
 -1.5299999999999999e+01  -4.6552987071374393e-11  -4.6710654525049994e-11  -5.2042667988777344e-10   2.6028308189171633e-18
 -1.5250000000000000e+01  -4.6578154014307261e-11  -4.6690456504214308e-11  -5.2041907137325634e-10   2.7817876979097656e-18
 -1.5199999999999999e+01  -4.6602572400012806e-11  -4.6670118678933325e-11  -5.2040808106953501e-10   2.9726057827928609e-18
 -1.5149999999999999e+01  -4.6626236551108046e-11  -4.6649631670283445e-11  -5.2039364478291576e-10   3.1760481124205903e-18
 -1.5100000000000000e+01  -4.6649140689333500e-11  -4.6628985822910106e-11  -5.2037569650240263e-10   3.3929255516534066e-18
 -1.5049999999999999e+01  -4.6671278932091671e-11  -4.6608171197400726e-11  -5.2035416834894629e-10   3.6240997170653750e-18
 -1.5000000000000000e+01  -4.6692645288917797e-11  -4.6587177562608570e-11  -5.2032899052375923e-10   3.8704860793746214e-18
 -1.4949999999999999e+01  -4.6713233657863706e-11  -4.6565994387662280e-11  -5.2030009125536129e-10   4.1330572485295760e-18
 -1.4899999999999999e+01  -4.6733037821772194e-11  -4.6544610833864155e-11  -5.2026739674509010e-10   4.4128464560262852e-18
 -1.4850000000000000e+01  -4.6752051444483268e-11  -4.6523015746348879e-11  -5.2023083111163225e-10   4.7109512445193189e-18
 -1.4799999999999999e+01  -4.6770268066951369e-11  -4.6501197645626107e-11  -5.2019031633429330e-10   5.0285373755280599e-18
 -1.4750000000000000e+01  -4.6787681103280795e-11  -4.6479144718890167e-11  -5.2014577219510034e-10   5.3668429697133969e-18
 -1.4699999999999999e+01  -4.6804283836654331e-11  -4.6456844811143346e-11  -5.2009711621938671e-10   5.7271828936302872e-18
 -1.4649999999999999e+01  -4.6820069415173828e-11  -4.6434285416110706e-11  -5.2004426361512023e-10   6.1109534034258350e-18
 -1.4600000000000000e+01  -4.6835030847598639e-11  -4.6411453666941410e-11  -5.1998712721077480e-10   6.5196370654612233e-18
 -1.4549999999999999e+01  -4.6849160998994496e-11  -4.6388336326723957e-11  -5.1992561739192953e-10   6.9548079664844588e-18
 -1.4500000000000000e+01  -4.6862452586298387e-11  -4.6364919778817629e-11  -5.1985964203666947e-10   7.4181372299838730e-18
 -1.4449999999999999e+01  -4.6874898173788862e-11  -4.6341190016996520e-11  -5.1978910644964319e-10   7.9113988585534462e-18
 -1.4399999999999999e+01  -4.6886490168416237e-11  -4.6317132635247174e-11  -5.1971391329410007e-10   8.4364759169065113e-18
 -1.4350000000000000e+01  -4.6897220815031125e-11  -4.6292732817422249e-11  -5.1963396252250264e-10   8.9953670816172316e-18
 -1.4299999999999999e+01  -4.6907082191552513e-11  -4.6267975326713782e-11  -5.1954915130626394e-10   9.5901935714309691e-18
 -1.4250000000000000e+01  -4.6916066204017133e-11  -4.6242844494878864e-11  -5.1945937396378794e-10   1.0223206483911523e-17
 -1.4199999999999999e+01  -4.6924164581527743e-11  -4.6217324211273292e-11  -5.1936452188707621e-10   1.0896794560538222e-17
 -1.4149999999999999e+01  -4.6931368871101746e-11  -4.6191397911637184e-11  -5.1926448346689947e-10   1.1613492404982999e-17
 -1.4100000000000000e+01  -4.6937670432429313e-11  -4.6165048566726051e-11  -5.1915914401668844e-10   1.2375989179900793e-17
 -1.4049999999999999e+01  -4.6943060432549225e-11  -4.6138258670733046e-11  -5.1904838569524409e-10   1.3187137809188954e-17
 -1.4000000000000000e+01  -4.6947529840419941e-11  -4.6111010229506454e-11  -5.1893208742795053e-10   1.4049964714093424e-17
 -1.3949999999999999e+01  -4.6951069421392319e-11  -4.6083284748547854e-11  -5.1881012482658286e-10   1.4967680115196894e-17
 -1.3899999999999999e+01  -4.6953669731581490e-11  -4.6055063220806869e-11  -5.1868237010767516e-10   1.5943688928559305e-17
 -1.3850000000000000e+01  -4.6955321112125190e-11  -4.6026326114204931e-11  -5.1854869200925148e-10   1.6981602294002498e-17
 -1.3799999999999999e+01  -4.6956013683356035e-11  -4.5997053359023303e-11  -5.1840895570634490e-10   1.8085249766887073e-17
 -1.3750000000000000e+01  -4.6955737338891173e-11  -4.5967224335061208e-11  -5.1826302272531490e-10   1.9258692212206790e-17
 -1.3699999999999999e+01  -4.6954481739616551e-11  -4.5936817858608884e-11  -5.1811075085666465e-10   2.0506235441310243e-17
 -1.3649999999999999e+01  -4.6952236307581458e-11  -4.5905812169196620e-11  -5.1795199406656768e-10   2.1832444630000159e-17
 -1.3600000000000000e+01  -4.6948990219818752e-11  -4.5874184916215927e-11  -5.1778660240733534e-10   2.3242159565794551e-17
 -1.3549999999999999e+01  -4.6944732402105517e-11  -4.5841913145385852e-11  -5.1761442192702650e-10   2.4740510764808296e-17
 -1.3500000000000000e+01  -4.6939451522650704e-11  -4.5808973285079794e-11  -5.1743529457801004e-10   2.6332936512547894e-17
 -1.3449999999999999e+01  -4.6933135985709434e-11  -4.5775341132487116e-11  -5.1724905812447642e-10   2.8025200874539277e-17
 -1.3399999999999999e+01  -4.6925773925109545e-11  -4.5740991839580559e-11  -5.1705554604868002e-10   2.9823412732823279e-17
 -1.3350000000000000e+01  -4.6917353197710850e-11  -4.5705899898957311e-11  -5.1685458745622234e-10   3.1734045905514783e-17
 -1.3299999999999999e+01  -4.6907861376812178e-11  -4.5670039129548425e-11  -5.1664600698057723e-10   3.3763960408058667e-17
 -1.3250000000000000e+01  -4.6897285745508247e-11  -4.5633382662233692e-11  -5.1642962468689335e-10   3.5920424918840995e-17
 -1.3199999999999999e+01  -4.6885613290006350e-11  -4.5595902925360459e-11  -5.1620525597521283e-10   3.8211140513575604e-17
 -1.3149999999999999e+01  -4.6872830692902362e-11  -4.5557571630176301e-11  -5.1597271148310113e-10   4.0644265742282523e-17
 -1.3100000000000000e+01  -4.6858924326428398e-11  -4.5518359756205522e-11  -5.1573179698786460e-10   4.3228443117134914e-17
 -1.3049999999999999e+01  -4.6843880245674433e-11  -4.5478237536554450e-11  -5.1548231330837774e-10   4.5972827089056218e-17
 -1.3000000000000000e+01  -4.6827684181802242e-11  -4.5437174443217968e-11  -5.1522405620680179e-10   4.8887113598161631e-17
 -1.2949999999999999e+01  -4.6810321535269727e-11  -4.5395139172391191e-11  -5.1495681629043301e-10   5.1981571276630573e-17
 -1.2899999999999999e+01  -4.6791777369061596e-11  -4.5352099629800675e-11  -5.1468037891363471e-10   5.5267074398128199e-17
 -1.2850000000000000e+01  -4.6772036401932530e-11  -4.5308022916056463e-11  -5.1439452407993157e-10   5.8755137664440267e-17
 -1.2799999999999999e+01  -4.6751083001672984e-11  -4.5262875312046208e-11  -5.1409902634441118e-10   6.2457952930991549e-17
 -1.2750000000000000e+01  -4.6728901178435727e-11  -4.5216622264474782e-11  -5.1379365471698914e-10   6.6388427974043200e-17
 -1.2699999999999999e+01  -4.6705474578137369e-11  -4.5169228371538012e-11  -5.1347817256672219e-10   7.0560227407213357e-17
 -1.2649999999999999e+01  -4.6680786475934963e-11  -4.5120657368772083e-11  -5.1315233752718628e-10   7.4987815864381072e-17
 -1.2600000000000000e+01  -4.6654819769796235e-11  -4.5070872115088894e-11  -5.1281590140317380e-10   7.9686503565672352e-17
 -1.2549999999999999e+01  -4.6627556974179270e-11  -4.5019834579051520e-11  -5.1246861007893764e-10   8.4672494398203010e-17
 -1.2500000000000000e+01  -4.6598980213842847e-11  -4.4967505825419062e-11  -5.1211020342828558e-10   8.9962936638837639e-17
 -1.2449999999999999e+01  -4.6569071217805186e-11  -4.4913846002009726e-11  -5.1174041522677800e-10   9.5575976462152149e-17
 -1.2400000000000000e+01  -4.6537811313477372e-11  -4.4858814326935112e-11  -5.1135897306640117e-10   1.0153081437751227e-16
 -1.2350000000000000e+01  -4.6505181420986884e-11  -4.4802369076227576e-11  -5.1096559827293527e-10   1.0784776474868832e-16
 -1.2299999999999999e+01  -4.6471162047722997e-11  -4.4744467571956263e-11  -5.1056000582647799e-10   1.1454831855886392e-16
 -1.2250000000000000e+01  -4.6435733283127932e-11  -4.4685066170841345e-11  -5.1014190428545209e-10   1.2165520958700532e-16
 -1.2199999999999999e+01  -4.6398874793760712e-11  -4.4624120253468687e-11  -5.0971099571449274e-10   1.2919248417409565e-16
 -1.2150000000000000e+01  -4.6360565818673356e-11  -4.4561584214154245e-11  -5.0926697561677379e-10   1.3718557476443159e-16
 -1.2100000000000000e+01  -4.6320785165116516e-11  -4.4497411451513248e-11  -5.0880953287101724e-10   1.4566137741575016e-16
 -1.2049999999999999e+01  -4.6279511204602410e-11  -4.4431554359783927e-11  -5.0833834967358348e-10   1.5464833347993035e-16
 -1.2000000000000000e+01  -4.6236721869365519e-11  -4.4363964321003867e-11  -5.0785310148621848e-10   1.6417651567208659e-16
 -1.1949999999999999e+01  -4.6192394649259462e-11  -4.4294591698107683e-11  -5.0735345699001054e-10   1.7427771874643495e-16
 -1.1900000000000000e+01  -4.6146506589118300e-11  -4.4223385829011001e-11  -5.0683907804594950e-10   1.8498555501295841e-16
 -1.1850000000000000e+01  -4.6099034286625410e-11  -4.4150295021779168e-11  -5.0630961966271612e-10   1.9633555494235181e-16
 -1.1799999999999999e+01  -4.6049953890732218e-11  -4.4075266550957592e-11  -5.0576472997229265e-10   2.0836527311107782e-16
 -1.1750000000000000e+01  -4.5999241100669830e-11  -4.3998246655172410e-11  -5.0520405021401956e-10   2.2111439975551517e-16
 -1.1699999999999999e+01  -4.5946871165594382e-11  -4.3919180536066914e-11  -5.0462721472767203e-10   2.3462487821384355e-16
 -1.1650000000000000e+01  -4.5892818884912502e-11  -4.3838012358697641e-11  -5.0403385095622250e-10   2.4894102854836214e-16
 -1.1600000000000000e+01  -4.5837058609338961e-11  -4.3754685253476943e-11  -5.0342357945902918e-10   2.6410967764986521e-16
 -1.1549999999999999e+01  -4.5779564242734131e-11  -4.3669141319781606e-11  -5.0279601393613219e-10   2.8018029614860430e-16
 -1.1500000000000000e+01  -4.5720309244778585e-11  -4.3581321631340911e-11  -5.0215076126447620e-10   2.9720514245656432e-16
 -1.1449999999999999e+01  -4.5659266634534801e-11  -4.3491166243510267e-11  -5.0148742154676568e-10   3.1523941429088611e-16
 -1.1400000000000000e+01  -4.5596408994950125e-11  -4.3398614202548474e-11  -5.0080558817372950e-10   3.3434140804125085e-16
 -1.1350000000000000e+01  -4.5531708478364274e-11  -4.3303603557035484e-11  -5.0010484790070086e-10   3.5457268635498079e-16
 -1.1299999999999999e+01  -4.5465136813082220e-11  -4.3206071371554382e-11  -4.9938478093937348e-10   3.7599825433314582e-16
 -1.1250000000000000e+01  -4.5396665311071390e-11  -4.3105953742766673e-11  -4.9864496106557667e-10   3.9868674474650445e-16
 -1.1199999999999999e+01  -4.5326264876849631e-11  -4.3003185818024599e-11  -4.9788495574402000e-10   4.2271061269483909e-16
 -1.1150000000000000e+01  -4.5253906017629227e-11  -4.2897701816652070e-11  -4.9710432627093200e-10   4.4814634015468740e-16
 -1.1100000000000000e+01  -4.5179558854784343e-11  -4.2789435054047689e-11  -4.9630262793555919e-10   4.7507465087221934e-16
 -1.1049999999999999e+01  -4.5103193136712036e-11  -4.2678317968749381e-11  -4.9547941020152228e-10   5.0358073608039457e-16
 -1.1000000000000000e+01  -4.5024778253156541e-11  -4.2564282152615866e-11  -4.9463421690902257e-10   5.3375449153458495e-16
 -1.0949999999999999e+01  -4.4944283251074654e-11  -4.2447258384289120e-11  -4.9376658649901136e-10   5.6569076638547225e-16
 -1.0900000000000000e+01  -4.4861676852114853e-11  -4.2327176666089608e-11  -4.9287605226035430e-10   5.9948962441817256e-16
 -1.0850000000000000e+01  -4.4776927471782207e-11  -4.2203966264500864e-11  -4.9196214260101706e-10   6.3525661821210159e-16
 -1.0799999999999999e+01  -4.4690003240365772e-11  -4.2077555754405045e-11  -4.9102438134436712e-10   6.7310307679594260e-16
 -1.0750000000000000e+01  -4.4600872025705826e-11  -4.1947873067234637e-11  -4.9006228805169242e-10   7.1314640738677540e-16
 -1.0699999999999999e+01  -4.4509501457879191e-11  -4.1814845543205619e-11  -4.8907537837204861e-10   7.5551041182867182e-16
 -1.0650000000000000e+01  -4.4415858955881993e-11  -4.1678399987803583e-11  -4.8806316442057105e-10   8.0032561836151572e-16
 -1.0600000000000000e+01  -4.4319911756386679e-11  -4.1538462732680272e-11  -4.8702515518633779e-10   8.4772962937361519e-16
 -1.0549999999999999e+01  -4.4221626944652278e-11  -4.1394959701136619e-11  -4.8596085697091397e-10   8.9786748580904607e-16
 -1.0500000000000000e+01  -4.4120971487668980e-11  -4.1247816478357681e-11  -4.8486977385872840e-10   9.5089204892562211e-16
 -1.0449999999999999e+01  -4.4017912269610858e-11  -4.1096958386558154e-11  -4.8375140822033165e-10   1.0069644001121690e-15
 -1.0400000000000000e+01  -4.3912416129672638e-11  -4.0942310565201764e-11  -4.8260526124961744e-10   1.0662542594997178e-15
 -1.0350000000000000e+01  -4.3804449902365148e-11  -4.0783798056449140e-11  -4.8143083353606522e-10   1.1289404241159440e-15
 -1.0299999999999999e+01  -4.3693980460341840e-11  -4.0621345895991278e-11  -4.8022762567303434e-10   1.1952112263517888e-15
 -1.0250000000000000e+01  -4.3580974759826843e-11  -4.0454879209414587e-11  -4.7899513890311049e-10   1.2652650135289812e-15
 -1.0199999999999999e+01  -4.3465399888712071e-11  -4.0284323314242454e-11  -4.7773287580146165e-10   1.3393106493701576e-15
 -1.0150000000000000e+01  -4.3347223117389754e-11  -4.0109603827793186e-11  -4.7644034099814512e-10   1.4175680381914279e-15
 -1.0100000000000000e+01  -4.3226411952381389e-11  -3.9930646780982584e-11  -4.7511704194023232e-10   1.5002686726500304e-15
 -1.0049999999999999e+01  -4.3102934192819225e-11  -3.9747378738189340e-11  -4.7376248969454324e-10   1.5876562058950908e-15
 -1.0000000000000000e+01  -4.2976757989832314e-11  -3.9559726923293042e-11  -4.7237619979172668e-10   1.6799870489771786e-15
 -9.9499999999999993e+00  -4.2847851908884556e-11  -3.9367619351984102e-11  -4.7095769311235664e-10   1.7775309943832908e-15
 -9.9000000000000004e+00  -4.2716184995106487e-11  -3.9170984970431969e-11  -4.6950649681563277e-10   1.8805718665699142e-15
 -9.8499999999999996e+00  -4.2581726841656898e-11  -3.8969753800388667e-11  -4.6802214531119397e-10   1.9894082003720836e-15
 -9.7999999999999989e+00  -4.2444447661141604e-11  -3.8763857090779499e-11  -4.6650418127442259e-10   2.1043539481621285e-15
 -9.7500000000000000e+00  -4.2304318360110401e-11  -3.8553227475828216e-11  -4.6495215670553524e-10   2.2257392166379536e-15
 -9.6999999999999993e+00  -4.2161310616647656e-11  -3.8337799139743753e-11  -4.6336563403267050e-10   2.3539110341046979e-15
 -9.6500000000000004e+00  -4.2015396961059904e-11  -3.8117507987972389e-11  -4.6174418725901033e-10   2.4892341491084878e-15
 -9.5999999999999996e+00  -4.1866550859656834e-11  -3.7892291825007643e-11  -4.6008740315388185e-10   2.6320918612629866e-15
 -9.5499999999999989e+00  -4.1714746801614667e-11  -3.7662090538727443e-11  -4.5839488248766559e-10   2.7828868850895431e-15
 -9.5000000000000000e+00  -4.1559960388899003e-11  -3.7426846291208413e-11  -4.5666624131017891e-10   2.9420422476610656e-15
 -9.4499999999999993e+00  -4.1402168429213956e-11  -3.7186503715941093e-11  -4.5490111227205233e-10   3.1100022208093063e-15
 -9.4000000000000004e+00  -4.1241349031931467e-11  -3.6941010121343582e-11  -4.5309914598843222e-10   3.2872332886078784e-15
 -9.3499999999999996e+00  -4.1077481706946946e-11  -3.6690315700454700e-11  -4.5126001244423294e-10   3.4742251508002443e-15
 -9.2999999999999989e+00  -4.0910547466398444e-11  -3.6434373746667739e-11  -4.4938340244003671e-10   3.6714917627772997e-15
 -9.2500000000000000e+00  -4.0740528929170555e-11  -3.6173140875329018e-11  -4.4746902907751084e-10   3.8795724126369778e-15
 -9.1999999999999993e+00  -4.0567410428094394e-11  -3.5906577251009117e-11  -4.4551662928307203e-10   4.0990328357849901e-15
 -9.1500000000000004e+00  -4.0391178119745920e-11  -3.5634646820230529e-11  -4.4352596536840126e-10   4.3304663674352178e-15
 -9.0999999999999996e+00  -4.0211820096730346e-11  -3.5357317549404035e-11  -4.4149682662620461e-10   4.5744951332626646e-15
 -9.0499999999999989e+00  -4.0029326502330619e-11  -3.5074561667709242e-11  -4.3942903095948182e-10   4.8317712783436412e-15
 -9.0000000000000000e+00  -3.9843689647386759e-11  -3.4786355914622928e-11  -4.3732242654240274e-10   5.1029782343723557e-15
 -8.9499999999999993e+00  -3.9654904129261234e-11  -3.4492681791781604e-11  -4.3517689351073566e-10   5.3888320249919710e-15
 -8.9000000000000004e+00  -3.9462966952737542e-11  -3.4193525818839478e-11  -4.3299234567965204e-10   5.6900826088990262e-15
 -8.8499999999999996e+00  -3.9267877652688025e-11  -3.3888879792964000e-11  -4.3076873228658626e-10   6.0075152601818888e-15
 -8.7999999999999989e+00  -3.9069638418338955e-11  -3.3578741051590065e-11  -4.2850603975671268e-10   6.3419519851335692e-15
 -8.7500000000000000e+00  -3.8868254218952496e-11  -3.3263112738037015e-11  -4.2620429348849384e-10   6.6942529745285086e-15
 -8.6999999999999993e+00  -3.8663732930738424e-11  -3.2942004069574954e-11  -4.2386355965665559e-10   7.0653180900816334e-15
 -8.6500000000000004e+00  -3.8456085464804170e-11  -3.2615430607520828e-11  -4.2148394702989835e-10   7.4560883834974144e-15
 -8.5999999999999996e+00  -3.8245325895946747e-11  -3.2283414528927418e-11  -4.1906560880058637e-10   7.8675476461769563e-15
 -8.5499999999999989e+00  -3.8031471592086673e-11  -3.1945984899424924e-11  -4.1660874442361519e-10   8.3007239872783784e-15
 -8.5000000000000000e+00  -3.7814543344143061e-11  -3.1603177946768425e-11  -4.1411360146165801e-10   8.7566914374013356e-15
 -8.4499999999999993e+00  -3.7594565496149524e-11  -3.1255037334645748e-11  -4.1158047743400324e-10   9.2365715747156439e-15
 -8.4000000000000004e+00  -3.7371566075411932e-11  -3.0901614436300756e-11  -4.0900972166623516e-10   9.7415351698402093e-15
 -8.3499999999999996e+00  -3.7145576922513199e-11  -3.0542968607534730e-11  -4.0640173713807451e-10   1.0272803845224375e-14
 -8.2999999999999989e+00  -3.6916633820976256e-11  -3.0179167458660467e-11  -4.0375698232680100e-10   1.0831651744166347e-14
 -8.2500000000000000e+00  -3.6684776626404252e-11  -2.9810287124997036e-11  -4.0107597304380655e-10   1.1419407203932192e-14
 -8.1999999999999993e+00  -3.6450049394926659e-11  -2.9436412535513608e-11  -3.9835928426198566e-10   1.2037454426697638e-14
 -8.1500000000000004e+00  -3.6212500510791485e-11  -2.9057637679251280e-11  -3.9560755193184867e-10   1.2687235141222820e-14
 -8.0999999999999996e+00  -3.5972182812956595e-11  -2.8674065869178928e-11  -3.9282147478445390e-10   1.3370250247282010e-14
 -8.0500000000000007e+00  -3.5729153720549094e-11  -2.8285810003169283e-11  -3.9000181611950021e-10   1.4088061433897183e-14
 -8.0000000000000000e+00  -3.5483475357078981e-11  -2.7892992821816720e-11  -3.8714940557719840e-10   1.4842292761364244e-14
 -7.9499999999999993e+00  -3.5235214673311767e-11  -2.7495747162854194e-11  -3.8426514089282651e-10   1.5634632195891493e-14
 -7.9000000000000004e+00  -3.4984443568723427e-11  -2.7094216211963621e-11  -3.8134998963317527e-10   1.6466833084408960e-14
 -7.8499999999999996e+00  -3.4731239011483364e-11  -2.6688553749820596e-11  -3.7840499091443669e-10   1.7340715555715484e-14
 -7.8000000000000007e+00  -3.4475683156932553e-11  -2.6278924395252990e-11  -3.7543125710143624e-10   1.8258167832627275e-14
 -7.7500000000000000e+00  -3.4217863464545814e-11  -2.5865503844440168e-11  -3.7242997548844965e-10   1.9221147438140930e-14
 -7.6999999999999993e+00  -3.3957872813389778e-11  -2.5448479106121409e-11  -3.6940240996222004e-10   2.0231682276831751e-14
 -7.6500000000000004e+00  -3.3695809616109338e-11  -2.5028048732824554e-11  -3.6634990264812909e-10   2.1291871570760366e-14
 -7.5999999999999996e+00  -3.3431777931496456e-11  -2.4604423048166793e-11  -3.6327387554082916e-10   2.2403886627034931e-14
 -7.5500000000000007e+00  -3.3165887575714822e-11  -2.4177824370317385e-11  -3.6017583212097332e-10   2.3569971411866796e-14
 -7.5000000000000000e+00  -3.2898254232270220e-11  -2.3748487231741202e-11  -3.5705735895996786e-10   2.4792442903446426e-14
 -7.4499999999999993e+00  -3.2628999560831873e-11  -2.3316658595373350e-11  -3.5392012731495474e-10   2.6073691193244710e-14
 -7.4000000000000004e+00  -3.2358251305020573e-11  -2.2882598067388414e-11  -3.5076589471643787e-10   2.7416179302370869e-14
 -7.3499999999999996e+00  -3.2086143399286330e-11  -2.2446578106742872e-11  -3.4759650655114150e-10   2.8822442676414671e-14
 -7.3000000000000007e+00  -3.1812816074999880e-11  -2.2008884231662541e-11  -3.4441389764277633e-10   3.0295088318695636e-14
 -7.2500000000000000e+00  -3.1538415965877654e-11  -2.1569815223236621e-11  -3.4122009383340733e-10   3.1836793518064801e-14
 -7.1999999999999993e+00  -3.1263096212850310e-11  -2.1129683326250241e-11  -3.3801721356805341e-10   3.3450304123290706e-14
 -7.1500000000000004e+00  -3.0987016568465708e-11  -2.0688814447344877e-11  -3.3480746948497492e-10   3.5138432311603744e-14
 -7.1000000000000014e+00  -3.0710343500892681e-11  -2.0247548350536329e-11  -3.3159317001383842e-10   3.6904053794146098e-14
 -7.0500000000000007e+00  -3.0433250297555782e-11  -1.9806238850039171e-11  -3.2837672098353995e-10   3.8750104395841863e-14
 -7.0000000000000000e+00  -3.0155917168386137e-11  -1.9365254000245444e-11  -3.2516062724092625e-10   4.0679575941520066e-14
 -6.9499999999999993e+00  -2.9878531348618309e-11  -1.8924976282583707e-11  -3.2194749428098557e-10   4.2695511373993557e-14
 -6.8999999999999986e+00  -2.9601287200996449e-11  -1.8485802788837976e-11  -3.1874002988824527e-10   4.4800999023123753e-14
 -6.8500000000000014e+00  -2.9324386317174199e-11  -1.8048145400335852e-11  -3.1554104578812438e-10   4.6999165937711682e-14
 -6.8000000000000007e+00  -2.9048037618002798e-11  -1.7612430962219568e-11  -3.1235345930583749e-10   4.9293170184234584e-14
 -6.7500000000000000e+00  -2.8772457452298812e-11  -1.7179101451793013e-11  -3.0918029502913106e-10   5.1686192008010708e-14
 -6.6999999999999993e+00  -2.8497869693566777e-11  -1.6748614139689730e-11  -3.0602468646963140e-10   5.4181423743219501e-14
 -6.6499999999999986e+00  -2.8224505834023309e-11  -1.6321441742332697e-11  -3.0288987771591626e-10   5.6782058348301484e-14
 -6.6000000000000014e+00  -2.7952605075126911e-11  -1.5898072563855794e-11  -2.9977922506957585e-10   5.9491276432545351e-14
 -6.5500000000000007e+00  -2.7682414413663996e-11  -1.5479010625333840e-11  -2.9669619865352775e-10   6.2312231628060733e-14
 -6.5000000000000000e+00  -2.7414188722274530e-11  -1.5064775778816808e-11  -2.9364438397967713e-10   6.5248034148773803e-14
 -6.4499999999999993e+00  -2.7148190823122956e-11  -1.4655903803295214e-11  -2.9062748346070138e-10   6.8301732364479222e-14
 -6.3999999999999986e+00  -2.6884691553230807e-11  -1.4252946479329932e-11  -2.8764931784827912e-10   7.1476292203252928e-14
 -6.3500000000000014e+00  -2.6623969819788433e-11  -1.3856471638672028e-11  -2.8471382757750810e-10   7.4774574179583721e-14
 -6.3000000000000007e+00  -2.6366312643556571e-11  -1.3467063184774803e-11  -2.8182507399458511e-10   7.8199307828307992e-14
 -6.2500000000000000e+00  -2.6112015188254640e-11  -1.3085321079667778e-11  -2.7898724044207768e-10   8.1753063305711977e-14
 -6.1999999999999993e+00  -2.5861380773613711e-11  -1.2711861292222023e-11  -2.7620463317331840e-10   8.5438219898901939e-14
 -6.1499999999999986e+00  -2.5614720869549463e-11  -1.2347315702395702e-11  -2.7348168206463982e-10   8.9256931162548633e-14
 -6.1000000000000014e+00  -2.5372355068687312e-11  -1.1992331955609867e-11  -2.7082294109136552e-10   9.3211086378301953e-14
 -6.0500000000000007e+00  -2.5134611034249120e-11  -1.1647573260976614e-11  -2.6823308853072444e-10   9.7302268006316007e-14
 -6.0000000000000000e+00  -2.4901824420093341e-11  -1.1313718126689353e-11  -2.6571692685220705e-10   1.0153170477029626e-13
 -5.9499999999999993e+00  -2.4674338759487913e-11  -1.0991460025493131e-11  -2.6327938225335747e-10   1.0590021998703868e-13
 -5.8999999999999986e+00  -2.4452505318992382e-11  -1.0681506982790342e-11  -2.6092550379665071e-10   1.1040817471839490e-13
 -5.8500000000000014e+00  -2.4236682913634440e-11  -1.0384581079610186e-11  -2.5866046210098488e-10   1.1505540528768652e-13
 -5.8000000000000007e+00  -2.4027237679389246e-11  -1.0101417862383146e-11  -2.5648954753945461e-10   1.1984115466356675e-13
 -5.7500000000000000e+00  -2.3824542798810078e-11  -9.8327656512260128e-12  -2.5441816789352894e-10   1.2476399717189334e-13
 -5.6999999999999993e+00  -2.3628978175519145e-11  -9.5793847382616458e-12  -2.5245184541256961e-10   1.2982175594998840e-13
 -5.6499999999999986e+00  -2.3440930053149733e-11  -9.3420464673794998e-12  -2.5059621322683831e-10   1.3501141250737892e-13
 -5.6000000000000014e+00  -2.3260790574237075e-11  -9.1215321867915370e-12  -2.4885701106179108e-10   1.4032900770232857e-13
 -5.5500000000000007e+00  -2.3088957274487992e-11  -8.9186320657621660e-12  -2.4724008020159039e-10   1.4576953338375528e-13
 -5.5000000000000000e+00  -2.2925832507819374e-11  -8.7341437669929340e-12  -2.4575135765040770e-10   1.5132681388297452e-13
 -5.4499999999999993e+00  -2.2771822797544441e-11  -8.5688709663288282e-12  -2.4439686944127984e-10   1.5699337646860917e-13
 -5.3999999999999986e+00  -2.2627338109103541e-11  -8.4236217117253435e-12  -2.4318272304403375e-10   1.6276030980031915e-13
 -5.3500000000000014e+00  -2.2492791039782266e-11  -8.2992066137759118e-12  -2.4211509882612594e-10   1.6861710933211198e-13
 -5.3000000000000007e+00  -2.2368595920934587e-11  -8.1964368605510421e-12  -2.4120024052317275e-10   1.7455150852312848e-13
 -5.2500000000000000e+00  -2.2255167828330236e-11  -8.1161220500428510e-12  -2.4044444467947858e-10   1.8054929461216138e-13
 -5.1999999999999993e+00  -2.2152921496370253e-11  -8.0590678341380725e-12  -2.3985404902297624e-10   1.8659410760083599e-13
 -5.1499999999999986e+00  -2.2062270132061454e-11  -8.0260733687617313e-12  -2.3943541974369521e-10   1.9266722096839656e-13
 -5.1000000000000014e+00  -2.1983624124803644e-11  -8.0179285656321270e-12  -2.3919493765011534e-10   1.9874730250722366e-13
 -5.0500000000000007e+00  -2.1917389648218005e-11  -8.0354111419457725e-12  -2.3913898318353153e-10   2.0481015352139268e-13
 -5.0000000000000000e+00  -2.1863967150425943e-11  -8.0792834652593072e-12  -2.3927392027681101e-10   2.1082842446936666e-13
 -4.9499999999999993e+00  -2.1823749729366597e-11  -8.1502891918462605e-12  -2.3960607905060689e-10   2.1677130495478098e-13
 -4.8999999999999986e+00  -2.1797121389910161e-11  -8.2491496978708396e-12  -2.4014173734715093e-10   2.2260418577456776e-13
 -4.8500000000000014e+00  -2.1784455179674015e-11  -8.3765603038284045e-12  -2.4088710110911519e-10   2.2828829051951867e-13
 -4.8000000000000007e+00  -2.1786111200568338e-11  -8.5331862938411308e-12  -2.4184828361863811e-10   2.3378027398672132e-13
 -4.7500000000000000e+00  -2.1802434493176295e-11  -8.7196587325557869e-12  -2.4303128361937618e-10   2.3903178440390933e-13
 -4.6999999999999993e+00  -2.1833752791096954e-11  -8.9365700835549073e-12  -2.4444196235228595e-10   2.4398898618005181e-13
 -4.6499999999999986e+00  -2.1880374142333610e-11  -9.1844696343492349e-12  -2.4608601954366759e-10   2.4859203958180319e-13
 -4.6000000000000014e+00  -2.1942584394678954e-11  -9.4638587341542181e-12  -2.4796896839173402e-10   2.5277453338860715e-13
 -4.5500000000000007e+00  -2.2020644541816037e-11  -9.7751858517537042e-12  -2.5009610960551026e-10   2.5646286619701815e-13
 -4.5000000000000000e+00  -2.2114787926499768e-11  -1.0118841461803853e-11  -2.5247250455712724e-10   2.5957557162343113e-13
 -4.4499999999999993e+00  -2.2225217296689063e-11  -1.0495152768919820e-11  -2.5510294761548090e-10   2.6202258218994527e-13
 -4.3999999999999986e+00  -2.2352101709841411e-11  -1.0904378279802039e-11  -2.5799193773568222e-10   2.6370442616604962e-13
 -4.3500000000000014e+00  -2.2495573279735549e-11  -1.1346702234488523e-11  -2.6114364938466801e-10   2.6451135107450198e-13
 -4.3000000000000007e+00  -2.2655723759128088e-11  -1.1822228908555264e-11  -2.6456190288870790e-10   2.6432236694794749e-13
 -4.2500000000000000e+00  -2.2832600950247108e-11  -1.2330976798721970e-11  -2.6825013429328197e-10   2.6300420173790353e-13
 -4.1999999999999993e+00  -2.3026204933548055e-11  -1.2872872704849699e-11  -2.7221136482987905e-10   2.6041016052373823e-13
 -4.1499999999999986e+00  -2.3236484103269972e-11  -1.3447745721741465e-11  -2.7644817008766716e-10   2.5637887933979563e-13
 -4.1000000000000014e+00  -2.3463330996093736e-11  -1.4055321154476790e-11  -2.8096264899070968e-10   2.5073296352712288e-13
 -4.0500000000000007e+00  -2.3706577896575243e-11  -1.4695214371235575e-11  -2.8575639268348925e-10   2.4327749951533004e-13
 -4.0000000000000000e+00  -2.3965992199956792e-11  -1.5366924607706719e-11  -2.9083045342899343e-10   2.3379842784272156e-13
 -3.9499999999999993e+00  -2.4241271509394383e-11  -1.6069828737251032e-11  -2.9618531362463594e-10   2.2206076402172589e-13
 -3.8999999999999986e+00  -2.4532038440515444e-11  -1.6803175021022392e-11  -3.0182085504193933e-10   2.0780665254472148e-13
 -3.8500000000000014e+00  -2.4837835101470235e-11  -1.7566076852277731e-11  -3.0773632839638910e-10   1.9075323789594832e-13
 -3.8000000000000007e+00  -2.5158117211181116e-11  -1.8357506509169284e-11  -3.1393032335441001e-10   1.7059033488254475e-13
 -3.7500000000000000e+00  -2.5492247812235125e-11  -1.9176288930465781e-11  -3.2040073908530899e-10   1.4697787891738549e-13
 -3.6999999999999993e+00  -2.5839490527702904e-11  -2.0021095528959685e-11  -3.2714475546764915e-10   1.1954313507609682e-13
 -3.6499999999999986e+00  -2.6199002302980904e-11  -2.0890438057869377e-11  -3.3415880506232171e-10   8.7877642811089120e-14
 -3.6000000000000014e+00  -2.6569825564406032e-11  -2.1782662546439112e-11  -3.4143854596912650e-10   5.1533871141785618e-14
 -3.5500000000000007e+00  -2.6950879715724582e-11  -2.2695943322300237e-11  -3.4897883569063848e-10   1.0021556963521136e-14
 -3.5000000000000000e+00  -2.7340951881328911e-11  -2.3628277140134436e-11  -3.5677370613736012e-10  -3.7196303152981093e-14
 -3.4499999999999993e+00  -2.7738686791297579e-11  -2.4577477438956496e-11  -3.6481633992264545e-10  -9.0707839633868648e-14
 -3.3999999999999986e+00  -2.8142575687448752e-11  -2.5541168754131215e-11  -3.7309904811584329e-10  -1.5115710936158478e-13
 -3.3500000000000014e+00  -2.8550944111570134e-11  -2.6516781315323833e-11  -3.8161324964902405e-10  -2.1924934454475795e-13
 -3.3000000000000007e+00  -2.8961938416410695e-11  -2.7501545868278515e-11  -3.9034945260831609e-10  -2.9575668979492259e-13
 -3.2500000000000000e+00  -2.9373510816558193e-11  -2.8492488767016812e-11  -3.9929723768742884e-10  -3.8152446812181386e-13
 -3.1999999999999993e+00  -2.9783402769585027e-11  -2.9486427394221496e-11  -4.0844524414102110e-10  -4.7747801805037794e-13
 -3.1499999999999986e+00  -3.0189126447379924e-11  -3.0479965981792301e-11  -4.1778115865232289e-10  -5.8463014490748779e-13
 -3.1000000000000014e+00  -3.0587944022903911e-11  -3.1469491921524057e-11  -4.2729170762669769e-10  -7.0408922922900838e-13
 -3.0500000000000007e+00  -3.0976844458180072e-11  -3.2451172678401691e-11  -4.3696265354526093e-10  -8.3706803380868376e-13
 -3.0000000000000000e+00  -3.1352517434576724e-11  -3.3420953447146659e-11  -4.4677879616587849e-10  -9.8489324763856870e-13
 -2.9499999999999993e+00  -3.1711324015776888e-11  -3.4374555727611053e-11  -4.5672397954963981e-10  -1.1490157992102478e-12
 -2.8999999999999986e+00  -3.2049263576650995e-11  -3.5307477037877896e-11  -4.6678110612742947e-10  -1.3310219624920352e-12
 -2.8500000000000014e+00  -3.2361936467014068e-11  -3.6214992037271527e-11  -4.7693215931337426e-10  -1.5326452652512137e-12
 -2.8000000000000007e+00  -3.2644501807509027e-11  -3.7092155397051051e-11  -4.8715823653158177e-10  -1.7557791898112914e-12
 -2.7500000000000000e+00  -3.2891629735373018e-11  -3.7933806836915015e-11  -4.9743959496388338e-10  -2.0024906289727419e-12
 -2.6999999999999993e+00  -3.3097447330715391e-11  -3.8734578843641731e-11  -5.0775571286614373e-10  -2.2750340223169078e-12
 -2.6499999999999986e+00  -3.3255477359823111e-11  -3.9488907707845482e-11  -5.1808536995905856e-10  -2.5758660474447682e-12
 -2.6000000000000014e+00  -3.3358568872429326e-11  -4.0191048660199598e-11  -5.2840675119964302e-10  -2.9076606730557367e-12
 -2.5500000000000007e+00  -3.3398818587649611e-11  -4.0835096064512634e-11  -5.3869757920893160e-10  -3.2733242913273175e-12
 -2.5000000000000000e+00  -3.3367481903147746e-11  -4.1415009837426587e-11  -5.4893528180072404e-10  -3.6760105297680691e-12
 -2.4499999999999993e+00  -3.3254872271589280e-11  -4.1924649519638103e-11  -5.5909720246002594e-10  -4.1191341900508053e-12
 -2.3999999999999986e+00  -3.3050247619189265e-11  -4.2357817728443775e-11  -5.6916086329552844e-10  -4.6063835639831737e-12
 -2.3500000000000014e+00  -3.2741682450582660e-11  -4.2708315083477740e-11  -5.7910429197649677e-10  -5.1417301233617500e-12
 -2.3000000000000007e+00  -3.2315924318009959e-11  -4.2970009124055417e-11  -5.8890642649729150e-10  -5.7294342572641359e-12
 -2.2500000000000000e+00  -3.1758233468187073e-11  -4.3136920233963698e-11  -5.9854761432155658e-10  -6.3740453211135901e-12
 -2.1999999999999993e+00  -3.1052204770685790e-11  -4.3203328161990888e-11  -6.0801022555605089e-10  -7.0803937478299943e-12
 -2.1499999999999986e+00  -3.0179571553072142e-11  -4.3163903373715005e-11  -6.1727940327472541e-10  -7.8535723316277513e-12
 -2.1000000000000014e+00  -2.9119991827030124e-11  -4.3013868184116186e-11  -6.2634397789017232e-10  -8.6989030074426445e-12
 -2.0500000000000007e+00  -2.7850818734418061e-11  -4.2749193380844559e-11  -6.3519757640387004e-10  -9.6218844923582975e-12
 -2.0000000000000000e+00  -2.6346859076325530e-11  -4.2366836813953510e-11  -6.4383996118409142e-10  -1.0628115013157586e-11
 -1.9499999999999993e+00  -2.4580126787985957e-11  -4.1865031128766457e-11  -6.5227863615532468e-10  -1.1723183010549141e-11
 -1.8999999999999986e+00  -2.2519602556675475e-11  -4.1243628338583906e-11  -6.6053076018938597e-10  -1.2912517201073207e-11
 -1.8500000000000014e+00  -2.0131016930965931e-11  -4.0504509092844013e-11  -6.6862540691854172e-10  -1.4201185744287313e-11
 -1.8000000000000007e+00  -1.7376682852096313e-11  -3.9652064023446250e-11  -6.7660620543965027e-10  -1.5593632617818509e-11
 -1.7500000000000000e+00  -1.4215415304174624e-11  -3.8693753054357844e-11  -6.8453438499168405e-10  -1.7093337852082368e-11
 -1.6999999999999993e+00  -1.0602591598785024e-11  -3.7640745486154443e-11  -6.9249222525217370e-10  -1.8702387364989024e-11
 -1.6500000000000021e+00  -6.4904265906756299e-12  -3.6508638273374404e-11  -7.0058687783901072e-10  -2.0420938307605487e-11
 -1.6000000000000014e+00  -1.8285636349467872e-12  -3.5318241239349447e-11  -7.0895446809364614e-10  -2.2246567893234138e-11
 -1.5500000000000007e+00   3.4348853772077263e-12  -3.4096404862006017e-11  -7.1776430232327824e-10  -2.4173498775815804e-11
 -1.5000000000000000e+00   9.3516798599808783e-12  -3.2876847449708711e-11  -7.2722288700509917e-10  -2.6191703681299702e-11
 -1.4499999999999993e+00   1.5970959278710732e-11  -3.1700912869307423e-11  -7.3757730672932254e-10  -2.8285908022016733e-11
 -1.4000000000000021e+00   2.3335674277109913e-11  -3.0618156936723943e-11  -7.4911730473269171e-10  -3.0434533613556203e-11
 -1.3500000000000014e+00   3.1477674760022160e-11  -2.9686620957658826e-11  -7.6217517081891526e-10  -3.2608660980663271e-11
 -1.3000000000000007e+00   4.0411207454899323e-11  -2.8972608105995813e-11  -7.7712229014000866e-10  -3.4771132407521431e-11
 -1.2500000000000000e+00   5.0124660085337541e-11  -2.8549739867896991e-11  -7.9436099309812092e-10  -3.6875970398888657e-11
 -1.1999999999999993e+00   6.0570579203689021e-11  -2.8497048894412826e-11  -8.1431025809233619e-10  -3.8868339312226652e-11
 -1.1500000000000021e+00   7.1654325115121196e-11  -2.8895881048947045e-11  -8.3738398200007589e-10  -4.0685317438535141e-11
 -1.1000000000000014e+00   8.3222238006897960e-11  -2.9825457988999768e-11  -8.6396110469348672e-10  -4.2257750645973495e-11
 -1.0500000000000007e+00   9.5050860425017124e-11  -3.1357116245432157e-11  -8.9434800029415525e-10  -4.3513398791330143e-11
 -1.0000000000000000e+00   1.0683949838030028e-10  -3.3547500703844734e-11  -9.2873528761995410e-10  -4.4381435872000568e-11
 -9.4999999999999929e-01   1.1820899790325484e-10  -3.6431330961627935e-11  -9.6715342240562201e-10  -4.4798113501920057e-11
 -9.0000000000000213e-01   1.2870974321420889e-10  -4.0014712999726183e-11  -1.0094336624988560e-09  -4.4713068323331247e-11
 -8.5000000000000142e-01   1.3784118502343960e-10  -4.4270220759245565e-11  -1.0551824660365148e-09  -4.4095419730546362e-11
 -8.0000000000000071e-01   1.4508345078910809e-10  -4.9134982220792906e-11  -1.1037771629480697e-09  -4.2938581618683727e-11
 -7.5000000000000000e-01   1.4993889287247160e-10  -5.4512665897492317e-11  -1.1543881614918042e-09  -4.1262727297657995e-11
 -6.9999999999999929e-01   1.5197841634817975e-10  -6.0279577888821833e-11  -1.2060281091862667e-09  -3.9114174551829273e-11
 -6.5000000000000213e-01   1.5088513048705990e-10  -6.6294201336314537e-11  -1.2576224670249850e-09  -3.6561559683033743e-11
 -6.0000000000000142e-01   1.4648733996765700e-10  -7.2408714861601853e-11  -1.3080908065898192e-09  -3.3689378577889623e-11
 -5.5000000000000071e-01   1.3877464881201487e-10  -7.8480596865911450e-11  -1.3564256837364718e-09  -3.0590051289404522e-11
 -5.0000000000000000e-01   1.2789458876294691e-10  -8.4382509318609103e-11  -1.4017570677322164e-09  -2.7355914203254041e-11
 -4.4999999999999929e-01   1.1413148242894826e-10  -9.0009201489895746e-11  -1.4433944552597418e-09  -2.4072396391582262e-11
 -4.0000000000000213e-01   9.7872746765726731e-11  -9.5280953283690296e-11  -1.4808442970919863e-09  -2.0813189528766214e-11
 -3.5000000000000142e-01   7.9569524591160496e-11  -1.0014381350776071e-10  -1.5138053126038034e-09  -1.7637666064214771e-11
 -3.0000000000000071e-01   5.9698214102108934e-11  -1.0456738781757291e-10  -1.5421474972109593e-09  -1.4590326256239411e-11
 -2.5000000000000000e-01   3.8727711278668975e-11  -1.0854113001724081e-10  -1.5658818212219923e-09  -1.1701769220991514e-11
 -1.9999999999999929e-01   1.7094949022161887e-11  -1.1207001106123752e-10  -1.5851266502599343e-09  -8.9905978661706609e-12
 -1.5000000000000213e-01  -4.8106814686556547e-12  -1.1517021329990594e-10  -1.6000749389778044e-09  -6.4657288263990438e-12
 -1.0000000000000142e-01  -2.6655213153740410e-11  -1.1786534734245079e-10  -1.6109663272389233e-09  -4.1287143064516014e-12
 -5.0000000000000711e-02  -4.8162530354822954e-11  -1.2018346706765909e-10  -1.6180668407756150e-09  -1.9758449317272210e-12
  0.0000000000000000e+00  -6.9112975106510541e-11  -1.2215446850463054e-10  -1.6216482412493594e-09   0.0000000000000000e+00
