# Columns: x, rho, u, p, lamdatime_step 6000
# time   3.0000000000000000e+01
 -8.0374999999999996e+00   6.6399180554360200e+01  -1.2101124178560592e+02   8.2419720462480404e+02  -1.4264649411594638e-09
 -8.0250000000000004e+00   6.6399180554360200e+01  -1.2101124178560592e+02   8.2419720462480404e+02  -1.4264649411594638e-09
 -8.0124999999999993e+00   6.6399180554360200e+01  -1.2101124178560592e+02   8.2419720462480404e+02  -1.4264649411594638e-09
 -8.0000000000000000e+00   6.6399180554360200e+01  -1.2101124178560592e+02   8.2419720462480404e+02  -1.4264649411594638e-09
 -7.9874999999999998e+00   6.6439164252130126e+01  -1.2092536616278711e+02   8.2361243783573786e+02  -1.4922933294861874e-09
 -7.9749999999999996e+00   6.6479249038659191e+01  -1.2088557559540820e+02   8.2334148975717187e+02  -1.5437522856521592e-09
 -7.9624999999999995e+00   6.6512551629740486e+01  -1.2082141015569091e+02   8.2290456597181651e+02  -1.6010504845509385e-09
 -7.9499999999999993e+00   6.6555875140434949e+01  -1.2077544292711353e+02   8.2259156700826225e+02  -1.6620859179042527e-09
 -7.9375000000000000e+00   6.6595916755265833e+01  -1.2072255281518198e+02   8.2223143015033679e+02  -1.7258484745293455e-09
 -7.9249999999999998e+00   6.6640646655710526e+01  -1.2067767177836475e+02   8.2192583266655481e+02  -1.7932040502796646e-09
 -7.9124999999999996e+00   6.6685630767845410e+01  -1.2063199859329818e+02   8.2161484133280885e+02  -1.8641446955645037e-09
 -7.8999999999999995e+00   6.6733378599263261e+01  -1.2059078484597879e+02   8.2133421586390830e+02  -1.9388786599590517e-09
 -7.8874999999999993e+00   6.6782451394158329e+01  -1.2055096390580599e+02   8.2106307394257033e+02  -2.0176213004721571e-09
 -7.8750000000000000e+00   6.6833715121224202e+01  -1.2051439084052556e+02   8.2081404795134881e+02  -2.1005804905694325e-09
 -7.8624999999999998e+00   6.6886670295791660e+01  -1.2048000958552380e+02   8.2057994710355217e+02  -2.1879838817074936e-09
 -7.8499999999999996e+00   6.6941628552460713e+01  -1.2044848530419013e+02   8.2036530107148576e+02  -2.2800694380111203e-09
 -7.8374999999999995e+00   6.6998420287342171e+01  -1.2041946579434330e+02   8.2016771136798741e+02  -2.3770878643213910e-09
 -7.8249999999999993e+00   6.7057160287054387e+01  -1.2039319999810398e+02   8.1998887250933262e+02  -2.4793034990375917e-09
 -7.8125000000000000e+00   6.7117795121825736e+01  -1.2036958176432209e+02   8.1982806069785727e+02  -2.5869947736345687e-09
 -7.7999999999999998e+00   6.7180370419245008e+01  -1.2034871458220779e+02   8.1968597980116363e+02  -2.7004550689138272e-09
 -7.7874999999999996e+00   6.7244873141707117e+01  -1.2033057806274870e+02   8.1956249099420904e+02  -2.8199935013920480e-09
 -7.7749999999999995e+00   6.7311324712091945e+01  -1.2031522470692958e+02   8.1945795352919708e+02  -2.9459357673528358e-09
 -7.7624999999999993e+00   6.7379726099870865e+01  -1.2030266370736238e+02   8.1937243408220263e+02  -3.0786250364674305e-09
 -7.7500000000000000e+00   6.7450090214941966e+01  -1.2029292950053257e+02   8.1930617315293478e+02  -3.2184228907607415e-09
 -7.7374999999999998e+00   6.7522422717066235e+01  -1.2028604150954173e+02   8.1925930877097096e+02  -3.3657103149133708e-09
 -7.7249999999999996e+00   6.7596733140900255e+01  -1.2028202827978575e+02   8.1923203666417078e+02  -3.5208887401437094e-09
 -7.7124999999999995e+00   6.7673028066847493e+01  -1.2028091381980229e+02   8.1922451193785218e+02  -3.6843811442559561e-09
 -7.6999999999999993e+00   6.7751314900391847e+01  -1.2028272616578865e+02   8.1923690348509751e+02  -3.8566332109550683e-09
 -7.6875000000000000e+00   6.7831599615947795e+01  -1.2028749239308424e+02   8.1926936150292624e+02  -4.0381145505027079e-09
 -7.6749999999999998e+00   6.7913888503294146e+01  -1.2029524066814368e+02   8.1932204263392907e+02  -4.2293199838497630e-09
 -7.6624999999999996e+00   6.7998188170904413e+01  -1.2030599685428287e+02   8.1939511001169592e+02  -4.4307709057741358e-09
 -7.6499999999999995e+00   6.8084507146471253e+01  -1.2031978311819566e+02   8.1948875630091504e+02  -4.6430168328578500e-09
 -7.6374999999999993e+00   6.8172856703897736e+01  -1.2033661500577621e+02   8.1960321560035766e+02  -4.8666375304875142e-09
 -7.6250000000000000e+00   6.8263251483551045e+01  -1.2035650081884346e+02   8.1973877236900569e+02  -5.1022460690890528e-09
 -7.6124999999999998e+00   6.8355708453047598e+01  -1.2037944340378844e+02   8.1989574645998869e+02  -5.3504870110753260e-09
 -7.5999999999999996e+00   6.8450244123315841e+01  -1.2040544627692903e+02   8.2007445303406428e+02  -5.6119866125259190e-09
 -7.5874999999999995e+00   6.8546870216997746e+01  -1.2043452265441096e+02   8.2027514018680995e+02  -5.8871053124218272e-09
 -7.5749999999999993e+00   6.8645590232356554e+01  -1.2046670283234172e+02   8.2049793946314162e+02  -6.1754408026489820e-09
 -7.5625000000000000e+00   6.8746401870779621e+01  -1.2050202885920802e+02   8.2074290083923893e+02  -6.4778123219350654e-09
 -7.5499999999999998e+00   6.8849301249586262e+01  -1.2054054578806476e+02   8.2101005334171089e+02  -6.7948665138470922e-09
 -7.5374999999999996e+00   6.8954286034999825e+01  -1.2058229497020351e+02   8.2129945015118869e+02  -7.1272998400860223e-09
 -7.5249999999999995e+00   6.9061356831122083e+01  -1.2062731116351917e+02   8.2161118859172768e+02  -7.4758554442333481e-09
 -7.5124999999999993e+00   6.9170517044936773e+01  -1.2067562279014915e+02   8.2194540817955294e+02  -7.8413014562838329e-09
 -7.5000000000000000e+00   6.9281771983122695e+01  -1.2072725385791129e+02   8.2230227761165349e+02  -8.2244574046992362e-09
 -7.4874999999999998e+00   6.9395127753071748e+01  -1.2078222627639050e+02   8.2268197893437105e+02  -8.6261611820105098e-09
 -7.4749999999999996e+00   6.9510590452923623e+01  -1.2084056156847723e+02   8.2308469587348975e+02  -9.0473083930016920e-09
 -7.4624999999999995e+00   6.9628165698686374e+01  -1.2090228187046483e+02   8.2351060701661561e+02  -9.4888323461965443e-09
 -7.4499999999999993e+00   6.9747858490477569e+01  -1.2096741021156640e+02   8.2395988387686270e+02  -9.9517033720629593e-09
 -7.4375000000000000e+00   6.9869673304836084e+01  -1.2103597031801624e+02   8.2443269221189416e+02  -1.0436944301262413e-08
 -7.4249999999999998e+00   6.9993614258731313e+01  -1.2110798626534843e+02   8.2492919437410126e+02  -1.0945621741525336e-08
 -7.4124999999999996e+00   7.0119685281555903e+01  -1.2118348211209644e+02   8.2544955177526026e+02  -1.1478854127365172e-08
 -7.3999999999999995e+00   7.0247890208264423e+01  -1.2126248170330912e+02   8.2599392621595632e+02  -1.2037814291077464e-08
 -7.3874999999999993e+00   7.0378232801456917e+01  -1.2134500862169477e+02   8.2656248019112559e+02  -1.2623732914889281e-08
 -7.3750000000000000e+00   7.0510716744501622e+01  -1.2143108620117960e+02   8.2715537677782356e+02  -1.3237889155825629e-08
 -7.3624999999999998e+00   7.0645345607829867e+01  -1.2152073759720567e+02   8.2777277913755654e+02  -1.3881636864820847e-08
 -7.3499999999999996e+00   7.0782122797267647e+01  -1.2161398589574243e+02   8.2841484975798664e+02  -1.4556379211081368e-08
 -7.3374999999999995e+00   7.0921051539189406e+01  -1.2171085414229145e+02   8.2908175022543674e+02  -1.5263593456243874e-08
 -7.3249999999999993e+00   7.1062134881145951e+01  -1.2181136534136593e+02   8.2977364121928497e+02  -1.6004823889090770e-08
 -7.3125000000000000e+00   7.1205375718482642e+01  -1.2191554239776100e+02   8.3049068287995294e+02  -1.6781686432737463e-08
 -7.2999999999999998e+00   7.1350776809900850e+01  -1.2202340808440030e+02   8.3123303501775297e+02  -1.7595877556722888e-08
 -7.2874999999999996e+00   7.1498340774605353e+01  -1.2213498504707734e+02   8.3200085705551737e+02  -1.8449166514255194e-08
 -7.2749999999999995e+00   7.1648070087605262e+01  -1.2225029581386286e+02   8.3279430794481152e+02  -1.9343412482371051e-08
 -7.2624999999999993e+00   7.1799967070430853e+01  -1.2236936281444548e+02   8.3361354601509152e+02  -2.0280554346673451e-08
 -7.2500000000000000e+00   7.1954033883642566e+01  -1.2249220839546064e+02   8.3445872884878224e+02  -2.1262625526481213e-08
 -7.2374999999999998e+00   7.2110272532153118e+01  -1.2261885480860101e+02   8.3533001333990819e+02  -2.2291753002646564e-08
 -7.2249999999999996e+00   7.2268684867912810e+01  -1.2274932420529139e+02   8.3622755571475432e+02  -2.3370167900418185e-08
 -7.2124999999999995e+00   7.2429272604759973e+01  -1.2288363860381642e+02   8.3715151172649246e+02  -2.4500198117688896e-08
 -7.1999999999999993e+00   7.2592037302065833e+01  -1.2302181992599395e+02   8.3810203640112104e+02  -2.5684284269991982e-08
 -7.1875000000000000e+00   7.2756980376055878e+01  -1.2316388997019286e+02   8.3907928418037147e+02  -2.6924980064648871e-08
 -7.1749999999999998e+00   7.2924103098746500e+01  -1.2330987041630533e+02   8.4008340888661417e+02  -2.8224957939442113e-08
 -7.1624999999999996e+00   7.3093406593506046e+01  -1.2345978283355647e+02   8.4111456363829006e+02  -2.9587012289727791e-08
 -7.1499999999999995e+00   7.3264891848281465e+01  -1.2361364865273474e+02   8.4217290101943365e+02  -3.1014072658835037e-08
 -7.1374999999999993e+00   7.3438559704701333e+01  -1.2377148919057231e+02   8.4325857290138583e+02  -3.2509201124233209e-08
 -7.1250000000000000e+00   7.3614410858413819e+01  -1.2393332564780913e+02   8.4437173042570737e+02  -3.4075602560652523e-08
 -7.1124999999999998e+00   7.3792445863397347e+01  -1.2409917910153305e+02   8.4551252404393153e+02  -3.5716626708205294e-08
 -7.0999999999999996e+00   7.3972665138106805e+01  -1.2426907049163822e+02   8.4668110358348576e+02  -3.7435786440833642e-08
 -7.0874999999999995e+00   7.4155068960086069e+01  -1.2444302063372686e+02   8.4787761814668158e+02  -3.9236749255001544e-08
 -7.0749999999999993e+00   7.4339657466810735e+01  -1.2462105021685652e+02   8.4910221609941482e+02  -4.1123357581074417e-08
 -7.0625000000000000e+00   7.4526430661705945e+01  -1.2480317979181098e+02   8.5035504513364378e+02  -4.3099631767753066e-08
 -7.0499999999999998e+00   7.4715388406821177e+01  -1.2498942978765585e+02   8.5163625213735611e+02  -4.5169770825357930e-08
 -7.0374999999999996e+00   7.4906530426655976e+01  -1.2517982050346639e+02   8.5294598322492402e+02  -4.7338177012577152e-08
 -7.0249999999999995e+00   7.5099856311541856e+01  -1.2537437210289491e+02   8.5428438376020063e+02  -4.9609449002401946e-08
 -7.0124999999999993e+00   7.5295365525017232e+01  -1.2557310459857339e+02   8.5565159843711808e+02  -5.1988405237069661e-08
 -7.0000000000000000e+00   7.5493057404406059e+01  -1.2577603785272160e+02   8.5704777126154374e+02  -5.4480076651148723e-08
 -6.9874999999999998e+00   7.5692931165320715e+01  -1.2598319156766148e+02   8.5847304558971484e+02  -5.7089733385925616e-08
 -6.9749999999999996e+00   7.5894985899206247e+01  -1.2619458529293023e+02   8.5992756406566082e+02  -5.9822883892130733e-08
 -6.9624999999999995e+00   7.6099220569470390e+01  -1.2641023843384092e+02   8.6141146853811074e+02  -6.2685293427972501e-08
 -6.9499999999999993e+00   7.6305634002407771e+01  -1.2663017027280445e+02   8.6292489990184185e+02  -6.5682987459625103e-08
 -6.9375000000000000e+00   7.6514224899241071e+01  -1.2685439994372670e+02   8.6446799824272944e+02  -6.8822266424371690e-08
 -6.9249999999999998e+00   7.6724991840230373e+01  -1.2708294642604257e+02   8.6604090286834639e+02  -7.2109724304126908e-08
 -6.9124999999999996e+00   7.6937933284601684e+01  -1.2731582854533357e+02   8.6764375227771984e+02  -7.5552256754589918e-08
 -6.8999999999999995e+00   7.7153047574176355e+01  -1.2755306496740380e+02   8.6927668418409223e+02  -7.9157076234322132e-08
 -6.8874999999999993e+00   7.7370332931484242e+01  -1.2779467420399088e+02   8.7093983545778167e+02  -8.2931720273365307e-08
 -6.8750000000000000e+00   7.7589787466299995e+01  -1.2804067459991444e+02   8.7263334219002616e+02  -8.6884070477925967e-08
 -6.8624999999999998e+00   7.7811409175858287e+01  -1.2829108433491118e+02   8.7435733966550902e+02  -9.1022375788681976e-08
 -6.8499999999999996e+00   7.8035195943069596e+01  -1.2854592142875742e+02   8.7611196230537087e+02  -9.5355252567750180e-08
 -6.8374999999999995e+00   7.8261145541630938e+01  -1.2880520373214401e+02   8.7789734370960673e+02  -9.9891722333255640e-08
 -6.8249999999999993e+00   7.8489255639636653e+01  -1.2906894892119431e+02   8.7971361667692554e+02  -1.0464120694654904e-07
 -6.8125000000000000e+00   7.8719523805902867e+01  -1.2933717448546022e+02   8.8156091326375906e+02  -1.0961355918991403e-07
 -6.7999999999999998e+00   7.8951947505910425e+01  -1.2960989773910683e+02   8.8343936469327866e+02  -1.1481908276659271e-07
 -6.7874999999999996e+00   7.9186524099357499e+01  -1.2988713582745524e+02   8.8534910128711635e+02  -1.2026854344448545e-07
 -6.7749999999999995e+00   7.9423250838661872e+01  -1.3016890573282146e+02   8.8729025241062959e+02  -1.2597320090385112e-07
 -6.7624999999999993e+00   7.9662124880069641e+01  -1.3045522425226744e+02   8.8926294659912492e+02  -1.3194482547236696e-07
 -6.7500000000000000e+00   7.9903143284873735e+01  -1.3074610799830506e+02   8.9126731154137337e+02  -1.3819571982991715e-07
 -6.7374999999999998e+00   8.0146303021337076e+01  -1.3104157339605993e+02   8.9330347407296176e+02  -1.4473874267219055e-07
 -6.7249999999999996e+00   8.0391600962879252e+01  -1.3134163669003661e+02   8.9537156011551383e+02  -1.5158733551374403e-07
 -6.7124999999999995e+00   8.0639033879300797e+01  -1.3164631396509162e+02   8.9747169451524042e+02  -1.5875554233793129e-07
 -6.6999999999999993e+00   8.0888598447483176e+01  -1.3195562112536382e+02   8.9960400116179642e+02  -1.6625804884520184e-07
 -6.6875000000000000e+00   8.1140291257315994e+01  -1.3226957388537127e+02   9.0176860303771855e+02  -1.7411019278918912e-07
 -6.6749999999999998e+00   8.1394108820129176e+01  -1.3258818775367038e+02   9.0396562230406880e+02  -1.8232801498926454e-07
 -6.6624999999999996e+00   8.1650047574681949e+01  -1.3291147802343963e+02   9.0619518035020781e+02  -1.9092827796575099e-07
 -6.6499999999999995e+00   8.1908103886561008e+01  -1.3323945977616049e+02   9.0845739774849540e+02  -1.9992849637835489e-07
 -6.6374999999999993e+00   8.2168274049250726e+01  -1.3357214788189850e+02   9.1075239423283983e+02  -2.0934697535467068e-07
 -6.6250000000000000e+00   8.2430554279946222e+01  -1.3390955701125287e+02   9.1308028860110039e+02  -2.1920283716730658e-07
 -6.6124999999999998e+00   8.2694940718428839e+01  -1.3425170164007721e+02   9.1544119866146445e+02  -2.2951606276217683e-07
 -6.5999999999999996e+00   8.2961429425792574e+01  -1.3459859605551389e+02   9.1783524117626621e+02  -2.4030752691438635e-07
 -6.5874999999999995e+00   8.3230016392098662e+01  -1.3495025434209219e+02   9.2026253193417324e+02  -2.5159904001037432e-07
 -6.5749999999999993e+00   8.3500697543314502e+01  -1.3530669037045882e+02   9.2272318581182378e+02  -2.6341340294222935e-07
 -6.5625000000000000e+00   8.3773468743904772e+01  -1.3566791779476370e+02   9.2521731677224409e+02  -2.7577441482589811e-07
 -6.5499999999999998e+00   8.4048325799624649e+01  -1.3603395004964855e+02   9.2774503786648734e+02  -2.8870695240218681e-07
 -6.5374999999999996e+00   8.4325264456375706e+01  -1.3640480035605418e+02   9.3030646117787160e+02  -3.0223699956803565e-07
 -6.5249999999999995e+00   8.4604280403435936e+01  -1.3678048171714508e+02   9.3290169782914620e+02  -3.1639169539069919e-07
 -6.5124999999999993e+00   8.4885369277275203e+01  -1.3716100691373413e+02   9.3553085799783275e+02  -3.3119938969001629e-07
 -6.5000000000000000e+00   8.5168526665512999e+01  -1.3754638849900329e+02   9.3819405093339265e+02  -3.4668970084806872e-07
 -6.4874999999999998e+00   8.5453748115456207e+01  -1.3793663878344995e+02   9.4089138504006939e+02  -3.6289356365933404e-07
 -6.4749999999999996e+00   8.5741029129836463e+01  -1.3833176984798223e+02   9.4362296777510937e+02  -3.7984327986497938e-07
 -6.4624999999999995e+00   8.6030365168146346e+01  -1.3873179354352968e+02   9.4638890562764993e+02  -3.9757258768213765e-07
 -6.4499999999999993e+00   8.6321751649882160e+01  -1.3913672148820072e+02   9.4918930412466648e+02  -4.1611672436695487e-07
 -6.4375000000000000e+00   8.6615183955726010e+01  -1.3954656506799995e+02   9.5202426780704604e+02  -4.3551248531626127e-07
 -6.4249999999999998e+00   8.6910657432326587e+01  -1.3996133543018246e+02   9.5489390025738589e+02  -4.5579829667156007e-07
 -6.4124999999999996e+00   8.7208167398199009e+01  -1.4038104347432457e+02   9.5779830414368303e+02  -4.7701429201022021e-07
 -6.3999999999999995e+00   8.7507709148712706e+01  -1.4080569984532730e+02   9.6073758124960216e+02  -4.9920236782849704e-07
 -6.3874999999999993e+00   8.7809277957491929e+01  -1.4123531493410275e+02   9.6371183245308475e+02  -5.2240627108687186e-07
 -6.3750000000000000e+00   8.8112869076185916e+01  -1.4166989888162112e+02   9.6672115768127537e+02  -5.4667167934099118e-07
 -6.3624999999999998e+00   8.8418477734453688e+01  -1.4210946158263062e+02   9.6976565586836136e+02  -5.7204628030307818e-07
 -6.3499999999999996e+00   8.8726099140452874e+01  -1.4255401268844847e+02   9.7284542492051662e+02  -5.9857985668528191e-07
 -6.3374999999999995e+00   8.9035728489046690e+01  -1.4300356159291948e+02   9.7596056179199911e+02  -6.2632439367620516e-07
 -6.3249999999999993e+00   8.9347360965590781e+01  -1.4345811742873420e+02   9.7911116249714905e+02  -6.5533414705200898e-07
 -6.3125000000000000e+00   8.9660991747837386e+01  -1.4391768906677765e+02   9.8229732209546171e+02  -6.8566575532679720e-07
 -6.2999999999999998e+00   8.9976616007732389e+01  -1.4438228511649427e+02   9.8551913467486293e+02  -7.1737833889273005e-07
 -6.2874999999999996e+00   9.0294228919116492e+01  -1.4485191391298707e+02   9.8877669342002446e+02  -7.5053361806959851e-07
 -6.2749999999999995e+00   9.0613825661634039e+01  -1.4532658351324019e+02   9.9207009062570717e+02  -7.8519599923387057e-07
 -6.2624999999999993e+00   9.0935401425514229e+01  -1.4580630168937236e+02   9.9539941772294696e+02  -8.2143272229015314e-07
 -6.2500000000000000e+00   9.1258951415427248e+01  -1.4629107592475214e+02   9.9876476529153069e+02  -8.5931395609382413e-07
 -6.2374999999999998e+00   9.1584470849164205e+01  -1.4678091342078653e+02   1.0021662229979576e+03  -8.9891291909095667e-07
 -6.2249999999999996e+00   9.1911954959652206e+01  -1.4727582109637865e+02   1.0056038795815359e+03  -9.4030602820620146e-07
 -6.2124999999999995e+00   9.2241398996761660e+01  -1.4777580558832446e+02   1.0090778228372294e+03  -9.8357302328069451e-07
 -6.1999999999999993e+00   9.2572798225825352e+01  -1.4828087325863214e+02   1.0125881395511432e+03  -1.0287971040716699e-06
 -6.1875000000000000e+00   9.2906147935830916e+01  -1.4879103018072158e+02   1.0161349155754706e+03  -1.0760650975234660e-06
 -6.1749999999999998e+00   9.3241443446327636e+01  -1.4930628212952431e+02   1.0197182358845708e+03  -1.1254675914086150e-06
 -6.1624999999999996e+00   9.3578680114504721e+01  -1.4982663457007294e+02   1.0233381846337729e+03  -1.1770991080093708e-06
 -6.1500000000000004e+00   9.3917853338011000e+01  -1.5035209265611175e+02   1.0269948451566609e+03  -1.2310582561119328e-06
 -6.1374999999999993e+00   9.4258958555930889e+01  -1.5088266123189490e+02   1.0306882999359373e+03  -1.2874479068193346e-06
 -6.1250000000000000e+00   9.4601991251977310e+01  -1.5141834482964302e+02   1.0344186306062277e+03  -1.3463753814734379e-06
 -6.1124999999999998e+00   9.4946946957841647e+01  -1.5195914766665894e+02   1.0381859179590747e+03  -1.4079526283351595e-06
 -6.0999999999999996e+00   9.5293821256946174e+01  -1.5250507364150752e+02   1.0419902419538505e+03  -1.4722964241648506e-06
 -6.0875000000000004e+00   9.5642609787232317e+01  -1.5305612633240185e+02   1.0458316817147606e+03  -1.5395285739284669e-06
 -6.0749999999999993e+00   9.5993308244701623e+01  -1.5361230899377978e+02   1.0497103155387856e+03  -1.6097761207723935e-06
 -6.0625000000000000e+00   9.6345912385467742e+01  -1.5417362455634083e+02   1.0536262208821909e+03  -1.6831715642624790e-06
 -6.0499999999999998e+00   9.6700418028567270e+01  -1.5474007562520907e+02   1.0575794743580591e+03  -1.7598530817398329e-06
 -6.0374999999999996e+00   9.7056821061218670e+01  -1.5531166447302272e+02   1.0615701517692303e+03  -1.8399647922905314e-06
 -6.0250000000000004e+00   9.7415117444306617e+01  -1.5588839303262128e+02   1.0655983281444226e+03  -1.9236569832869653e-06
 -6.0124999999999993e+00   9.7775303216978315e+01  -1.5647026289156472e+02   1.0696640777617358e+03  -2.0110863633972257e-06
 -6.0000000000000000e+00   9.8137374500876376e+01  -1.5705727528740130e+02   1.0737674741670553e+03  -2.1024163374979256e-06
 -5.9874999999999998e+00   9.8501327503935670e+01  -1.5764943110391670e+02   1.0779085901862647e+03  -2.1978172842876202e-06
 -5.9749999999999996e+00   9.8867158524708074e+01  -1.5824673086616411e+02   1.0820874979451978e+03  -2.2974668416165857e-06
 -5.9625000000000004e+00   9.9234863955178611e+01  -1.5884917473887128e+02   1.0863042688680068e+03  -2.4015502165190790e-06
 -5.9499999999999993e+00   9.9604440284249094e+01  -1.5945676252321951e+02   1.0905589736852680e+03  -2.5102604835142399e-06
 -5.9375000000000000e+00   9.9975884102245459e+01  -1.6006949365158655e+02   1.0948516824570279e+03  -2.6237989210841718e-06
 -5.9249999999999998e+00   1.0034919210478049e+02  -1.6068736718364769e+02   1.0991824645866757e+03  -2.7423753406644217e-06
 -5.9124999999999996e+00   1.0072436109644629e+02  -1.6131038180277358e+02   1.1035513888326104e+03  -2.8662084500441738e-06
 -5.9000000000000004e+00   1.0110138799505067e+02  -1.6193853581130858e+02   1.1079585233278528e+03  -2.9955262001531162e-06
 -5.8874999999999993e+00   1.0148026983561326e+02  -1.6257182712635816e+02   1.1124039355964594e+03  -3.1305661795453973e-06
 -5.8750000000000000e+00   1.0186100377448591e+02  -1.6321025327526340e+02   1.1168876925718951e+03  -3.2715759993944332e-06
 -5.8624999999999998e+00   1.0224358709303500e+02  -1.6385381139206532e+02   1.1214098606093371e+03  -3.4188137140413866e-06
 -5.8499999999999996e+00   1.0262801720215705e+02  -1.6450249821210650e+02   1.1259705055101733e+03  -3.5725482296945183e-06
 -5.8375000000000004e+00   1.0301429164734385e+02  -1.6515631006552130e+02   1.1305696925547218e+03  -3.7330597776182684e-06
 -5.8249999999999993e+00   1.0340240811408174e+02  -1.6581524286998715e+02   1.1352074865398893e+03  -3.9006403324990902e-06
 -5.8125000000000000e+00   1.0379236443238413e+02  -1.6647929212531659e+02   1.1398839518047282e+03  -4.0755941227375210e-06
 -5.7999999999999998e+00   1.0418415858103884e+02  -1.6714845290856394e+02   1.1445991522521003e+03  -4.2582381186278637e-06
 -5.7874999999999996e+00   1.0457778869063620e+02  -1.6782271987188412e+02   1.1493531513530168e+03  -4.4489025253599065e-06
 -5.7750000000000004e+00   1.0497325304875285e+02  -1.6850208723543881e+02   1.1541460121824625e+03  -4.6479313607270772e-06
 -5.7624999999999993e+00   1.0537055010408950e+02  -1.6918654878300003e+02   1.1589777974402489e+03  -4.8556829683431703e-06
 -5.7500000000000000e+00   1.0576967847068373e+02  -1.6987609785688957e+02   1.1638485694734366e+03  -5.0725306242061503e-06
 -5.7374999999999998e+00   1.0617063693190748e+02  -1.7057072735376599e+02   1.1687583902958461e+03  -5.2988631095267631e-06
 -5.7249999999999996e+00   1.0657342444621126e+02  -1.7127042971628779e+02   1.1737073216331664e+03  -5.5350853559593742e-06
 -5.7125000000000004e+00   1.0697804015223159e+02  -1.7197519692652057e+02   1.1786954249591265e+03  -5.7816190789416514e-06
 -5.6999999999999993e+00   1.0738448337414219e+02  -1.7268502049840629e+02   1.1837227615356162e+03  -6.0389034588621927e-06
 -5.6875000000000000e+00   1.0779275362592931e+02  -1.7339989147285911e+02   1.1887893924375880e+03  -6.3073958189851669e-06
 -5.6749999999999998e+00   1.0820285061640780e+02  -1.7411980041088893e+02   1.1938953785890924e+03  -6.5875723609588489e-06
 -5.6624999999999996e+00   1.0861477425372618e+02  -1.7484473738813739e+02   1.1990407807922427e+03  -6.8799288943415033e-06
 -5.6500000000000004e+00   1.0902852465004483e+02  -1.7557469198871570e+02   1.2042256597591499e+03  -7.1849816341325631e-06
 -5.6374999999999993e+00   1.0944410212662390e+02  -1.7630965329834874e+02   1.2094500761500888e+03  -7.5032679837681253e-06
 -5.6250000000000000e+00   1.0986150721864371e+02  -1.7704960989795586e+02   1.2147140906082805e+03  -7.8353473951975766e-06
 -5.6124999999999998e+00   1.1028074068065203e+02  -1.7779454985588799e+02   1.2200177638040789e+03  -8.1818022122656119e-06
 -5.5999999999999996e+00   1.1070180349216751e+02  -1.7854446071980317e+02   1.2253611564818623e+03  -8.5432385752489926e-06
 -5.5875000000000004e+00   1.1112469686232843e+02  -1.7929932951057535e+02   1.2307443294936074e+03  -8.9202873506249765e-06
 -5.5749999999999993e+00   1.1154942223491977e+02  -1.8005914271525413e+02   1.2361673438383798e+03  -9.3136050914452793e-06
 -5.5625000000000000e+00   1.1197598129351108e+02  -1.8082388627987905e+02   1.2416302607038717e+03  -9.7238750443767254e-06
 -5.5499999999999998e+00   1.1240437596729218e+02  -1.8159354560064310e+02   1.2471331415184629e+03  -1.0151808170708616e-05
 -5.5374999999999996e+00   1.1283460843617775e+02  -1.8236810551674273e+02   1.2526760479932218e+03  -1.0598144223685363e-05
 -5.5250000000000004e+00   1.1326668113660547e+02  -1.8314755030149448e+02   1.2582590421744235e+03  -1.1063652861775873e-05
 -5.5124999999999993e+00   1.1370059676728712e+02  -1.8393186365372884e+02   1.2638821864958538e+03  -1.1549134796276775e-05
 -5.5000000000000000e+00   1.1413635829515599e+02  -1.8472102868854589e+02   1.2695455438344659e+03  -1.2055422966253832e-05
 -5.4874999999999998e+00   1.1457396896081590e+02  -1.8551502792921022e+02   1.2752491775593976e+03  -1.2583383792500991e-05
 -5.4749999999999996e+00   1.1501343228345607e+02  -1.8631384330008950e+02   1.2809931515737974e+03  -1.3133918430894999e-05
 -5.4625000000000004e+00   1.1545475206724569e+02  -1.8711745611632634e+02   1.2867775303785425e+03  -1.3707964094257006e-05
 -5.4499999999999993e+00   1.1589793240760751e+02  -1.8792584707389389e+02   1.2926023791347229e+03  -1.4306495419217731e-05
 -5.4375000000000000e+00   1.1634297769755948e+02  -1.8873899623926528e+02   1.2984677637277025e+03  -1.4930525880260780e-05
 -5.4249999999999998e+00   1.1678989263309167e+02  -1.8955688304128481e+02   1.3043737508178226e+03  -1.5581109232286741e-05
 -5.4124999999999996e+00   1.1723868221903585e+02  -1.9037948626172326e+02   1.3103204078988151e+03  -1.6259341012069150e-05
 -5.4000000000000004e+00   1.1768935177519162e+02  -1.9120678402542066e+02   1.3163078033604907e+03  -1.6966360118278293e-05
 -5.3874999999999993e+00   1.1814190694279077e+02  -1.9203875378954805e+02   1.3223360065568818e+03  -1.7703350395822200e-05
 -5.3750000000000000e+00   1.1859635369135977e+02  -1.9287537233200089e+02   1.3284050878807445e+03  -1.8471542296815963e-05
 -5.3624999999999998e+00   1.1905269832425030e+02  -1.9371661574264917e+02   1.3345151188194818e+03  -1.9272214603637301e-05
 -5.3499999999999996e+00   1.1951094748496824e+02  -1.9456245941267514e+02   1.3406661720232021e+03  -2.0106696163934188e-05
 -5.3375000000000004e+00   1.1997110816462150e+02  -1.9541287802158081e+02   1.3468583213895581e+03  -2.0976367785409296e-05
 -5.3249999999999993e+00   1.2043318770897332e+02  -1.9626784552503042e+02   1.3530916421434656e+03  -2.1882664037132371e-05
 -5.3125000000000000e+00   1.2089719382562436e+02  -1.9712733514221173e+02   1.3593662109194149e+03  -2.2827075236593228e-05
 -5.2999999999999998e+00   1.2136313459039205e+02  -1.9799131934501833e+02   1.3656821058328321e+03  -2.3811149411843520e-05
 -5.2874999999999996e+00   1.2183101845356256e+02  -1.9885976984729248e+02   1.3720394065503199e+03  -2.4836494385325813e-05
 -5.2750000000000004e+00   1.2230085424738861e+02  -1.9973265759139824e+02   1.3784381943785040e+03  -2.5904779888356265e-05
 -5.2624999999999993e+00   1.2277265119319625e+02  -2.0060995273566073e+02   1.3848785523479191e+03  -2.7017739729646494e-05
 -5.2500000000000000e+00   1.2324641890841681e+02  -2.0149162464178542e+02   1.3913605652965427e+03  -2.8177174049178930e-05
 -5.2374999999999998e+00   1.2372216741433468e+02  -2.0237764186075066e+02   1.3978843199643331e+03  -2.9384951625123451e-05
 -5.2249999999999996e+00   1.2419990714421024e+02  -2.0326797211783202e+02   1.4044499050938866e+03  -3.0643012240850611e-05
 -5.2125000000000004e+00   1.2467964895097751e+02  -2.0416258229849745e+02   1.4110574115256852e+03  -3.1953369119469992e-05
 -5.1999999999999993e+00   1.2516140411483779e+02  -2.0506143843441802e+02   1.4177069322925879e+03  -3.3318111412655836e-05
 -5.1875000000000000e+00   1.2564518435139877e+02  -2.0596450568823863e+02   1.4243985627229295e+03  -3.4739406796452732e-05
 -5.1749999999999998e+00   1.2613100181945661e+02  -2.0687174833914997e+02   1.4311324005391905e+03  -3.6219504061169255e-05
 -5.1624999999999996e+00   1.2661886912950800e+02  -2.0778312976666632e+02   1.4379085459679825e+03  -3.7760735831755104e-05
 -5.1500000000000004e+00   1.2710879935186861e+02  -2.0869861243538455e+02   1.4447271018450867e+03  -3.9365521321781601e-05
 -5.1374999999999993e+00   1.2760080602499282e+02  -2.0961815787905329e+02   1.4515881737241909e+03  -4.1036369145455121e-05
 -5.1250000000000000e+00   1.2809490316385680e+02  -2.1054172668459103e+02   1.4584918699873035e+03  -4.2775880214403246e-05
 -5.1124999999999998e+00   1.2859110526857904e+02  -2.1146927847543347e+02   1.4654383019593793e+03  -4.4586750674580185e-05
 -5.0999999999999996e+00   1.2908942733340203e+02  -2.1240077189411326e+02   1.4724275840289424e+03  -4.6471774920756310e-05
 -5.0875000000000004e+00   1.2958988485616430e+02  -2.1333616458367757e+02   1.4794598337765722e+03  -4.8433848666603601e-05
 -5.0749999999999993e+00   1.3009249384772758e+02  -2.1427541316919780e+02   1.4865351721035386e+03  -5.0475972053788191e-05
 -5.0625000000000000e+00   1.3059727084129378e+02  -2.1521847323939423e+02   1.4936537233596869e+03  -5.2601252840186159e-05
 -5.0499999999999998e+00   1.3110423290204059e+02  -2.1616529932751951e+02   1.5008156154767248e+03  -5.4812909631468520e-05
 -5.0374999999999996e+00   1.3161339763666916e+02  -2.1711584489240533e+02   1.5080209801010649e+03  -5.7114275136344096e-05
 -5.0250000000000004e+00   1.3212478320327060e+02  -2.1807006229869447e+02   1.5152699527321122e+03  -5.9508799505289298e-05
 -5.0124999999999993e+00   1.3263840832139817e+02  -2.1902790279664575e+02   1.5225626728643397e+03  -6.2000053669542053e-05
 -5.0000000000000000e+00   1.3315429228267928e+02  -2.1998931650063284e+02   1.5298992841380027e+03  -6.4591732755934304e-05
 -4.9874999999999998e+00   1.3367245496109271e+02  -2.2095425236841126e+02   1.5372799344858681e+03  -6.7287659481869242e-05
 -4.9749999999999996e+00   1.3419291682351337e+02  -2.2192265817960725e+02   1.5447047762846837e+03  -7.0091787612471340e-05
 -4.9625000000000004e+00   1.3471569894049003e+02  -2.2289448051377465e+02   1.5521739665108469e+03  -7.3008205397934802e-05
 -4.9499999999999993e+00   1.3524082299767241e+02  -2.2386966472687877e+02   1.5596876669063149e+03  -7.6041139058191027e-05
 -4.9375000000000000e+00   1.3576831130704358e+02  -2.2484815492827738e+02   1.5672460441425828e+03  -7.9194956218997444e-05
 -4.9249999999999998e+00   1.3629818681859891e+02  -2.2582989395652430e+02   1.5748492699919848e+03  -8.2474169366187101e-05
 -4.9124999999999996e+00   1.3683047313216829e+02  -2.2681482335494505e+02   1.5824975215019347e+03  -8.5883439247293354e-05
 -4.9000000000000004e+00   1.3736519450929097e+02  -2.2780288334693145e+02   1.5901909811708420e+03  -8.9427578272101071e-05
 -4.8874999999999993e+00   1.3790237588524428e+02  -2.2879401281091933e+02   1.5979298371271298e+03  -9.3111553807077152e-05
 -4.8750000000000000e+00   1.3844204288165110e+02  -2.2978814925398993e+02   1.6057142833175067e+03  -9.6940491478068343e-05
 -4.8624999999999998e+00   1.3898422181914137e+02  -2.3078522878539783e+02   1.6135445196969158e+03  -1.0091967829993440e-04
 -4.8499999999999996e+00   1.3952893973032130e+02  -2.3178518608926842e+02   1.6214207524238450e+03  -1.0505456579076512e-04
 -4.8375000000000004e+00   1.4007622437279775e+02  -2.3278795439723086e+02   1.6293431940573430e+03  -1.0935077287119650e-04
 -4.8249999999999993e+00   1.4062610424277881e+02  -2.3379346545964805e+02   1.6373120637632687e+03  -1.1381408870580596e-04
 -4.8125000000000000e+00   1.4117860858902432e+02  -2.3480164951614805e+02   1.6453275875265035e+03  -1.1845047531642220e-04
 -4.7999999999999998e+00   1.4173376742702800e+02  -2.3581243526552709e+02   1.6533899983674371e+03  -1.2326607002195082e-04
 -4.7874999999999996e+00   1.4229161155324164e+02  -2.3682574983556509e+02   1.6614995365600030e+03  -1.2826718764452107e-04
 -4.7750000000000004e+00   1.4285217255967453e+02  -2.3784151875192876e+02   1.6696564498560540e+03  -1.3346032245652192e-04
 -4.7624999999999993e+00   1.4341548284892016e+02  -2.3885966590615052e+02   1.6778609937168433e+03  -1.3885214982943582e-04
 -4.7500000000000000e+00   1.4398157564931384e+02  -2.3988011352326154e+02   1.6861134315473462e+03  -1.4444952756554390e-04
 -4.7374999999999998e+00   1.4455048503032270e+02  -2.4090278212887819e+02   1.6944140349348797e+03  -1.5025949683894236e-04
 -4.7249999999999996e+00   1.4512224591845387e+02  -2.4192759051512459e+02   1.7027630838961463e+03  -1.5628928273832155e-04
 -4.7125000000000004e+00   1.4569689411361267e+02  -2.4295445570556404e+02   1.7111608671317181e+03  -1.6254629432219234e-04
 -4.6999999999999993e+00   1.4627446630564597e+02  -2.4398329291968952e+02   1.7196076822841560e+03  -1.6903812416424160e-04
 -4.6875000000000000e+00   1.4685500009123675e+02  -2.4501401553660037e+02   1.7281038362021609e+03  -1.7577254733540842e-04
 -4.6749999999999998e+00   1.4743853399114744e+02  -2.4604653505791532e+02   1.7366496452107119e+03  -1.8275751972426419e-04
 -4.6624999999999996e+00   1.4802510746783116e+02  -2.4708076106983782e+02   1.7452454353874887e+03  -1.9000117566086557e-04
 -4.6500000000000004e+00   1.4861476094326841e+02  -2.4811660120472720e+02   1.7538915428435091e+03  -1.9751182474984233e-04
 -4.6374999999999993e+00   1.4920753581722792e+02  -2.4915396110169340e+02   1.7625883140108738e+03  -2.0529794786417282e-04
 -4.6250000000000000e+00   1.4980347448590913e+02  -2.5019274436637770e+02   1.7713361059369770e+03  -2.1336819217898875e-04
 -4.6124999999999998e+00   1.5040262036103999e+02  -2.5123285252970382e+02   1.7801352865862732e+03  -2.2173136517547595e-04
 -4.5999999999999996e+00   1.5100501788946474e+02  -2.5227418500557332e+02   1.7889862351500835e+03  -2.3039642750373123e-04
 -4.5875000000000004e+00   1.5161071257311949e+02  -2.5331663904769579e+02   1.7978893423629906e+03  -2.3937248460044938e-04
 -4.5749999999999993e+00   1.5221975098929678e+02  -2.5436010970578627e+02   1.8068450108243844e+03  -2.4866877693837080e-04
 -4.5625000000000000e+00   1.5283218081126060e+02  -2.5540448978098732e+02   1.8158536553260546e+03  -2.5829466878499668e-04
 -4.5499999999999998e+00   1.5344805082944126e+02  -2.5644966978001941e+02   1.8249157031891405e+03  -2.6825963536638556e-04
 -4.5374999999999996e+00   1.5406741097289765e+02  -2.5749553786878562e+02   1.8340315946059393e+03  -2.7857324821049481e-04
 -4.5250000000000004e+00   1.5469031233126526e+02  -2.5854197982487744e+02   1.8432017829897143e+03  -2.8924515860645982e-04
 -4.5124999999999993e+00   1.5531680717726596e+02  -2.5958887898891021e+02   1.8524267353336043e+03  -3.0028507892476843e-04
 -4.5000000000000000e+00   1.5594694898960589e+02  -2.6063611621500860e+02   1.8617069325761336e+03  -3.1170276168644473e-04
 -4.4874999999999998e+00   1.5658079247628609e+02  -2.6168356982041206e+02   1.8710428699736897e+03  -3.2350797613015761e-04
 -4.4749999999999996e+00   1.5721839359838313e+02  -2.6273111553407557e+02   1.8804350574807836e+03  -3.3571048208356564e-04
 -4.4625000000000004e+00   1.5785980959434681e+02  -2.6377862644417149e+02   1.8898840201387832e+03  -3.4832000092243417e-04
 -4.4499999999999993e+00   1.5850509900472758e+02  -2.6482597294469394e+02   1.8993902984718563e+03  -3.6134618333500480e-04
 -4.4375000000000000e+00   1.5915432169743210e+02  -2.6587302268093009e+02   1.9089544488915567e+03  -3.7479857368844318e-04
 -4.4249999999999998e+00   1.5980753889349825e+02  -2.6691964049385848e+02   1.9185770441099189e+03  -3.8868657062272785e-04
 -4.4124999999999996e+00   1.6046481319331957e+02  -2.6796568836360336e+02   1.9282586735600623e+03  -4.0301938364820312e-04
 -4.4000000000000004e+00   1.6112620860345552e+02  -2.6901102535165336e+02   1.9379999438262739e+03  -4.1780598537549560e-04
 -4.3874999999999993e+00   1.6179179056381565e+02  -2.7005550754233838e+02   1.9478014790805248e+03  -4.3305505900301862e-04
 -4.3750000000000000e+00   1.6246162597527984e+02  -2.7109898798338372e+02   1.9576639215263119e+03  -4.4877494073941143e-04
 -4.3624999999999998e+00   1.6313578322791284e+02  -2.7214131662524994e+02   1.9675879318521136e+03  -4.6497355669563418e-04
 -4.3499999999999996e+00   1.6381433222974084e+02  -2.7318234025931503e+02   1.9775741896940026e+03  -4.8165835385106628e-04
 -4.3375000000000004e+00   1.6449734443603631e+02  -2.7422190245503288e+02   1.9876233941066423e+03  -4.9883622455669703e-04
 -4.3249999999999993e+00   1.6518489287921005e+02  -2.7525984349583558e+02   1.9977362640440988e+03  -5.1651342416178579e-04
 -4.3125000000000000e+00   1.6587705219922228e+02  -2.7629600031401139e+02   2.0079135388492004e+03  -5.3469548111678700e-04
 -4.2999999999999998e+00   1.6657389867445573e+02  -2.7733020642465260e+02   2.0181559787506510e+03  -5.5338709902865238e-04
 -4.2874999999999996e+00   1.6727551025316879e+02  -2.7836229185843587e+02   2.0284643653695782e+03  -5.7259205005348384e-04
 -4.2750000000000004e+00   1.6798196658546431e+02  -2.7939208309339523e+02   2.0388395022346097e+03  -5.9231305888036068e-04
 -4.2625000000000002e+00   1.6869334905571409e+02  -2.8041940298580244e+02   2.0492822153046286e+03  -6.1255167667504762e-04
 -4.2500000000000000e+00   1.6940974081555706e+02  -2.8144407069991024e+02   2.0597933535009101e+03  -6.3330814414288943e-04
 -4.2374999999999998e+00   1.7013122681739944e+02  -2.8246590163674068e+02   2.0703737892476165e+03  -6.5458124289440001e-04
 -4.2249999999999996e+00   1.7085789384848511e+02  -2.8348470736174772e+02   2.0810244190216463e+03  -6.7636813424437365e-04
 -4.2125000000000004e+00   1.7158983056550679e+02  -2.8450029553145419e+02   2.0917461639114345e+03  -6.9866418448820454e-04
 -4.2000000000000002e+00   1.7232712752972623e+02  -2.8551246981912101e+02   2.1025399701842439e+03  -7.2146277556096915e-04
 -4.1875000000000000e+00   1.7306987724263200e+02  -2.8652102983939687e+02   2.1134068098623866e+03  -7.4475510011926536e-04
 -4.1749999999999998e+00   1.7381817418212952e+02  -2.8752577107197590e+02   2.1243476813083093e+03  -7.6852993973721621e-04
 -4.1624999999999996e+00   1.7457211483918115e+02  -2.8852648478444360e+02   2.1353636098173783e+03  -7.9277342502563977e-04
 -4.1500000000000004e+00   1.7533179775497064e+02  -2.8952295795414727e+02   2.1464556482194594e+03  -8.1746877632894342e-04
 -4.1375000000000002e+00   1.7609732355854430e+02  -2.9051497318922901e+02   2.1576248774886121e+03  -8.4259602351309808e-04
 -4.1250000000000000e+00   1.7686879500492904e+02  -2.9150230864880155e+02   2.1688724073609419e+03  -8.6813170335434424e-04
 -4.1124999999999998e+00   1.7764631701376561e+02  -2.9248473796221123e+02   2.1801993769611609e+03  -8.9404853284323594e-04
 -4.0999999999999996e+00   1.7842999670832242e+02  -2.9346203014768656e+02   2.1916069554359751e+03  -9.2031505661288257e-04
 -4.0875000000000004e+00   1.7921994345489821e+02  -2.9443394953034738e+02   2.2030963425944165e+03  -9.4689526662274342e-04
 -4.0750000000000002e+00   1.8001626890259712e+02  -2.9540025565964066e+02   2.2146687695549399e+03  -9.7374819207661143e-04
 -4.0625000000000000e+00   1.8081908702358490e+02  -2.9636070322595850e+02   2.2263254994008603e+03  -1.0008274573720156e-03
 -4.0499999999999998e+00   1.8162851415377818e+02  -2.9731504197657864e+02   2.2380678278434880e+03  -1.0280808057788913e-03
 -4.0374999999999996e+00   1.8244466903386950e+02  -2.9826301663112611e+02   2.2498970838915975e+03  -1.0554495863337688e-03
 -4.0250000000000004e+00   1.8326767285065847e+02  -2.9920436679663538e+02   2.2618146305268388e+03  -1.0828682013410014e-03
 -4.0125000000000002e+00   1.8409764927866917e+02  -3.0013882688226647e+02   2.2738218653848594e+03  -1.1102635115669004e-03
 -4.0000000000000000e+00   1.8493472452202212e+02  -3.0106612601375400e+02   2.2859202214417046e+03  -1.1375541961278050e-03
 -3.9874999999999998e+00   1.8577902735646703e+02  -3.0198598794780673e+02   2.2981111677042377e+03  -1.1646500637955918e-03
 -3.9749999999999996e+00   1.8663068917164694e+02  -3.0289813098629986e+02   2.3103962099056216e+03  -1.1914513122771755e-03
 -3.9625000000000004e+00   1.8748984401356100e+02  -3.0380226789037175e+02   2.3227768912054507e+03  -1.2178477316904031e-03
 -3.9500000000000002e+00   1.8835662862712218e+02  -3.0469810579463706e+02   2.3352547928931222e+03  -1.2437178482766660e-03
 -3.9375000000000000e+00   1.8923118249877533e+02  -3.0558534612161083e+02   2.3478315350940097e+03  -1.2689280041182792e-03
 -3.9249999999999998e+00   1.9011364789920094e+02  -3.0646368449629443e+02   2.3605087774788672e+03  -1.2933313682985195e-03
 -3.9124999999999996e+00   1.9100416992594387e+02  -3.0733281066130235e+02   2.3732882199742480e+03  -1.3167668746211587e-03
 -3.9000000000000004e+00   1.9190289654594864e+02  -3.0819240839254616e+02   2.3861716034737492e+03  -1.3390580807081096e-03
 -3.8875000000000002e+00   1.9280997863791333e+02  -3.0904215541571392e+02   2.3991607105489088e+03  -1.3600119429607962e-03
 -3.8750000000000000e+00   1.9372557003443589e+02  -3.0988172332358567e+02   2.4122573661594774e+03  -1.3794175013936755e-03
 -3.8624999999999998e+00   1.9464982756391760e+02  -3.1071077749429446e+02   2.4254634383626667e+03  -1.3970444680305894e-03
 -3.8499999999999996e+00   1.9558291109214446e+02  -3.1152897701070532e+02   2.4387808390203454e+03  -1.4126417120987967e-03
 -3.8375000000000004e+00   1.9652498356344773e+02  -3.1233597458114491e+02   2.4522115245028754e+03  -1.4259356347450980e-03
 -3.8250000000000002e+00   1.9747621104133228e+02  -3.1313141646172534e+02   2.4657574963881352e+03  -1.4366284256051689e-03
 -3.8125000000000000e+00   1.9843676274847337e+02  -3.1391494238049796e+02   2.4794208021544250e+03  -1.4443961929142396e-03
 -3.7999999999999998e+00   1.9940681110605001e+02  -3.1468618546350802e+02   2.4932035358669373e+03  -1.4488869583952106e-03
 -3.7874999999999996e+00   2.0038653177229295e+02  -3.1544477216304409e+02   2.5071078388562246e+03  -1.4497185074260181e-03
 -3.7750000000000004e+00   2.0137610368018684e+02  -3.1619032218820058e+02   2.5211359003879456e+03  -1.4464760845359606e-03
 -3.7625000000000002e+00   2.0237570907416983e+02  -3.1692244843813165e+02   2.5352899583218277e+03  -1.4387099234056443e-03
 -3.7500000000000000e+00   2.0338553354570448e+02  -3.1764075693825606e+02   2.5495722997582161e+03  -1.4259325999071810e-03
 -3.7374999999999998e+00   2.0440576606760902e+02  -3.1834484677967862e+02   2.5639852616708431e+03  -1.4076161959958894e-03
 -3.7249999999999996e+00   2.0543659902703251e+02  -3.1903431006208382e+02   2.5785312315243473e+03  -1.3831892613417570e-03
 -3.7125000000000004e+00   2.0647822825694391e+02  -3.1970873184040215e+02   2.5932126478749224e+03  -1.3520335587224861e-03
 -3.7000000000000002e+00   2.0753085306600443e+02  -3.2036769007553198e+02   2.6080320009524726e+03  -1.3134805783228678e-03
 -3.6875000000000000e+00   2.0859467626663354e+02  -3.2101075558954699e+02   2.6229918332218231e+03  -1.2668078049899406e-03
 -3.6749999999999998e+00   2.0966990420114701e+02  -3.2163749202564702e+02   2.6380947399215233e+03  -1.2112347215071817e-03
 -3.6624999999999996e+00   2.1075674676575932e+02  -3.2224745581332945e+02   2.6533433695775857e+03  -1.1459185297057037e-03
 -3.6500000000000004e+00   2.1185541743228708e+02  -3.2284019613911966e+02   2.6687404244901218e+03  -1.0699495701240089e-03
 -3.6375000000000002e+00   2.1296613326737474e+02  -3.2341525492327219e+02   2.6842886611906779e+03  -9.8234641954368348e-04
 -3.6250000000000000e+00   2.1408911494904996e+02  -3.2397216680285698e+02   2.6999908908678876e+03  -8.8205064435214889e-04
 -3.6124999999999998e+00   2.1522458678044728e+02  -3.2451045912158145e+02   2.7158499797595227e+03  -7.6792118626793551e-04
 -3.5999999999999996e+00   2.1637277670043431e+02  -3.2502965192694268e+02   2.7318688495075453e+03  -6.3872835522351356e-04
 -3.5875000000000004e+00   2.1753391629093281e+02  -3.2552925797513797e+02   2.7480504774736605e+03  -4.9314740276294343e-04
 -3.5750000000000002e+00   2.1870824078068716e+02  -3.2600878274428942e+02   2.7643978970122962e+03  -3.2975164727385711e-04
 -3.5625000000000000e+00   2.1989598904525073e+02  -3.2646772445646405e+02   2.7809141976982446e+03  -1.4700512058849228e-04
 -3.5499999999999998e+00   2.2109740360292142e+02  -3.2690557410907905e+02   2.7976025255056670e+03   5.6745296570346893e-05
 -3.5374999999999996e+00   2.2231273060637332e+02  -3.2732181551622563e+02   2.8144660829354289e+03   2.8327828503624800e-04
 -3.5250000000000004e+00   2.2354221982968673e+02  -3.2771592536055709e+02   2.8315081290871308e+03   5.3450708057947802e-04
 -3.5125000000000002e+00   2.2478612465048789e+02  -3.2808737325634723e+02   2.8487319796723664e+03   8.1248908974176773e-04
 -3.5000000000000000e+00   2.2604470202690098e+02  -3.2843562182435761e+02   2.8661410069656836e+03   1.1194361702802815e-03
 -3.4874999999999998e+00   2.2731821246897562e+02  -3.2876012677922580e+02   2.8837386396891807e+03   1.4577256212858364e-03
 -3.4749999999999996e+00   2.2860692000428841e+02  -3.2906033703000230e+02   2.9015283628272318e+03   1.8299119308300450e-03
 -3.4625000000000004e+00   2.2991109213733944e+02  -3.2933569479464740e+02   2.9195137173668136e+03   2.2387393325254963e-03
 -3.4500000000000002e+00   2.3123099980238990e+02  -3.2958563572921111e+02   2.9376982999592724e+03   2.6871552255047274e-03
 -3.4375000000000000e+00   2.3256691730935674e+02  -3.2980958907251477e+02   2.9560857624990376e+03   3.1783245161704130e-03
 -3.4249999999999998e+00   2.3391912228235884e+02  -3.3000697780716166e+02   2.9746798116145419e+03   3.7156449438605623e-03
 -3.4124999999999996e+00   2.3528789559050122e+02  -3.3017721883774084e+02   2.9934842080665635e+03   4.3027634568107544e-03
 -3.4000000000000004e+00   2.3667352127049207e+02  -3.3031972318705141e+02   3.0125027660494020e+03   4.9435937091569663e-03
 -3.3875000000000002e+00   2.3807628644065070e+02  -3.3043389621125829e+02   3.0317393523898463e+03   5.6423347544844842e-03
 -3.3750000000000000e+00   2.3949648120583089e+02  -3.3051913783494712e+02   3.0511978856385194e+03   6.4034910164676708e-03
 -3.3624999999999998e+00   2.4093439855277080e+02  -3.3057484280707308e+02   3.0708823350480684e+03   7.2318936225997162e-03
 -3.3499999999999996e+00   2.4239033423536162e+02  -3.3060040097882597e+02   3.0907967194325083e+03   8.1327231925657408e-03
 -3.3375000000000004e+00   2.4386458664929827e+02  -3.3059519760450263e+02   3.1109451059017056e+03   9.1115341792321926e-03
 -3.3250000000000002e+00   2.4535745669560751e+02  -3.3055861366637356e+02   3.1313316084655967e+03   1.0174280866431734e-02
 -3.3125000000000000e+00   2.4686924763248797e+02  -3.3049002622468805e+02   3.1519603865019399e+03   1.1327345135020568e-02
 -3.2999999999999998e+00   2.4840026491486469e+02  -3.3038880879398806e+02   3.1728356430810936e+03   1.2577566115935310e-02
 -3.2874999999999996e+00   2.4995081602103733e+02  -3.3025433174695803e+02   3.1939616231411346e+03   1.3932271856955647e-02
 -3.2750000000000004e+00   2.5152121026579391e+02  -3.3008596274703353e+02   3.2153426115066418e+03   1.5399313138477481e-02
 -3.2625000000000002e+00   2.5311175859932493e+02  -3.2988306721106568e+02   3.2369829307441182e+03   1.6987099582504293e-02
 -3.2500000000000000e+00   2.5472277339129138e+02  -3.2964500880327279e+02   3.2588869388474573e+03   1.8704638208827944e-02
 -3.2374999999999998e+00   2.5635456819932239e+02  -3.2937114996187910e+02   3.2810590267459306e+03   2.0561574602739247e-02
 -3.2249999999999996e+00   2.5800745752120048e+02  -3.2906085245984485e+02   3.3035036156270990e+03   2.2568236869527900e-02
 -3.2125000000000004e+00   2.5968175652998525e+02  -3.2871347800109942e+02   3.3262251540671632e+03   2.4735682562813548e-02
 -3.2000000000000002e+00   2.6137778079126844e+02  -3.2832838885379385e+02   3.3492281149606752e+03   2.7075748786482202e-02
 -3.1875000000000000e+00   2.6309584596176325e+02  -3.2790494852203545e+02   3.3725169922418804e+03   2.9601105683148554e-02
 -3.1749999999999998e+00   2.6483626746835245e+02  -3.2744252245773703e+02   3.3960962973891269e+03   3.2325313536712787e-02
 -3.1624999999999996e+00   2.6659936016672998e+02  -3.2694047881413206e+02   3.4199705557041616e+03   3.5262883731632035e-02
 -3.1500000000000004e+00   2.6838543797871273e+02  -3.2639818924264671e+02   3.4441443023575948e+03   3.8429343828091087e-02
 -3.1375000000000002e+00   2.7019481350727295e+02  -3.2581502973480031e+02   3.4686220781917996e+03   4.1841307029594293e-02
 -3.1250000000000000e+00   2.7202779762829368e+02  -3.2519038151092525e+02   3.4934084252720768e+03   4.5516546338304931e-02
 -3.1124999999999998e+00   2.7388469905801799e+02  -3.2452363195749183e+02   3.5185078821768670e+03   4.9474073713305658e-02
 -3.0999999999999996e+00   2.7576582389513277e+02  -3.2381417561487552e+02   3.5439249790177619e+03   5.3734224568410364e-02
 -3.0875000000000004e+00   2.7767147513638190e+02  -3.2306141521745434e+02   3.5696642321797422e+03   5.8318747968848207e-02
 -3.0750000000000002e+00   2.7960195216454503e+02  -3.2226476278801204e+02   3.5957301387717471e+03   6.3250902910640810e-02
 -3.0625000000000000e+00   2.8155755020758261e+02  -3.2142364078844338e+02   3.6221271707775891e+03   6.8555561092469963e-02
 -3.0499999999999998e+00   2.8353855976769347e+02  -3.2053748332883885e+02   3.6488597688969480e+03   7.4259316617764720e-02
 -3.0374999999999996e+00   2.8554526601898010e+02  -3.1960573743706732e+02   3.6759323360660305e+03   8.0390603094524088e-02
 -3.0250000000000004e+00   2.8757794817236476e+02  -3.1862786439103917e+02   3.7033492306472581e+03   8.6979818632311939e-02
 -3.0125000000000002e+00   2.8963687880634512e+02  -3.1760334111588088e+02   3.7311147592772086e+03   9.4059459269949769e-02
 -3.0000000000000000e+00   2.9172232316210403e+02  -3.1653166164834823e+02   3.7592331693616388e+03   1.0166426140393725e-01
 -2.9874999999999998e+00   2.9383453840143062e+02  -3.1541233867084742e+02   3.7877086412062986e+03   1.0983135382671148e-01
 -2.9749999999999996e+00   2.9597377282584716e+02  -3.1424490511749474e+02   3.8165452797721082e+03   1.1860042002563552e-01
 -2.9625000000000004e+00   2.9814026505524890e+02  -3.1302891585474487e+02   3.8457471060428511e+03   1.2801387143838022e-01
 -2.9500000000000002e+00   3.0033424316427647e+02  -3.1176394943921366e+02   3.8753180479931430e+03   1.3811703240826054e-01
 -2.9375000000000000e+00   3.0255592377457174e+02  -3.1044960995536206e+02   3.9052619311443996e+03   1.4895833763436039e-01
 -2.9249999999999998e+00   3.0480551110097093e+02  -3.0908552893581640e+02   3.9355824686961819e+03   1.6058954296631323e-01
 -2.9124999999999996e+00   3.0708319594960153e+02  -3.0767136736716731e+02   3.9662832512200571e+03   1.7306595045231243e-01
 -2.9000000000000004e+00   3.0938915466572723e+02  -3.0620681778421931e+02   3.9973677359026528e+03   1.8644664861205712e-01
 -2.8875000000000002e+00   3.1172354802907614e+02  -3.0469160645576750e+02   4.0288392353241525e+03   2.0079476897396020e-01
 -2.8750000000000000e+00   3.1408652009426737e+02  -3.0312549566507909e+02   4.0607009057582045e+03   2.1617775998817285e-01
 -2.8624999999999998e+00   3.1647819697382465e+02  -3.0150828608837162e+02   4.0929557349788265e+03   2.3266767950474593e-01
 -2.8499999999999996e+00   3.1889868556111696e+02  -2.9983981927472587e+02   4.1256065295593316e+03   2.5034150708936437e-01
 -2.8375000000000004e+00   3.2134807219042534e+02  -2.9811998023097789e+02   4.1586559016479596e+03   2.6928147753829962e-01
 -2.8250000000000002e+00   3.2382642123115647e+02  -2.9634870011532411e+02   4.1921062552041785e+03   2.8957543705000843e-01
 -2.8125000000000000e+00   3.2633377361304849e+02  -2.9452595904351449e+02   4.2259597716790531e+03   3.1131722361334530e-01
 -2.7999999999999998e+00   3.2887014527902875e+02  -2.9265178901167604e+02   4.2602183951225288e+03   3.3460707328251316e-01
 -2.7874999999999996e+00   3.3143552556216918e+02  -2.9072627694000784e+02   4.2948838166996902e+03   3.5955205412713820e-01
 -2.7750000000000004e+00   3.3402987548295704e+02  -2.8874956784178858e+02   4.3299574585972359e+03   3.8626652977262710e-01
 -2.7625000000000002e+00   3.3665312596286202e+02  -2.8672186812234952e+02   4.3654404573006505e+03   4.1487265458215594e-01
 -2.7500000000000000e+00   3.3930517594990800e+02  -2.8464344901290974e+02   4.4013336462215284e+03   4.4550090267802200e-01
 -2.7374999999999998e+00   3.4198589045168114e+02  -2.8251465014441300e+02   4.4376375376535461e+03   4.7829063315692272e-01
 -2.7249999999999996e+00   3.4469509847087443e+02  -2.8033588326681678e+02   4.4743523040342825e+03   5.1339069402271664e-01
 -2.7125000000000004e+00   3.4743259083814922e+02  -2.7810763611955650e+02   4.5114777584889225e+03   5.5096006754127802e-01
 -2.7000000000000002e+00   3.5019811793671482e+02  -2.7583047645925319e+02   4.5490133346304747e+03   5.9116855991713058e-01
 -2.6875000000000000e+00   3.5299138731263946e+02  -2.7350505625106541e+02   4.5869580655896407e+03   6.3419753840071114e-01
 -2.6749999999999998e+00   3.5581206116446765e+02  -2.7113211603048882e+02   4.6253105622458388e+03   6.8024071916055318e-01
 -2.6625000000000005e+00   3.5865975370524563e+02  -2.6871248944282968e+02   4.6640689906288535e+03   7.2950500949664676e-01
 -2.6500000000000004e+00   3.6153402838955628e+02  -2.6624710796800787e+02   4.7032310484588415e+03   7.8221140823168611e-01
 -2.6375000000000002e+00   3.6443439499760541e+02  -2.6373700583884380e+02   4.7427939407900658e+03   8.3859596839723549e-01
 -2.6250000000000000e+00   3.6736030656780116e+02  -2.6118332516152168e+02   4.7827543547213500e+03   8.9891082663320465e-01
 -2.6124999999999998e+00   3.7031115616861450e+02  -2.5858732124748497e+02   4.8231084331336015e+03   9.6342530404361215e-01
 -2.6000000000000005e+00   3.7328627349980815e+02  -2.5595036816663335e+02   4.8638517474119581e+03   1.0324270836008802e+00
 -2.5875000000000004e+00   3.7628492131234782e+02  -2.5327396453235869e+02   4.9049792691069933e+03   1.1062234695670394e+00
 -2.5750000000000002e+00   3.7930629163547712e+02  -2.5055973952968085e+02   4.9464853404859632e+03   1.1851427348053443e+00
 -2.5625000000000000e+00   3.8234950179852802e+02  -2.4780945919852871e+02   4.9883636439213496e+03   1.2695355622920044e+00
 -2.5499999999999998e+00   3.8541359023406369e+02  -2.4502503298503024e+02   5.0306071700600796e+03   1.3597765876078087e+00
 -2.5375000000000005e+00   3.8849751204788544e+02  -2.4220852057457819e+02   5.0732081847124173e+03   1.4562660496960436e+00
 -2.5250000000000004e+00   3.9160013434027229e+02  -2.3936213902140702e+02   5.1161581943948131e+03   1.5594315577188658e+00
 -2.5125000000000002e+00   3.9472023126157694e+02  -2.3648827019045763e+02   5.1594479104559177e+03   1.6697299824328926e+00
 -2.5000000000000000e+00   3.9785647878393365e+02  -2.3358946852841075e+02   5.2030672117095373e+03   1.7876494811392190e+00
 -2.4874999999999998e+00   4.0100744916936850e+02  -2.3066846918195338e+02   5.2470051054924488e+03   1.9137116659471858e+00
 -2.4750000000000005e+00   4.0417160511299960e+02  -2.2772819648262723e+02   5.2912496870586438e+03   2.0484739258292510e+00
 -2.4625000000000004e+00   4.0734729353828277e+02  -2.2477177281895325e+02   5.3357880972148150e+03   2.1925319137402184e+00
 -2.4500000000000002e+00   4.1053273901938627e+02  -2.2180252791797164e+02   5.3806064780946826e+03   2.3465222109328430e+00
 -2.4375000000000000e+00   4.1372603680373493e+02  -2.1882400855988865e+02   5.4256899269619289e+03   2.5111251815284881e+00
 -2.4249999999999998e+00   4.1692514540556772e+02  -2.1583998875113843e+02   5.4710224479233384e+03   2.6870680314013291e+00
 -2.4125000000000005e+00   4.2012787873896337e+02  -2.1285448038291423e+02   5.5165869014249220e+03   2.8751280865138700e+00
 -2.4000000000000004e+00   4.2333189775620167e+02  -2.0987174440404505e+02   5.5623649513944902e+03   3.0761363070063470e+00
 -2.3875000000000002e+00   4.2653470155453334e+02  -2.0689630253902527e+02   5.6083370098843607e+03   3.2909810545999689e+00
 -2.3750000000000000e+00   4.2973361791139604e+02  -2.0393294958405178e+02   5.6544821790573887e+03   3.5206121322314474e+00
 -2.3624999999999998e+00   4.3292579320482895e+02  -2.0098676631606006e+02   5.7007781903485720e+03   3.7660451163015609e+00
 -2.3500000000000005e+00   4.3610818167229564e+02  -1.9806313305198091e+02   5.7472013406231117e+03   4.0283660035028346e+00
 -2.3375000000000004e+00   4.3927753395726876e+02  -1.9516774389779687e+02   5.7937264251396664e+03   4.3087361958993800e+00
 -2.3250000000000002e+00   4.4243038488877971e+02  -1.9230662172939660e+02   5.8403266671151787e+03   4.6083978497761677e+00
 -2.3125000000000000e+00   4.4556304043462166e+02  -1.8948613394977275e+02   5.8869736436745743e+03   4.9286796157657342e+00
 -2.2999999999999998e+00   4.4867156376403148e+02  -1.8671300906970345e+02   5.9336372079553721e+03   5.2710027999095557e+00
 -2.2875000000000005e+00   4.5175176035040101e+02  -1.8399435416174740e+02   5.9802854071234669e+03   5.6368879776308027e+00
 -2.2750000000000004e+00   4.5479916203886313e+02  -1.8133767324013607e+02   6.0268843960423874e+03   6.0279620950986468e+00
 -2.2625000000000002e+00   4.5780900999742721e+02  -1.7875088662193903e+02   6.0733983463240675e+03   6.4459660951653825e+00
 -2.2500000000000000e+00   4.6077623646366396e+02  -1.7624235132769908e+02   6.1197893504750036e+03   6.8927631079714518e+00
 -2.2374999999999998e+00   4.6369544519171694e+02  -1.7382088258256431e+02   6.1660173208374526e+03   7.3703472494558282e+00
 -2.2250000000000005e+00   4.6656089049660932e+02  -1.7149577648174889e+02   6.2120398830114254e+03   7.8808530743969154e+00
 -2.2125000000000004e+00   4.6936645478436083e+02  -1.6927683388690872e+02   6.2578122634297397e+03   8.4265657342598352e+00
 -2.2000000000000002e+00   4.7210562444728998e+02  -1.6717438562267483e+02   6.3032871707455979e+03   9.0099318940580257e+00
 -2.1875000000000000e+00   4.7477146399398413e+02  -1.6519931904511569e+02   6.3484146706803040e+03   9.6335714666702632e+00
 -2.1749999999999998e+00   4.7735658827272948e+02  -1.6336310605620727e+02   6.3931420539683049e+03   1.0300290227607867e+01
 -2.1625000000000005e+00   4.7985313263562176e+02  -1.6167783264047125e+02   6.4374136970278623e+03   1.1013093378122539e+01
 -2.1500000000000004e+00   4.8225272087805746e+02  -1.6015623000167349e+02   6.4811709149790140e+03   1.1775200129803316e+01
 -2.1375000000000002e+00   4.8454643077477567e+02  -1.5881170737879293e+02   6.5243518066265460e+03   1.2590059389452852e+01
 -2.1250000000000000e+00   4.8672475701897156e+02  -1.5765838662126782e+02   6.5668910910249706e+03   1.3461366629080189e+01
 -2.1124999999999998e+00   4.8877757135517652e+02  -1.5671113860368999e+02   6.6087199352459402e+03   1.4393082032319507e+01
 -2.1000000000000005e+00   4.9069407967946756e+02  -1.5598562155951029e+02   6.6497657729766752e+03   1.5389450015501417e+01
 -2.0875000000000004e+00   4.9246277586205946e+02  -1.5549832141178481e+02   6.6899521135920177e+03   1.6455020228983308e+01
 -2.0750000000000002e+00   4.9407139202731861e+02  -1.5526659417634463e+02   6.7291983413636690e+03   1.7594670152202976e+01
 -2.0625000000000000e+00   4.9550684500460733e+02  -1.5530871050881328e+02   6.7674195044993048e+03   1.8813629404266873e+01
 -2.0499999999999998e+00   4.9675517864000119e+02  -1.5564390246137762e+02   6.8045260937430639e+03   2.0117505900727490e+01
 -2.0375000000000005e+00   4.9780150163368711e+02  -1.5629241250787038e+02   6.8404238103190710e+03   2.1512313996544258e+01
 -2.0250000000000004e+00   4.9862992054061135e+02  -1.5727554488621806e+02   6.8750133230631518e+03   2.3004504765049930e+01
 -2.0125000000000002e+00   4.9922346754256938e+02  -1.5861571929528586e+02   6.9081900146669013e+03   2.4600998573042105e+01
 -2.0000000000000000e+00   4.9956402256826419e+02  -1.6033652696818697e+02   6.9398437170555362e+03   2.6309220122853347e+01
 -1.9874999999999998e+00   4.9963222930376185e+02  -1.6246278912574130e+02   6.9698584360391551e+03   2.8137136143375088e+01
 -1.9750000000000005e+00   4.9940740459909813e+02  -1.6502061779139845e+02   6.9981120655199074e+03   3.0093295923447410e+01
 -1.9625000000000004e+00   4.9886744073740022e+02  -1.6803747892195923e+02   7.0244760917086505e+03   3.2186874892682745e+01
 -1.9500000000000002e+00   4.9798869999064021e+02  -1.7154225777609778e+02   7.0488152880088273e+03   3.4427721466534614e+01
 -1.9375000000000000e+00   4.9674590084093535e+02  -1.7556532640416674e+02   7.0709874014672814e+03   3.6826407384082593e+01
 -1.9249999999999998e+00   4.9511199519802756e+02  -1.8013861309710219e+02   7.0908428319776003e+03   3.9394281778361425e+01
 -1.9125000000000005e+00   4.9305803589217902e+02  -1.8529567357834765e+02   7.1082243057580554e+03   4.2143529229834648e+01
 -1.9000000000000004e+00   4.9055303366716777e+02  -1.9107176365931113e+02   7.1229665450207603e+03   4.5087232063448937e+01
 -1.8875000000000002e+00   4.8756380284041074e+02  -1.9750391300454504e+02   7.1348959362102423e+03   4.8239437158161095e+01
 -1.8750000000000000e+00   4.8405479473659648e+02  -2.0463099956595835e+02   7.1438301997279650e+03   5.1615227544358596e+01
 -1.8624999999999998e+00   4.7998791793779424e+02  -2.1249382414407884e+02   7.1495780646859330e+03   5.5230799068517435e+01
 -1.8500000000000005e+00   4.7532234432718360e+02  -2.2113518441657314e+02   7.1519389529599712e+03   5.9103542404928092e+01
 -1.8375000000000004e+00   4.7001429983584444e+02  -2.3059994763751232e+02   7.1507026776563789e+03   6.3252130690353582e+01
 -1.8250000000000002e+00   4.6401683873320115e+02  -2.4093512105253802e+02   7.1456491620805591e+03   6.7696613047827896e+01
 -1.8125000000000000e+00   4.5727960023276984e+02  -2.5218991889209889e+02   7.1365481864216863e+03   7.2458514248956874e+01
 -1.7999999999999998e+00   4.4974854611715762e+02  -2.6441582459384949e+02   7.1231591706640065e+03   7.7560940738237164e+01
 -1.7875000000000005e+00   4.4136567802163762e+02  -2.7766664666230338e+02   7.1052310037263851e+03   8.3028693205882348e+01
 -1.7750000000000004e+00   4.3206873295640128e+02  -2.9199856629462664e+02   7.0825019305428395e+03   8.8888385844824057e+01
 -1.7625000000000002e+00   4.2179085559680470e+02  -3.0747017458130523e+02   7.0546995107568500e+03   9.5168572359813396e+01
 -1.7500000000000000e+00   4.1046024583241075e+02  -3.2414249672408135e+02   7.0215406649423221e+03   1.0189987870816699e+02
 -1.7374999999999998e+00   3.9799978004426328e+02  -3.4207900029531521e+02   6.9827318268186436e+03   1.0911514243826093e+02
 -1.7250000000000005e+00   3.8432660458173331e+02  -3.6134558408658643e+02   6.9379692228330678e+03   1.1684955834815851e+02
 -1.7125000000000004e+00   3.6935169994311008e+02  -3.8201054355326289e+02   6.8869393037800219e+03   1.2514083000661688e+02
 -1.7000000000000002e+00   3.5297941423739235e+02  -4.0414450824893993e+02   6.8293193568549250e+03   1.3402932645495301e+02
 -1.6875000000000000e+00   3.3510696463026557e+02  -4.2782034595183620e+02   6.7647783307418276e+03   1.4355824313246413e+02
 -1.6749999999999998e+00   3.1562390566956475e+02  -4.5311302740712273e+02   6.6929779110514446e+03   1.5377376573055980e+02
 -1.6625000000000005e+00   2.9441156366246304e+02  -4.8009944473768809e+02   6.6135738886984855e+03   1.6472523527025436e+02
 -1.6500000000000004e+00   2.7134243665999452e+02  -5.0885817560453688e+02   6.5262178696694546e+03   1.7646531220137604e+02
 -1.6375000000000002e+00   2.4627956012084044e+02  -5.3946918412155162e+02   6.4305593811107628e+03   1.8905013672523646e+02
 -1.6250000000000000e+00   2.1907583900770214e+02  -5.7201344834427937e+02   6.3262484357755320e+03   2.0253948182928562e+02
 -1.6124999999999998e+00   1.8957334795475720e+02  -6.0657250285809380e+02   6.2129386245997557e+03   2.1699689467441428e+02
 -1.6000000000000005e+00   1.5760260228005782e+02  -6.4322788359101480e+02   6.0902908155011392e+03   2.3248982097341818e+02
 -1.5875000000000004e+00   1.2298180405754728e+02  -6.8206046047980885e+02   5.9579775453348921e+03   2.4908970582175613e+02
 -1.5750000000000002e+00   8.5516069275102737e+01  -7.2314964204171952e+02   5.8156882011768348e+03   2.6687206306739768e+02
 -1.5625000000000000e+00   4.4996644364509365e+01  -7.6657243427567778e+02   5.6631350965431757e+03   2.8591650371362618e+02
 -1.5499999999999998e+00   1.2001231859956316e+00  -8.1240233467716121e+02   5.5000605575167310e+03   3.0630671201687937e+02
 -1.5375000000000005e+00  -4.6112321013079352e+01  -8.6070804055875919e+02   5.3262451426343687e+03   3.2813035585405299e+02
 -1.5250000000000004e+00  -9.7195669951533361e+01  -9.1155194940517242e+02   5.1415171282568344e+03   3.5147891557898612e+02
 -1.5125000000000002e+00  -1.5232173718340093e+02  -9.6498842776635013e+02   4.9457633972642798e+03   3.7644741296435228e+02
 -1.5000000000000000e+00  -2.1177975757268251e+02  -1.0210618243501634e+03   4.7389418723475901e+03   4.0313401894530728e+02
 -1.4874999999999998e+00  -2.7587685216634600e+02  -1.0798042027033257e+03   4.5210956346734929e+03   4.3163951577777834e+02
 -1.4750000000000005e+00  -3.4493832262138045e+02  -1.1412327694038725e+03   4.2923688627425308e+03   4.6206658595829214e+02
 -1.4625000000000004e+00  -4.1930771921607612e+02  -1.2053469753272939e+03   4.0530247129082290e+03   4.9451889692294407e+02
 -1.4500000000000002e+00  -4.9934661473205529e+02  -1.2721252706557891e+03   3.8034652399320321e+03   5.2909994729990649e+02
 -1.4375000000000000e+00  -5.8543400304409545e+02  -1.3415214993147717e+03   3.5442534202940742e+03   5.6591163754647278e+02
 -1.4249999999999998e+00  -6.7796522608237115e+02  -1.4134609259594615e+03   3.2761372894630781e+03   6.0505252545221424e+02
 -1.4125000000000005e+00  -7.7735031603018513e+02  -1.4878358990904953e+03   3.0000761331819049e+03   6.4661572562637889e+02
 -1.4000000000000004e+00  -8.8401162144741602e+02  -1.5645011680109083e+03   2.7172685778885634e+03   6.9068641221738073e+02
 -1.3875000000000002e+00  -9.9838056695604928e+02  -1.6432688898517576e+03   2.4291823022733511e+03   7.3733888637275027e+02
 -1.3750000000000000e+00  -1.1208933769971013e+03  -1.7239033864981052e+03   2.1375849363212369e+03   7.8663317511696482e+02
 -1.3624999999999998e+00  -1.2519855761951064e+03  -1.8061157405889128e+03   1.8445755221318491e+03   8.3861113731919431e+02
 -1.3500000000000005e+00  -1.3920850638094528e+03  -1.8895583553362842e+03   1.5526156795867848e+03   8.9329206628156533e+02
 -1.3375000000000004e+00  -1.5416035500317871e+03  -1.9738196449166905e+03   1.2645593487764108e+03   9.5066779831692270e+02
 -1.3250000000000002e+00  -1.7009261407011329e+03  -2.0584190703718509e+03   9.8367967238261963e+02   1.0106973636163575e+03
 -1.3125000000000000e+00  -1.8703988684122673e+03  -2.1428027893805115e+03   7.1369124190035757e+02   1.0733012507131509e+03
 -1.2999999999999998e+00  -2.0503139969362446e+03  -2.2263402450444878e+03   4.5876557489152265e+02   1.1383553995955626e+03
 -1.2875000000000005e+00  -2.2408929781064476e+03  -2.3083220758709108e+03   2.2353733769594214e+02   1.2056850910991047e+03
 -1.2750000000000004e+00  -2.4422670221470121e+03  -2.3879597818307925e+03   1.3098510265739524e+01   1.2750589608219000e+03
 -1.2625000000000002e+00  -2.6544553601721555e+03  -2.4643876234293898e+03  -1.6702255079644652e+02   1.3461834323947326e+03
 -1.2500000000000000e+00  -2.8773414368179142e+03  -2.5366672540564819e+03  -3.1090030477586231e+02   1.4186979337903704e+03
 -1.2374999999999998e+00  -3.1106474752361451e+03  -2.6037955808058805e+03  -4.1227254424751749e+02   1.4921713257731349e+03
 -1.2250000000000005e+00  -3.3539081059202931e+03  -2.6647163046920527e+03  -4.6462495778909812e+02   1.5661000256784559e+03
 -1.2125000000000004e+00  -3.6064440393975065e+03  -2.7183354968950375e+03  -4.6130177578548711e+02   1.6399083424681030e+03
 -1.2000000000000002e+00  -3.8673370773628449e+03  -2.7635414139563723e+03  -3.9564346217425395e+02   1.7129515388075520e+03
 -1.1875000000000000e+00  -4.1354080743761397e+03  -2.7992285359429657e+03  -2.6115091455174007e+02   1.7845220905794545e+03
 -1.1749999999999998e+00  -4.4091997490303193e+03  -2.8243255278350352e+03  -5.1673717903682778e+01   1.8538595127604233e+03
 -1.1625000000000005e+00  -4.6869664552963659e+03  -2.8378264848790004e+03   2.3838226867361280e+02   1.9201639554195447e+03
 -1.1500000000000004e+00  -4.9666731094203305e+03  -2.8388244474175540e+03   6.1383518642672573e+02   1.9826135434583525e+03
 -1.1375000000000002e+00  -5.2460053707473571e+03  -2.8265457917509016e+03   1.0785049679391948e+03   2.0403851462698469e+03
 -1.1250000000000000e+00  -5.5223928478315220e+03  -2.8003837638451841e+03   1.6350004578537655e+03   2.0926779373796080e+03
 -1.1124999999999998e+00  -5.7930465131798474e+03  -2.7599291724895766e+03   2.2845291943535481e+03   2.1387387694385998e+03
 -1.1000000000000005e+00  -6.0550106594832359e+03  -2.7049961489921134e+03   3.0267437227467085e+03   2.1778880864494836e+03
 -1.0875000000000004e+00  -6.3052286556134641e+03  -2.6356409548978263e+03   3.8596375968755910e+03   2.2095448678357238e+03
 -1.0750000000000002e+00  -6.5406205456612443e+03  -2.5521721028647707e+03   4.7795020993645085e+03   2.2332489911714360e+03
 -1.0625000000000000e+00  -6.7581693047854496e+03  -2.4551505475081603e+03   5.7809512075216207e+03   2.2486794451288392e+03
 -1.0499999999999998e+00  -6.9550114766528477e+03  -2.3453793697903593e+03   6.8570176922543096e+03   2.2556670360829708e+03
 -1.0375000000000005e+00  -7.1285271299159895e+03  -2.2238831564550696e+03   7.9993179136149920e+03   2.2542006012252364e+03
 -1.0250000000000004e+00  -7.2764237236040326e+03  -2.0918780775866867e+03   9.1982774724526844e+03   2.2444262327320475e+03
 -1.0125000000000002e+00  -7.3968086493829933e+03  -1.9507343930386912e+03   1.0443405056171678e+04   2.2266395746745661e+03
 -1.0000000000000000e+00  -7.4882459343902474e+03  -1.8019336813970604e+03   1.1723598184774617e+04   2.2012718076181186e+03
 -9.8749999999999982e-01  -7.5497937721165436e+03  -1.6470234156509450e+03   1.3027462561865284e+04   2.1688704157302245e+03
 -9.7500000000000053e-01  -7.5810210585494970e+03  -1.4875715752286483e+03   1.4343626560301629e+04   2.1300761805494490e+03
 -9.6250000000000036e-01  -7.5820027568451951e+03  -1.3251237915770218e+03   1.5661033948274209e+04   2.0855980293530706e+03
 -9.5000000000000018e-01  -7.5532954933264546e+03  -1.1611651171270107e+03   1.6969200970391787e+04   2.0361873761382406e+03
 -9.3750000000000000e-01  -7.4958961202463524e+03  -9.9708795402967496e+02   1.8258427853084122e+04   1.9826134471818818e+03
 -9.2499999999999982e-01  -7.4111869370664617e+03  -8.3416705958075283e+02   1.9519959147954054e+04   1.9256408182191064e+03
 -9.1250000000000053e-01  -7.3008717790240589e+03  -6.7354193685822338e+02   2.0746091533257739e+04   1.8660100543773638e+03
 -9.0000000000000036e-01  -7.1669072638789958e+03  -5.1620638434950945e+02   2.1930231341071893e+04   1.8044219861732911e+03
 -8.8750000000000018e-01  -7.0114331949593770e+03  -3.6300455862262413e+02   2.3066906894006894e+04   1.7415258174657681e+03
 -8.7500000000000000e-01  -6.8367055471788817e+03  -2.1463261801949045e+02   2.4151742606420543e+04   1.6779109749620109e+03
 -8.6249999999999982e-01  -6.6450347233624179e+03  -7.1644861426783010e+01   2.5181402754447423e+04   1.6141023910152405e+03
 -8.5000000000000053e-01  -6.4387309673132713e+03   6.5536761941153145e+01   2.6153512970362004e+04   1.5505587669375270e+03
 -8.3750000000000036e-01  -6.2200580459421744e+03   1.9661084317703825e+02   2.7066567050481153e+04   1.4876732880751567e+03
 -8.2500000000000018e-01  -5.9911956288231459e+03   3.2138336081244512e+02   2.7919825780393770e+04   1.4257762433700202e+03
 -8.1250000000000000e-01  -5.7542102368904561e+03   4.3975398910412594e+02   2.8713213363014060e+04   1.3651390270028705e+03
 -7.9999999999999982e-01  -5.5110342165534221e+03   5.5170250709393179e+02   2.9447215839150213e+04   1.3059790536274763e+03
 -7.8750000000000053e-01  -5.2634519172648552e+03   6.5727578638731893e+02   3.0122784733159337e+04   1.2484651888173780e+03
 -7.7500000000000036e-01  -5.0130920936152661e+03   7.5657568867508826e+02   3.0741248114585080e+04   1.1927233723096222e+03
 -7.6250000000000018e-01  -4.7614254950703507e+03   8.4974807829506301e+02   3.1304230382629230e+04   1.1388421858872618e+03
 -7.5000000000000000e-01  -4.5097666233503096e+03   9.3697305310543300e+02   3.1813581368878818e+04   1.0868781853727314e+03
 -7.3749999999999982e-01  -4.2592787061951940e+03   1.0184564183177584e+03   3.2271314810601900e+04   1.0368608744973235e+03
 -7.2500000000000053e-01  -4.0109810369577804e+03   1.0944223706240996e+03   3.2679555855752464e+04   9.8879724634725426e+02
 -7.1250000000000036e-01  -3.7657579460958987e+03   1.1651073209042772e+03   3.3040496998934497e+04   9.4267585581938249e+02
 -7.0000000000000018e-01  -3.5243687911831057e+03   1.2307547596349607e+03   3.3356361690323385e+04   8.9847041493677352e+02
 -6.8750000000000000e-01  -3.2874584681571791e+03   1.2916110565405331e+03   3.3629374783140978e+04   8.5614292324743644e+02
 -6.7499999999999982e-01  -3.0555680528877429e+03   1.3479220820511025e+03   3.3861738968461053e+04   8.1564635926356709e+02
 -6.6250000000000053e-01  -2.8291452758861797e+03   1.3999305402360740e+03   3.4055616370918244e+04   7.7692696736664641e+02
 -6.5000000000000036e-01  -2.6085546130000516e+03   1.4478739090109502e+03   3.4213114530819934e+04   7.3992617904983592e+02
 -6.3750000000000018e-01  -2.3940868413548410e+03   1.4919828919745969e+03   3.4336276066012222e+04   7.0458220886119227e+02
 -6.2500000000000000e-01  -2.1859679635318944e+03   1.5324802960310349e+03   3.4427071382303671e+04   6.7083136482770715e+02
 -6.1249999999999982e-01  -1.9843674453454771e+03   1.5695802591286240e+03   3.4487393878386465e+04   6.3860911117784997e+02
 -6.0000000000000053e-01  -1.7894057451375979e+03   1.6034877624262210e+03   3.4519057166010767e+04   6.0785091837381310e+02
 -5.8750000000000036e-01  -1.6011611368042647e+03   1.6343983705963240e+03   3.4523793896146097e+04   5.7849293221100118e+02
 -5.7500000000000018e-01  -1.4196758462762232e+03   1.6624981525819810e+03   3.4503255845578038e+04   5.5047249032604816e+02
 -5.6250000000000000e-01  -1.2449615332336136e+03   1.6879637428330393e+03   3.4459014975207574e+04   5.2372851107155418e+02
 -5.5000000000000071e-01  -1.0770041575997404e+03   1.7109625098322410e+03   3.4392565221148529e+04   4.9820177649348278e+02
 -5.3750000000000053e-01  -9.1576827482050840e+02   1.7316528046085587e+03   3.4305324822818096e+04   4.7383512816256410e+02
 -5.2500000000000036e-01  -7.6120080591064504e+02   1.7501842669817593e+03   3.4198639029061051e+04   4.5057359190419999e+02
 -5.1250000000000018e-01  -6.1323432839999566e+02   1.7666981715638906e+03   3.4073783054528933e+04   4.2836444505650212e+02
 -5.0000000000000000e-01  -4.7178993317282931e+02   1.7813277991431266e+03   3.3931965184685941e+04   4.0715723776008991e+02
 -4.8750000000000071e-01  -3.3677969017560019e+02   1.7941988220771007e+03   3.3774329949565261e+04   3.8690377793189674e+02
 -4.7500000000000053e-01  -2.0810876339373644e+02   1.8054296948069255e+03   3.3601961304355551e+04   3.6755808797770874e+02
 -4.6250000000000036e-01  -8.5677212607517490e+01   1.8151320426441544e+03   3.3415885769611195e+04   3.4907633993042356e+02
 -4.5000000000000018e-01   3.0618483590268866e+01   1.8234110436483127e+03   3.3217075495849924e+04   3.3141677453793181e+02
 -4.3750000000000000e-01   1.4088415206737363e+02   1.8303657997619989e+03   3.3006451226967984e+04   3.1453960884135455e+02
 -4.2500000000000071e-01   2.4522686822109313e+02   1.8360896944560395e+03   3.2784885144649772e+04   2.9840693595769721e+02
 -4.1250000000000053e-01   3.4375409215848970e+02   1.8406707350036922e+03   3.2553203582104372e+04   2.8298262008923638e+02
 -4.0000000000000036e-01   4.3657297493261126e+02   1.8441918781888014e+03   3.2312189600307251e+04   2.6823218920566063e+02
 -3.8750000000000018e-01   5.2378981420767866e+02   1.8467313387905667e+03   3.2062585423699413e+04   2.5412272736682547e+02
 -3.7500000000000000e-01   6.0550964094447318e+02   1.8483628806044828e+03   3.1805094735196722e+04   2.4062276825874957e+02
 -3.6250000000000071e-01   6.8183592070565919e+02   1.8491560900778832e+03   3.1540384832555668e+04   2.2770219118995286e+02
 -3.5000000000000053e-01   7.5287035498578859e+02   1.8491766328782214e+03   3.1269088649766931e+04   2.1533212052801011e+02
 -3.3750000000000036e-01   8.1871276958244459e+02   1.8484864938884896e+03   3.0991806648317044e+04   2.0348482933749995e+02
 -3.2500000000000018e-01   8.7946107845613335e+02   1.8471442012497901e+03   3.0709108583966259e+04   1.9213364780204776e+02
 -3.1250000000000000e-01   9.3521131279114422e+02   1.8452050351566188e+03   3.0421535155212867e+04   1.8125287686783912e+02
 -3.0000000000000071e-01   9.8605770608221007e+02   1.8427212221644913e+03   3.0129599539913164e+04   1.7081770742787285e+02
 -2.8750000000000053e-01   1.0320928270469515e+03   1.8397421157990857e+03   2.9833788826652421e+04   1.6080414527032974e+02
 -2.7500000000000036e-01   1.0734077530158729e+03   1.8363143642667269e+03   2.9534565347456759e+04   1.5118894193657408e+02
 -2.6250000000000018e-01   1.1100922771934565e+03   1.8324820660623950e+03   2.9232367918330823e+04   1.4194953157098459e+02
 -2.5000000000000000e-01   1.1422351438282260e+03   1.8282869142570421e+03   2.8927612993928029e+04   1.3306397379313503e+02
 -2.3750000000000071e-01   1.1699243058881632e+03   1.8237683302238352e+03   2.8620695742430096e+04   1.2451090258040658e+02
 -2.2500000000000053e-01   1.1932472003212924e+03   1.8189635875352626e+03   2.8311991046446390e+04   1.1626948111393504e+02
 -2.1250000000000036e-01   1.2122910363992496e+03   1.8139079267316176e+03   2.8001854435454661e+04   1.0831936251124826e+02
 -2.0000000000000018e-01   1.2271430930030615e+03   1.8086346616276667e+03   2.7690622955002294e+04   1.0064065634370479e+02
 -1.8750000000000000e-01   1.2378910210235072e+03   1.8031752777894465e+03   2.7378615977581190e+04   9.3213900814827923e+01
 -1.7500000000000071e-01   1.2446231473202395e+03   1.7975595237779048e+03   2.7066135959784355e+04   8.6020040455967717e+01
 -1.6250000000000053e-01   1.2474287769195339e+03   1.7918154957207676e+03   2.6753469150044712e+04   7.9040409177732784e+01
 -1.5000000000000036e-01   1.2463984903380251e+03   1.7859697157396395e+03   2.6440886250963136e+04   7.2256718498766148e+01
 -1.3750000000000018e-01   1.2416244331084765e+03   1.7800472047275598e+03   2.6128643039980772e+04   6.5651050757276735e+01
 -1.2500000000000000e-01   1.2332005947445664e+03   1.7740715499391886e+03   2.5816980951859572e+04   5.9205857094965701e+01
 -1.1250000000000071e-01   1.2212230745089619e+03   1.7680649678188354e+03   2.5506127626046982e+04   5.2903959987383253e+01
 -1.0000000000000053e-01   1.2057903315214037e+03   1.7620483624726876e+03   2.5196297421966916e+04   4.6728560079204819e+01
 -8.7500000000000355e-02   1.1870034169504477e+03   1.7560413801865307e+03   2.4887691905513766e+04   4.0663247067466891e+01
 -7.5000000000000178e-02   1.1649661859162113e+03   1.7500624602967275e+03   2.4580500308416489e+04   3.4692014360903755e+01
 -6.2500000000000000e-02   1.1397854866375687e+03   1.7441288826446385e+03   2.4274899960819734e+04   2.8799277229789499e+01
 -5.0000000000000711e-02   1.1115713257264440e+03   1.7382568121919498e+03   2.3971056704900362e+04   2.2969894145720797e+01
 -3.7500000000000533e-02   1.0804370085295443e+03   1.7324613413110594e+03   2.3669125296441867e+04   1.7189190977967538e+01
 -2.5000000000000355e-02   1.0464992478110089e+03   1.7267565284848515e+03   2.3369249765282282e+04   1.1442987605471920e+01
 -1.2500000000001066e-02   1.0098782423217502e+03   1.7211554337071477e+03   2.3071563740992246e+04   5.7176262041169545e+00
  0.0000000000000000e+00   9.7069775980438806e+02   1.7156701580969941e+03   2.2776190904031766e+04   0.0000000000000000e+00
