# First column is time, second column is the perturbation of detonation velocity.
  0.0000000000000000e+00   1.0000000000000000e-10
  1.0000000000000000e-02   1.0020471291029649e-10
  2.0000000000000000e-02   1.0039550493164207e-10
  2.9999999999999999e-02   1.0062148252388108e-10
  4.0000000000000001e-02   1.0082926830162170e-10
  5.0000000000000003e-02   1.0103841609274459e-10
  5.9999999999999998e-02   1.0126667202934489e-10
  7.0000000000000007e-02   1.0148634990562938e-10
  8.0000000000000002e-02   1.0171249884742858e-10
  8.9999999999999997e-02   1.0194748779144197e-10
  1.0000000000000001e-01   1.0218069003318059e-10
  1.1000000000000000e-01   1.0242078869715883e-10
  1.2000000000000000e-01   1.0266634566036992e-10
  1.3000000000000000e-01   1.0291390667592301e-10
  1.4000000000000001e-01   1.0316765156261644e-10
  1.4999999999999999e-01   1.0342599444105922e-10
  1.6000000000000000e-01   1.0368828737464343e-10
  1.7000000000000001e-01   1.0395640407070683e-10
  1.7999999999999999e-01   1.0422934763091444e-10
  1.9000000000000000e-01   1.0450723992792371e-10
  2.0000000000000001e-01   1.0479083937658392e-10
  2.0999999999999999e-01   1.0507972322624321e-10
  2.2000000000000000e-01   1.0537422836021096e-10
  2.3000000000000001e-01   1.0567469323963478e-10
  2.3999999999999999e-01   1.0598099929297599e-10
  2.5000000000000000e-01   1.0629343627342241e-10
  2.6000000000000001e-01   1.0661220731650529e-10
  2.7000000000000002e-01   1.0693739739283871e-10
  2.8000000000000003e-01   1.0726927737374432e-10
  2.8999999999999998e-01   1.0760802368492837e-10
  2.9999999999999999e-01   1.0795379229872484e-10
  3.1000000000000000e-01   1.0830682622216864e-10
  3.2000000000000001e-01   1.0866733030511908e-10
  3.3000000000000002e-01   1.0903552582900960e-10
  3.4000000000000002e-01   1.0941166321355844e-10
  3.5000000000000003e-01   1.0979597060795359e-10
  3.5999999999999999e-01   1.1018869628821699e-10
  3.7000000000000000e-01   1.1059010968571396e-10
  3.8000000000000000e-01   1.1100048253377793e-10
  3.9000000000000001e-01   1.1142010378621372e-10
  4.0000000000000002e-01   1.1184927183142685e-10
  4.1000000000000003e-01   1.1228829204554020e-10
  4.1999999999999998e-01   1.1273748860392882e-10
  4.2999999999999999e-01   1.1319720150114719e-10
  4.4000000000000000e-01   1.1366778506517006e-10
  4.5000000000000001e-01   1.1414960994501157e-10
  4.6000000000000002e-01   1.1464306140327460e-10
  4.7000000000000003e-01   1.1514854236154845e-10
  4.7999999999999998e-01   1.1566647672059735e-10
  4.8999999999999999e-01   1.1619730898622355e-10
  5.0000000000000000e-01   1.1674150478739156e-10
  5.1000000000000001e-01   1.1729955174359086e-10
  5.2000000000000002e-01   1.1787196084997220e-10
  5.3000000000000003e-01   1.1845926924587970e-10
  5.4000000000000004e-01   1.1906204216255198e-10
  5.5000000000000004e-01   1.1968087401667572e-10
  5.6000000000000005e-01   1.2031638988289754e-10
  5.7000000000000006e-01   1.2096924745501405e-10
  5.7999999999999996e-01   1.2164013969043180e-10
  5.8999999999999997e-01   1.2232979772044948e-10
  5.9999999999999998e-01   1.2303899339020012e-10
  6.0999999999999999e-01   1.2376854175501317e-10
  6.2000000000000000e-01   1.2451930400953779e-10
  6.3000000000000000e-01   1.2529219098779536e-10
  6.4000000000000001e-01   1.2608816714525096e-10
  6.5000000000000002e-01   1.2690825471964345e-10
  6.6000000000000003e-01   1.2775353799733354e-10
  6.7000000000000004e-01   1.2862516796008003e-10
  6.8000000000000005e-01   1.2952436755340053e-10
  6.9000000000000006e-01   1.3045243762539453e-10
  7.0000000000000007e-01   1.3141076344319763e-10
  7.0999999999999996e-01   1.3240082171479368e-10
  7.1999999999999997e-01   1.3342418823134205e-10
  7.2999999999999998e-01   1.3448254635568032e-10
  7.3999999999999999e-01   1.3557769652087713e-10
  7.5000000000000000e-01   1.3671156680041654e-10
  7.6000000000000001e-01   1.3788622458521265e-10
  7.7000000000000002e-01   1.3910388948495545e-10
  7.8000000000000003e-01   1.4036694768265236e-10
  7.9000000000000004e-01   1.4167796800667373e-10
  8.0000000000000004e-01   1.4303971995329583e-10
  8.1000000000000005e-01   1.4445519387631772e-10
  8.2000000000000006e-01   1.4592762360986523e-10
  8.3000000000000007e-01   1.4746051188990139e-10
  8.3999999999999997e-01   1.4905765903078939e-10
  8.4999999999999998e-01   1.5072319536620109e-10
  8.5999999999999999e-01   1.5246161800934598e-10
  8.7000000000000000e-01   1.5427783257161936e-10
  8.8000000000000000e-01   1.5617720061496059e-10
  8.9000000000000001e-01   1.5816559377930988e-10
  9.0000000000000002e-01   1.6024945569833730e-10
  9.1000000000000003e-01   1.6243587300058205e-10
  9.2000000000000004e-01   1.6473265691864478e-10
  9.3000000000000005e-01   1.6714843731495608e-10
  9.4000000000000006e-01   1.6969277127905366e-10
  9.5000000000000007e-01   1.7237626886654869e-10
  9.5999999999999996e-01   1.7521073906077699e-10
  9.6999999999999997e-01   1.7820935963813804e-10
  9.7999999999999998e-01   1.8138687523283004e-10
  9.8999999999999999e-01   1.8475982851001278e-10
  1.0000000000000000e+00   1.8834683020651029e-10
  1.0100000000000000e+00   1.9216887519464488e-10
  1.0200000000000000e+00   1.9624971331434259e-10
  1.0300000000000000e+00   2.0061628415027729e-10
  1.0400000000000000e+00   2.0529922333327965e-10
  1.0500000000000000e+00   2.1033344641348874e-10
  1.0600000000000001e+00   2.1575881912975779e-10
  1.0700000000000001e+00   2.2162092911937684e-10
  1.0800000000000001e+00   2.2797197029418738e-10
  1.0900000000000001e+00   2.3487171812495805e-10
  1.1000000000000001e+00   2.4238851338382017e-10
  1.1100000000000001e+00   2.5060012519040119e-10
  1.1200000000000001e+00   2.5959438194857675e-10
  1.1300000000000001e+00   2.6946951126022123e-10
  1.1400000000000001e+00   2.8033404379225600e-10
  1.1500000000000001e+00   2.9230568765477518e-10
  1.1599999999999999e+00   3.0550777771016052e-10
  1.1699999999999999e+00   3.2006126483273486e-10
  1.1799999999999999e+00   3.3607067660066585e-10
  1.1899999999999999e+00   3.5360479833285049e-10
  1.2000000000000000e+00   3.7267666239605325e-10
  1.2100000000000000e+00   3.9323098284705369e-10
  1.2200000000000000e+00   4.1514782111055528e-10
  1.2300000000000000e+00   4.3826725694712645e-10
  1.2400000000000000e+00   4.6243185535468472e-10
  1.2500000000000000e+00   4.8753515805795125e-10
  1.2600000000000000e+00   5.1355978821550137e-10
  1.2700000000000000e+00   5.4059100967745120e-10
  1.2800000000000000e+00   5.6880020685208544e-10
  1.2900000000000000e+00   5.9840383234012686e-10
  1.3000000000000000e+00   6.2961176316492738e-10
  1.3100000000000001e+00   6.6258118411353029e-10
  1.3200000000000001e+00   6.9738789308365707e-10
  1.3300000000000001e+00   7.3401912753453883e-10
  1.3400000000000001e+00   7.7238455965776666e-10
  1.3500000000000001e+00   8.1233785570419526e-10
  1.3600000000000001e+00   8.5370082543276643e-10
  1.3700000000000001e+00   8.9628451277739328e-10
  1.3800000000000001e+00   9.3990470179799584e-10
  1.3900000000000001e+00   9.8439175942386408e-10
  1.4000000000000001e+00   1.0295959618189235e-09
  1.4099999999999999e+00   1.0753896736433585e-09
  1.4199999999999999e+00   1.1216674829457048e-09
  1.4299999999999999e+00   1.1683450534403654e-09
  1.4399999999999999e+00   1.2153572153484324e-09
  1.4500000000000000e+00   1.2626556739720713e-09
  1.4600000000000000e+00   1.3102066156560172e-09
  1.4700000000000000e+00   1.3579884001897193e-09
  1.4800000000000000e+00   1.4059894468381700e-09
  1.4900000000000000e+00   1.4542063594392584e-09
  1.5000000000000000e+00   1.5026422986911203e-09
  1.5100000000000000e+00   1.5513055913744500e-09
  1.5200000000000000e+00   1.6002085581130364e-09
  1.5300000000000000e+00   1.6493665373652279e-09
  1.5400000000000000e+00   1.6987970814633160e-09
  1.5500000000000000e+00   1.7485193004002821e-09
  1.5600000000000001e+00   1.7985533305135182e-09
  1.5700000000000001e+00   1.8489199076245100e-09
  1.5800000000000001e+00   1.8996400268850324e-09
  1.5900000000000001e+00   1.9507346741604967e-09
  1.6000000000000001e+00   2.0022246161637134e-09
  1.6100000000000001e+00   2.0541302388125120e-09
  1.6200000000000001e+00   2.1064714255357290e-09
  1.6300000000000001e+00   2.1592674695871991e-09
  1.6400000000000001e+00   2.2125370168411203e-09
  1.6500000000000001e+00   2.2662980378192710e-09
  1.6600000000000001e+00   2.3205678293553687e-09
  1.6699999999999999e+00   2.3753630466888722e-09
  1.6799999999999999e+00   2.4306997654073327e-09
  1.6899999999999999e+00   2.4865935695630251e-09
  1.7000000000000000e+00   2.5430596582654145e-09
  1.7100000000000000e+00   2.6001129594884301e-09
  1.7200000000000000e+00   2.6577682382036892e-09
  1.7300000000000000e+00   2.7160401871533087e-09
  1.7400000000000000e+00   2.7749434924673685e-09
  1.7500000000000000e+00   2.8344928717543479e-09
  1.7600000000000000e+00   2.8947030875725060e-09
  1.7700000000000000e+00   2.9555889428485982e-09
  1.7800000000000000e+00   3.0171652661315493e-09
  1.7900000000000000e+00   3.0794468937498969e-09
  1.8000000000000000e+00   3.1424486538258365e-09
  1.8100000000000001e+00   3.2061853546941861e-09
  1.8200000000000001e+00   3.2706717783359350e-09
  1.8300000000000001e+00   3.3359226782772311e-09
  1.8400000000000001e+00   3.4019527809581876e-09
  1.8500000000000001e+00   3.4687767895831254e-09
  1.8600000000000001e+00   3.5364093896596096e-09
  1.8700000000000001e+00   3.6048652556467513e-09
  1.8800000000000001e+00   3.6741590582971970e-09
  1.8900000000000001e+00   3.7443054723881851e-09
  1.9000000000000001e+00   3.8153191846145917e-09
  1.9100000000000001e+00   3.8872149014741924e-09
  1.9199999999999999e+00   3.9600073570198437e-09
  1.9299999999999999e+00   4.0337113203857394e-09
  1.9399999999999999e+00   4.1083416030172149e-09
  1.9500000000000000e+00   4.1839130655486621e-09
  1.9600000000000000e+00   4.2604406242843697e-09
  1.9700000000000000e+00   4.3379392572454902e-09
  1.9800000000000000e+00   4.4164240097524048e-09
  1.9900000000000000e+00   4.4959099995172678e-09
  2.0000000000000000e+00   4.5764124212247339e-09
  2.0100000000000002e+00   4.6579465505812281e-09
  2.0200000000000000e+00   4.7405277478140760e-09
  2.0300000000000002e+00   4.8241714606021170e-09
  2.0400000000000000e+00   4.9088932264184780e-09
  2.0499999999999998e+00   4.9947086742647005e-09
  2.0600000000000001e+00   5.0816335257728951e-09
  2.0699999999999998e+00   5.1696835956489086e-09
  2.0800000000000001e+00   5.2588747914253845e-09
  2.0899999999999999e+00   5.3492231124884300e-09
  2.1000000000000001e+00   5.4407446483356392e-09
  2.1099999999999999e+00   5.5334555760160630e-09
  2.1200000000000001e+00   5.6273721566951825e-09
  2.1299999999999999e+00   5.7225107312781852e-09
  2.1400000000000001e+00   5.8188877150152394e-09
  2.1499999999999999e+00   5.9165195910000417e-09
  2.1600000000000001e+00   6.0154229024603896e-09
  2.1699999999999999e+00   6.1156142437237144e-09
  2.1800000000000002e+00   6.2171102497240715e-09
  2.1899999999999999e+00   6.3199275838971333e-09
  2.2000000000000002e+00   6.4240829242874647e-09
  2.2100000000000000e+00   6.5295929476673884e-09
  2.2200000000000002e+00   6.6364743114371373e-09
  2.2300000000000000e+00   6.7447436330425257e-09
  2.2400000000000002e+00   6.8544174666083900e-09
  2.2500000000000000e+00   6.9655122764408500e-09
  2.2600000000000002e+00   7.0780444070010316e-09
  2.2700000000000000e+00   7.1920300488929871e-09
  2.2800000000000002e+00   7.3074852003403225e-09
  2.2900000000000000e+00   7.4244256235453049e-09
  2.3000000000000003e+00   7.5428667952318007e-09
  2.3100000000000001e+00   7.6628238505646846e-09
  2.3199999999999998e+00   7.7843115195135269e-09
  2.3300000000000001e+00   7.9073440545817821e-09
  2.3399999999999999e+00   8.0319351486502997e-09
  2.3500000000000001e+00   8.1580978414799089e-09
  2.3599999999999999e+00   8.2858444131755369e-09
  2.3700000000000001e+00   8.4151862626310879e-09
  2.3799999999999999e+00   8.5461337686468411e-09
  2.3900000000000001e+00   8.6786961310354859e-09
  2.3999999999999999e+00   8.8128811885999435e-09
  2.4100000000000001e+00   8.9486952103677032e-09
  2.4199999999999999e+00   9.0861426559034783e-09
  2.4300000000000002e+00   9.2252258999181330e-09
  2.4399999999999999e+00   9.3659449157870926e-09
  2.4500000000000002e+00   9.5082969120020716e-09
  2.4600000000000000e+00   9.6522759149438628e-09
  2.4700000000000002e+00   9.7978722905257910e-09
  2.4800000000000000e+00   9.9450721960597489e-09
  2.4900000000000002e+00   1.0093856952227949e-08
  2.5000000000000000e+00   1.0244202323907462e-08
  2.5100000000000002e+00   1.0396077698997977e-08
  2.5200000000000000e+00   1.0549445157760467e-08
  2.5300000000000002e+00   1.0704258432254137e-08
  2.5400000000000000e+00   1.0860461765470958e-08
  2.5500000000000003e+00   1.1017988690351646e-08
  2.5600000000000001e+00   1.1176760757791751e-08
  2.5699999999999998e+00   1.1336686251422143e-08
  2.5800000000000001e+00   1.1497658944225731e-08
  2.5899999999999999e+00   1.1659556995313050e-08
  2.6000000000000001e+00   1.1822242175500344e-08
  2.6099999999999999e+00   1.1985559760434662e-08
  2.6200000000000001e+00   1.2149339627832016e-08
  2.6299999999999999e+00   1.2313399290759735e-08
  2.6400000000000001e+00   1.2477549702977780e-08
  2.6499999999999999e+00   1.2641604577360149e-08
  2.6600000000000001e+00   1.2805393576917212e-08
  2.6699999999999999e+00   1.2968779050813540e-08
  2.6800000000000002e+00   1.3131675080973326e-08
  2.6899999999999999e+00   1.3294066674188641e-08
  2.7000000000000002e+00   1.3456026246701264e-08
  2.7100000000000000e+00   1.3617724362820286e-08
  2.7200000000000002e+00   1.3779432166787649e-08
  2.7300000000000000e+00   1.3941514076236673e-08
  2.7400000000000002e+00   1.4104410881227629e-08
  2.7500000000000000e+00   1.4268615061245463e-08
  2.7600000000000002e+00   1.4434641490963720e-08
  2.7700000000000000e+00   1.4602997423940535e-08
  2.7800000000000002e+00   1.4774155564542276e-08
  2.7900000000000000e+00   1.4948533221117061e-08
  2.8000000000000003e+00   1.5126479224776736e-08
  2.8100000000000001e+00   1.5308268847533441e-08
  2.8199999999999998e+00   1.5494105702594583e-08
  2.8300000000000001e+00   1.5684128796976497e-08
  2.8399999999999999e+00   1.5878422617730415e-08
  2.8500000000000001e+00   1.6077028305239633e-08
  2.8599999999999999e+00   1.6279954438377828e-08
  2.8700000000000001e+00   1.6487186534487551e-08
  2.8799999999999999e+00   1.6698694890921517e-08
  2.8900000000000001e+00   1.6914440770086724e-08
  2.8999999999999999e+00   1.7134381134459958e-08
  2.9100000000000001e+00   1.7358472203137149e-08
  2.9199999999999999e+00   1.7586672082408175e-08
  2.9300000000000002e+00   1.7818942672433265e-08
  2.9399999999999999e+00   1.8055251005074593e-08
  2.9500000000000002e+00   1.8295570137760878e-08
  2.9600000000000000e+00   1.8539879712748196e-08
  2.9700000000000002e+00   1.8788166281401483e-08
  2.9800000000000000e+00   1.9040423481112295e-08
  2.9900000000000002e+00   1.9296652134746496e-08
  3.0000000000000000e+00   1.9556860320336379e-08
  3.0100000000000002e+00   1.9821063436000554e-08
  3.0200000000000000e+00   2.0089284265866784e-08
  3.0300000000000002e+00   2.0361553039703561e-08
  3.0400000000000000e+00   2.0637907472666165e-08
  3.0500000000000003e+00   2.0918392771068106e-08
  3.0600000000000001e+00   2.1203061593595727e-08
  3.0700000000000003e+00   2.1491973962954888e-08
  3.0800000000000001e+00   2.1785197128942336e-08
  3.0899999999999999e+00   2.2082805389239496e-08
  3.1000000000000001e+00   2.2384879878171466e-08
  3.1099999999999999e+00   2.2691508336021779e-08
  3.1200000000000001e+00   2.3002784872291144e-08
  3.1299999999999999e+00   2.3318809735797044e-08
  3.1400000000000001e+00   2.3639689103098490e-08
  3.1499999999999999e+00   2.3965534894781721e-08
  3.1600000000000001e+00   2.4296464627016199e-08
  3.1699999999999999e+00   2.4632601303737801e-08
  3.1800000000000002e+00   2.4974073353018589e-08
  3.1899999999999999e+00   2.5321014609704361e-08
  3.2000000000000002e+00   2.5673564345270881e-08
  3.2100000000000000e+00   2.6031867345033585e-08
  3.2200000000000002e+00   2.6396074032308762e-08
  3.2300000000000000e+00   2.6766340638818917e-08
  3.2400000000000002e+00   2.7142829420518948e-08
  3.2500000000000000e+00   2.7525708918054004e-08
  3.2600000000000002e+00   2.7915154261209713e-08
  3.2700000000000000e+00   2.8311347516957065e-08
  3.2800000000000002e+00   2.8714478080999539e-08
  3.2900000000000000e+00   2.9124743113086772e-08
  3.3000000000000003e+00   2.9542348016752216e-08
  3.3100000000000001e+00   2.9967506964554112e-08
  3.3200000000000003e+00   3.0400443470346966e-08
  3.3300000000000001e+00   3.0841391010575802e-08
  3.3399999999999999e+00   3.1290593697078295e-08
  3.3500000000000001e+00   3.1748307004384378e-08
  3.3599999999999999e+00   3.2214798555038816e-08
  3.3700000000000001e+00   3.2690348967022240e-08
  3.3799999999999999e+00   3.3175252767925449e-08
  3.3900000000000001e+00   3.3669819381129067e-08
  3.3999999999999999e+00   3.4174374189864274e-08
  3.4100000000000001e+00   3.4689259685668003e-08
  3.4199999999999999e+00   3.5214836708403970e-08
  3.4300000000000002e+00   3.5751485785688385e-08
  3.4399999999999999e+00   3.6299608580231944e-08
  3.4500000000000002e+00   3.6859629454285069e-08
  3.4600000000000000e+00   3.7431997161032785e-08
  3.4700000000000002e+00   3.8017186673428623e-08
  3.4800000000000000e+00   3.8615701161553317e-08
  3.4900000000000002e+00   3.9228074130119927e-08
  3.5000000000000000e+00   3.9854871728182198e-08
  3.5100000000000002e+00   4.0496695243393456e-08
  3.5200000000000000e+00   4.1154183793249996e-08
  3.5300000000000002e+00   4.1828017225556699e-08
  3.5400000000000000e+00   4.2518919239763723e-08
  3.5500000000000003e+00   4.3227660739726809e-08
  3.5600000000000001e+00   4.3955063426657188e-08
  3.5700000000000003e+00   4.4702003638361123e-08
  3.5800000000000001e+00   4.5469416437060797e-08
  3.5899999999999999e+00   4.6258299942831847e-08
  3.6000000000000001e+00   4.7069719902600489e-08
  3.6099999999999999e+00   4.7904814475268795e-08
  3.6200000000000001e+00   4.8764799201322856e-08
  3.6299999999999999e+00   4.9650972109615133e-08
  3.6400000000000001e+00   5.0564718894178946e-08
  3.6499999999999999e+00   5.1507518069147097e-08
  3.6600000000000001e+00   5.2480945979278644e-08
  3.6699999999999999e+00   5.3486681506357754e-08
  3.6800000000000002e+00   5.4526510267023853e-08
  3.6899999999999999e+00   5.5602328044786426e-08
  3.7000000000000002e+00   5.6716143137923611e-08
  3.7100000000000000e+00   5.7870077236281087e-08
  3.7200000000000002e+00   5.9066364365532441e-08
  3.7300000000000000e+00   6.0307347360669183e-08
  3.7400000000000002e+00   6.1595471256826006e-08
  3.7500000000000000e+00   6.2933272922854644e-08
  3.7600000000000002e+00   6.4323366222343492e-08
  3.7700000000000000e+00   6.5768421983257447e-08
  3.7800000000000002e+00   6.7271142112232666e-08
  3.7900000000000000e+00   6.8834227331363983e-08
  3.8000000000000003e+00   7.0460338279967661e-08
  3.8100000000000001e+00   7.2152050150421530e-08
  3.8200000000000003e+00   7.3911801648008633e-08
  3.8300000000000001e+00   7.5741839887645731e-08
  3.8399999999999999e+00   7.7644163826792737e-08
  3.8500000000000001e+00   7.9620469877143686e-08
  3.8599999999999999e+00   8.1672104253197813e-08
  3.8700000000000001e+00   8.3800027152207931e-08
  3.8799999999999999e+00   8.6004793740531973e-08
  3.8900000000000001e+00   8.8286555913677158e-08
  3.8999999999999999e+00   9.0645086799497733e-08
  3.9100000000000001e+00   9.3079827093643931e-08
  3.9199999999999999e+00   9.5589948912005874e-08
  3.9300000000000002e+00   9.8174429504620842e-08
  3.9399999999999999e+00   1.0083212462092732e-07
  3.9500000000000002e+00   1.0356183024374506e-07
  3.9600000000000000e+00   1.0636232230375982e-07
  3.9700000000000002e+00   1.0923236695897922e-07
  3.9800000000000000e+00   1.1217069872755114e-07
  3.9900000000000002e+00   1.1517596942038495e-07
  4.0000000000000000e+00   1.1824667637094141e-07
  4.0099999999999998e+00   1.2138108279124902e-07
  4.0200000000000005e+00   1.2457714529259368e-07
  4.0300000000000002e+00   1.2783246321942917e-07
  4.0400000000000000e+00   1.3114426151752193e-07
  4.0499999999999998e+00   1.3450941397184616e-07
  4.0600000000000005e+00   1.3792450775772587e-07
  4.0700000000000003e+00   1.4138594444529846e-07
  4.0800000000000001e+00   1.4489006787572172e-07
  4.0899999999999999e+00   1.4843330637907754e-07
  4.0999999999999996e+00   1.5201231591062943e-07
  4.1100000000000003e+00   1.5562411171466843e-07
  4.1200000000000001e+00   1.5926617863404606e-07
  4.1299999999999999e+00   1.6293655354359374e-07
  4.1399999999999997e+00   1.6663387695167935e-07
  4.1500000000000004e+00   1.7035741404721540e-07
  4.1600000000000001e+00   1.7410704801119463e-07
  4.1699999999999999e+00   1.7788325010322816e-07
  4.1799999999999997e+00   1.8168703188700757e-07
  4.1900000000000004e+00   1.8551988510470374e-07
  4.2000000000000002e+00   1.8938371433761205e-07
  4.2100000000000000e+00   1.9328076689484610e-07
  4.2199999999999998e+00   1.9721356352313701e-07
  4.2300000000000004e+00   2.0118483265638485e-07
  4.2400000000000002e+00   2.0519745010713712e-07
  4.2500000000000000e+00   2.0925438539040749e-07
  4.2599999999999998e+00   2.1335865528261907e-07
  4.2700000000000005e+00   2.1751328475669714e-07
  4.2800000000000002e+00   2.2172127508975153e-07
  4.2900000000000000e+00   2.2598557869815740e-07
  4.2999999999999998e+00   2.3030908009958042e-07
  4.3100000000000005e+00   2.3469458231576469e-07
  4.3200000000000003e+00   2.3914479799752094e-07
  4.3300000000000001e+00   2.4366234456000750e-07
  4.3399999999999999e+00   2.4824974264983349e-07
  4.3500000000000005e+00   2.5290941731592615e-07
  4.3600000000000003e+00   2.5764370131594160e-07
  4.3700000000000001e+00   2.6245484005378125e-07
  4.3799999999999999e+00   2.6734499770780750e-07
  4.3899999999999997e+00   2.7231626417119467e-07
  4.4000000000000004e+00   2.7737066248416866e-07
  4.4100000000000001e+00   2.8251015649194714e-07
  4.4199999999999999e+00   2.8773665851180156e-07
  4.4299999999999997e+00   2.9305203683770735e-07
  4.4400000000000004e+00   2.9845812295163014e-07
  4.4500000000000002e+00   3.0395671834664075e-07
  4.4600000000000000e+00   3.0954960089866013e-07
  4.4699999999999998e+00   3.1523853075069610e-07
  4.4800000000000004e+00   3.2102525569589305e-07
  4.4900000000000002e+00   3.2691151606355421e-07
  4.5000000000000000e+00   3.3289904912572252e-07
  4.5099999999999998e+00   3.3898959305120092e-07
  4.5200000000000005e+00   3.4518489043959181e-07
  4.5300000000000002e+00   3.5148669147057709e-07
  4.5400000000000000e+00   3.5789675670398320e-07
  4.5499999999999998e+00   3.6441685956483171e-07
  4.5600000000000005e+00   3.7104878854515112e-07
  4.5700000000000003e+00   3.7779434915141825e-07
  4.5800000000000001e+00   3.8465536562338118e-07
  4.5899999999999999e+00   3.9163368244706223e-07
  4.6000000000000005e+00   3.9873116568199156e-07
  4.6100000000000003e+00   4.0594970412031107e-07
  4.6200000000000001e+00   4.1329121029327654e-07
  4.6299999999999999e+00   4.2075762133880727e-07
  4.6399999999999997e+00   4.2835089974214785e-07
  4.6500000000000004e+00   4.3607303396020126e-07
  4.6600000000000001e+00   4.4392603893881114e-07
  4.6699999999999999e+00   4.5191195653106131e-07
  4.6799999999999997e+00   4.6003285582352366e-07
  4.6900000000000004e+00   4.6829083337637684e-07
  4.7000000000000002e+00   4.7668801338232236e-07
  4.7100000000000000e+00   4.8522654774833601e-07
  4.7199999999999998e+00   4.9390861610337409e-07
  4.7300000000000004e+00   5.0273642573434058e-07
  4.7400000000000002e+00   5.1171221145178900e-07
  4.7500000000000000e+00   5.2083823538599837e-07
  4.7599999999999998e+00   5.3011678671324401e-07
  4.7700000000000005e+00   5.3955018131124300e-07
  4.7800000000000002e+00   5.4914076134191799e-07
  4.7900000000000000e+00   5.5889089475873036e-07
  4.7999999999999998e+00   5.6880297473494619e-07
  4.8100000000000005e+00   5.7887941900828913e-07
  4.8200000000000003e+00   5.8912266913651754e-07
  4.8300000000000001e+00   5.9953518965748857e-07
  4.8399999999999999e+00   6.1011946714636135e-07
  4.8500000000000005e+00   6.2087800916157801e-07
  4.8600000000000003e+00   6.3181334307033480e-07
  4.8700000000000001e+00   6.4292801474328041e-07
  4.8799999999999999e+00   6.5422458710718710e-07
  4.8899999999999997e+00   6.6570563854340113e-07
  4.9000000000000004e+00   6.7737376111896172e-07
  4.9100000000000001e+00   6.8923155863631500e-07
  4.9199999999999999e+00   7.0128164448677392e-07
  4.9299999999999997e+00   7.1352663929200465e-07
  4.9400000000000004e+00   7.2596916831721403e-07
  4.9500000000000002e+00   7.3861185863916909e-07
  4.9600000000000000e+00   7.5145733605185383e-07
  4.9699999999999998e+00   7.6450822169259482e-07
  4.9800000000000004e+00   7.7776712837180254e-07
  4.9900000000000002e+00   7.9123665659040222e-07
  5.0000000000000000e+00   8.0491939023053806e-07
  5.0099999999999998e+00   8.1881789190755419e-07
  5.0200000000000005e+00   8.3293469797476062e-07
  5.0300000000000002e+00   8.4727231317737353e-07
  5.0400000000000000e+00   8.6183320495873215e-07
  5.0499999999999998e+00   8.7661979743066345e-07
  5.0600000000000005e+00   8.9163446503154567e-07
  5.0700000000000003e+00   9.0687952591043951e-07
  5.0800000000000001e+00   9.2235723509474713e-07
  5.0899999999999999e+00   9.3806977752266911e-07
  5.1000000000000005e+00   9.5401926105152902e-07
  5.1100000000000003e+00   9.7020770958971149e-07
  5.1200000000000001e+00   9.8663705654474612e-07
  5.1299999999999999e+00   1.0033091388341105e-06
  5.1399999999999997e+00   1.0202256917700981e-06
  5.1500000000000004e+00   1.0373883452064270e-06
  5.1600000000000001e+00   1.0547986214234453e-06
  5.1699999999999999e+00   1.0724579353308332e-06
  5.1799999999999997e+00   1.0903675976816634e-06
  5.1900000000000004e+00   1.1085288221174608e-06
  5.2000000000000002e+00   1.1269427369975683e-06
  5.2100000000000000e+00   1.1456104031017314e-06
  5.2199999999999998e+00   1.1645328384236405e-06
  5.2300000000000004e+00   1.1837110513826922e-06
  5.2400000000000002e+00   1.2031460838535807e-06
  5.2500000000000000e+00   1.2228390654248839e-06
  5.2599999999999998e+00   1.2427912802177060e-06
  5.2700000000000005e+00   1.2630042473859119e-06
  5.2800000000000002e+00   1.2834798160365293e-06
  5.2900000000000000e+00   1.3042202747070233e-06
  5.2999999999999998e+00   1.3252284746742458e-06
  5.3100000000000005e+00   1.3465079652237627e-06
  5.3200000000000003e+00   1.3680631375827619e-06
  5.3300000000000001e+00   1.3898993725653793e-06
  5.3399999999999999e+00   1.4120231852038392e-06
  5.3500000000000005e+00   1.4344423579147494e-06
  5.3600000000000003e+00   1.4571660523075434e-06
  5.3700000000000001e+00   1.4802048888523267e-06
  5.3799999999999999e+00   1.5035709835610126e-06
  5.3899999999999997e+00   1.5272779318310323e-06
  5.4000000000000004e+00   1.5513407317908502e-06
  5.4100000000000001e+00   1.5757756428644549e-06
  5.4199999999999999e+00   1.6005999796590545e-06
  5.4299999999999997e+00   1.6258318463187513e-06
  5.4400000000000004e+00   1.6514898216731943e-06
  5.4500000000000002e+00   1.6775926102515816e-06
  5.4600000000000000e+00   1.7041586779348532e-06
  5.4699999999999998e+00   1.7312058931790441e-06
  5.4800000000000004e+00   1.7587511950336652e-06
  5.4900000000000002e+00   1.7868103075094641e-06
  5.5000000000000000e+00   1.8153975163848137e-06
  5.5099999999999998e+00   1.8445255196769593e-06
  5.5200000000000005e+00   1.8742053573127144e-06
  5.5300000000000002e+00   1.9044464196620774e-06
  5.5400000000000000e+00   1.9352565291809759e-06
  5.5499999999999998e+00   1.9666420849707422e-06
  5.5600000000000005e+00   1.9986082569562956e-06
  5.5700000000000003e+00   2.0311592147632387e-06
  5.5800000000000001e+00   2.0642983761910939e-06
  5.5899999999999999e+00   2.0980286612277601e-06
  5.6000000000000005e+00   2.1323527395157989e-06
  5.6100000000000003e+00   2.1672732617043150e-06
  5.6200000000000001e+00   2.2027930678535914e-06
  5.6299999999999999e+00   2.2389153687082383e-06
  5.6399999999999997e+00   2.2756438980036271e-06
  5.6500000000000004e+00   2.3129830358885817e-06
  5.6600000000000001e+00   2.3509379049842765e-06
  5.6699999999999999e+00   2.3895144415651602e-06
  5.6799999999999997e+00   2.4287194448971688e-06
  5.6900000000000004e+00   2.4685606079779418e-06
  5.7000000000000002e+00   2.5090465328793928e-06
  5.7100000000000000e+00   2.5501867336757440e-06
  5.7199999999999998e+00   2.5919916296219889e-06
  5.7300000000000004e+00   2.6344725308865848e-06
  5.7400000000000002e+00   2.6776416187811829e-06
  5.7500000000000000e+00   2.7215119220992892e-06
  5.7599999999999998e+00   2.7660972908924032e-06
  5.7700000000000005e+00   2.8114123687832495e-06
  5.7800000000000002e+00   2.8574725647407559e-06
  5.7900000000000000e+00   2.9042940251131205e-06
  5.7999999999999998e+00   2.9518936066241603e-06
  5.8100000000000005e+00   3.0002888509717673e-06
  5.8200000000000003e+00   3.0494979616151021e-06
  5.8300000000000001e+00   3.0995397832896875e-06
  5.8399999999999999e+00   3.1504337847392786e-06
  5.8500000000000005e+00   3.2022000450975059e-06
  5.8600000000000003e+00   3.2548592442880513e-06
  5.8700000000000001e+00   3.3084326577417414e-06
  5.8799999999999999e+00   3.3629421556540532e-06
  5.8899999999999997e+00   3.4184102069304718e-06
  5.9000000000000004e+00   3.4748598878941316e-06
  5.9100000000000001e+00   3.5323148957624944e-06
  5.9199999999999999e+00   3.5907995668407347e-06
  5.9299999999999997e+00   3.6503388993305027e-06
  5.9400000000000004e+00   3.7109585806149665e-06
  5.9500000000000002e+00   3.7726850188544478e-06
  5.9600000000000000e+00   3.8355453787111536e-06
  5.9699999999999998e+00   3.8995676210153636e-06
  5.9800000000000004e+00   3.9647805461879669e-06
  5.9900000000000002e+00   4.0312138412430334e-06
  6.0000000000000000e+00   4.0988981302085196e-06
  6.0099999999999998e+00   4.1678650278206511e-06
  6.0200000000000005e+00   4.2381471963670166e-06
  6.0300000000000002e+00   4.3097784055731043e-06
  6.0400000000000000e+00   4.3827935954457150e-06
  6.0499999999999998e+00   4.4572289420028609e-06
  6.0600000000000005e+00   4.5331219258325941e-06
  6.0700000000000003e+00   4.6105114034313644e-06
  6.0800000000000001e+00   4.6894376812749886e-06
  6.0899999999999999e+00   4.7699425925711376e-06
  6.1000000000000005e+00   4.8520695766303512e-06
  6.1100000000000003e+00   4.9358637607721488e-06
  6.1200000000000001e+00   5.0213720446525446e-06
  6.1299999999999999e+00   5.1086431868574144e-06
  6.1400000000000006e+00   5.1977278935531554e-06
  6.1500000000000004e+00   5.2886789089180219e-06
  6.1600000000000001e+00   5.3815511069956480e-06
  6.1699999999999999e+00   5.4764015845117981e-06
  6.1799999999999997e+00   5.5732897540781900e-06
  6.1900000000000004e+00   5.6722774370677754e-06
  6.2000000000000002e+00   5.7734289552846808e-06
  6.2100000000000000e+00   5.8768112203668422e-06
  6.2199999999999998e+00   5.9824938196465271e-06
  6.2300000000000004e+00   6.0905490969548566e-06
  6.2400000000000002e+00   6.2010522265868735e-06
  6.2500000000000000e+00   6.3140812783452035e-06
  6.2599999999999998e+00   6.4297172712516680e-06
  6.2700000000000005e+00   6.5480442131599512e-06
  6.2800000000000002e+00   6.6691491231206503e-06
  6.2900000000000000e+00   6.7931220329490069e-06
  6.2999999999999998e+00   6.9200559640320966e-06
  6.3100000000000005e+00   7.0500468749992717e-06
  6.3200000000000003e+00   7.1831935754807575e-06
  6.3300000000000001e+00   7.3195976008172758e-06
  6.3399999999999999e+00   7.4593630422821489e-06
  6.3500000000000005e+00   7.6025963271710581e-06
  6.3600000000000003e+00   7.7494059430421542e-06
  6.3700000000000001e+00   7.8999021004968568e-06
  6.3799999999999999e+00   8.0541963292326169e-06
  6.3900000000000006e+00   8.2124010027329609e-06
  6.4000000000000004e+00   8.3746287879481125e-06
  6.4100000000000001e+00   8.5409920177248588e-06
  6.4199999999999999e+00   8.7116019856241350e-06
  6.4299999999999997e+00   8.8865681651653715e-06
  6.4400000000000004e+00   9.0659973584819050e-06
  6.4500000000000002e+00   9.2499927828554116e-06
  6.4600000000000000e+00   9.4386531075692690e-06
  6.4699999999999998e+00   9.6320714578680874e-06
  6.4800000000000004e+00   9.8303344073580405e-06
  6.4900000000000002e+00   1.0033520984666243e-05
  6.5000000000000000e+00   1.0241701724253678e-05
  6.5099999999999998e+00   1.0454937794529314e-05
  6.5200000000000005e+00   1.0673280238368463e-05
  6.5300000000000002e+00   1.0896769361310600e-05
  6.5400000000000000e+00   1.1125434300664417e-05
  6.5499999999999998e+00   1.1359292804154669e-05
  6.5600000000000005e+00   1.1598351239490949e-05
  6.5700000000000003e+00   1.1842604846478183e-05
  6.5800000000000001e+00   1.2092038231521605e-05
  6.5899999999999999e+00   1.2346626091455522e-05
  6.6000000000000005e+00   1.2606334140726086e-05
  6.6100000000000003e+00   1.2871120204485181e-05
  6.6200000000000001e+00   1.3140935431577351e-05
  6.6299999999999999e+00   1.3415725577054671e-05
  6.6400000000000006e+00   1.3695432304696395e-05
  6.6500000000000004e+00   1.3979994466414153e-05
  6.6600000000000001e+00   1.4269349327035968e-05
  6.6699999999999999e+00   1.4563433718628692e-05
  6.6799999999999997e+00   1.4862185126378736e-05
  6.6900000000000004e+00   1.5165542725720068e-05
  6.7000000000000002e+00   1.5473448405291717e-05
  6.7100000000000000e+00   1.5785847820020236e-05
  6.7199999999999998e+00   1.6102691521307355e-05
  6.7300000000000004e+00   1.6423936206012743e-05
  6.7400000000000002e+00   1.6749546112783754e-05
  6.7500000000000000e+00   1.7079494574572320e-05
  6.7599999999999998e+00   1.7413765712131854e-05
  6.7700000000000005e+00   1.7752356227850087e-05
  6.7800000000000002e+00   1.8095277235644064e-05
  6.7900000000000000e+00   1.8442556043857375e-05
  6.7999999999999998e+00   1.8794237796574200e-05
  6.8100000000000005e+00   1.9150386876015017e-05
  6.8200000000000003e+00   1.9511087975105580e-05
  6.8300000000000001e+00   1.9876446764232371e-05
  6.8399999999999999e+00   2.0246590097966577e-05
  6.8500000000000005e+00   2.0621665733843240e-05
  6.8600000000000003e+00   2.1001841563452478e-05
  6.8700000000000001e+00   2.1387304383496585e-05
  6.8799999999999999e+00   2.1778258258746041e-05
  6.8900000000000006e+00   2.2174922548216068e-05
  6.9000000000000004e+00   2.2577529679259706e-05
  6.9100000000000001e+00   2.2986322761226555e-05
  6.9199999999999999e+00   2.3401553131086576e-05
  6.9299999999999997e+00   2.3823477918694561e-05
  6.9400000000000004e+00   2.4252357710250798e-05
  6.9500000000000002e+00   2.4688454376250494e-05
  6.9600000000000000e+00   2.5132029116094158e-05
  6.9699999999999998e+00   2.5583340756739017e-05
  6.9800000000000004e+00   2.6042644328319329e-05
  6.9900000000000002e+00   2.6510189926338842e-05
  7.0000000000000000e+00   2.6986221858386967e-05
  7.0099999999999998e+00   2.7470978063675798e-05
  7.0200000000000005e+00   2.7964689786169015e-05
  7.0300000000000002e+00   2.8467581476635803e-05
  7.0400000000000000e+00   2.8979870895476393e-05
  7.0499999999999998e+00   2.9501769386394378e-05
  7.0600000000000005e+00   3.0033482290670683e-05
  7.0700000000000003e+00   3.0575209472639088e-05
  7.0800000000000001e+00   3.1127145928689917e-05
  7.0899999999999999e+00   3.1689482454479979e-05
  7.1000000000000005e+00   3.2262406347774185e-05
  7.1100000000000003e+00   3.2846102127292683e-05
  7.1200000000000001e+00   3.3440752250926750e-05
  7.1299999999999999e+00   3.4046537819601217e-05
  7.1400000000000006e+00   3.4663639255807282e-05
  7.1500000000000004e+00   3.5292236948346069e-05
  7.1600000000000001e+00   3.5932511857080681e-05
  7.1699999999999999e+00   3.6584646073468908e-05
  7.1799999999999997e+00   3.7248823334344095e-05
  7.1900000000000004e+00   3.7925229487837106e-05
  7.2000000000000002e+00   3.8614052911503338e-05
  7.2100000000000000e+00   3.9315484883664523e-05
  7.2199999999999998e+00   4.0029719909705267e-05
  7.2300000000000004e+00   4.0756956005630170e-05
  7.2400000000000002e+00   4.1497394941580700e-05
  7.2500000000000000e+00   4.2251242448286991e-05
  7.2599999999999998e+00   4.3018708389580604e-05
  7.2700000000000005e+00   4.3800006904166286e-05
  7.2800000000000002e+00   4.4595356519833847e-05
  7.2900000000000000e+00   4.5404980243223019e-05
  7.2999999999999998e+00   4.6229105628130626e-05
  7.3100000000000005e+00   4.7067964825192371e-05
  7.3200000000000003e+00   4.7921794615584308e-05
  7.3300000000000001e+00   4.8790836431186688e-05
  7.3399999999999999e+00   4.9675336363431975e-05
  7.3500000000000005e+00   5.0575545162839259e-05
  7.3600000000000003e+00   5.1491718231015513e-05
  7.3700000000000001e+00   5.2424115606683370e-05
  7.3799999999999999e+00   5.3373001947088811e-05
  7.3900000000000006e+00   5.4338646505939692e-05
  7.4000000000000004e+00   5.5321323108842661e-05
  7.4100000000000001e+00   5.6321310127032899e-05
  7.4199999999999999e+00   5.7338890450036161e-05
  7.4299999999999997e+00   5.8374351457757517e-05
  7.4400000000000004e+00   5.9427984992372699e-05
  7.4500000000000002e+00   6.0500087330283359e-05
  7.4600000000000000e+00   6.1590959154302950e-05
  7.4699999999999998e+00   6.2700905526165247e-05
  7.4800000000000004e+00   6.3830235859374773e-05
  7.4900000000000002e+00   6.4979263892371892e-05
  7.5000000000000000e+00   6.6148307661947016e-05
  7.5099999999999998e+00   6.7337689476809314e-05
  7.5200000000000005e+00   6.8547735891207853e-05
  7.5300000000000002e+00   6.9778777678506426e-05
  7.5400000000000000e+00   7.1031149804623667e-05
  7.5499999999999998e+00   7.2305191401290074e-05
  7.5600000000000005e+00   7.3601245739112519e-05
  7.5700000000000003e+00   7.4919660200503497e-05
  7.5800000000000001e+00   7.6260786252618505e-05
  7.5899999999999999e+00   7.7624979420538284e-05
  7.6000000000000005e+00   7.9012599261060881e-05
  7.6100000000000003e+00   8.0424009337616605e-05
  7.6200000000000001e+00   8.1859577196987787e-05
  7.6299999999999999e+00   8.3319674348718284e-05
  7.6400000000000006e+00   8.4804676248333613e-05
  7.6500000000000004e+00   8.6314962285755732e-05
  7.6600000000000001e+00   8.7850915780606764e-05
  7.6699999999999999e+00   8.9412923986438879e-05
  7.6799999999999997e+00   9.1001378106322109e-05
  7.6900000000000004e+00   9.2616673322656605e-05
  7.7000000000000002e+00   9.4259208844571594e-05
  7.7100000000000000e+00   9.5929387976802319e-05
  7.7199999999999998e+00   9.7627618214540641e-05
  7.7300000000000004e+00   9.9354311369391870e-05
  7.7400000000000002e+00   1.0110988373226183e-04
  7.7500000000000000e+00   1.0289475627974055e-04
  7.7599999999999998e+00   1.0470935493130406e-04
  7.7700000000000005e+00   1.0655411086545145e-04
  7.7800000000000002e+00   1.0842946090366605e-04
  7.7900000000000000e+00   1.1033584797185188e-04
  7.7999999999999998e+00   1.1227372164956767e-04
  7.8100000000000005e+00   1.1424353881796848e-04
  7.8200000000000003e+00   1.1624576441775279e-04
  7.8300000000000001e+00   1.1828087232859103e-04
  7.8399999999999999e+00   1.2034934638133606e-04
  7.8500000000000005e+00   1.2245168151375221e-04
  7.8600000000000003e+00   1.2458838507937604e-04
  7.8700000000000001e+00   1.2675997831737082e-04
  7.8799999999999999e+00   1.2896699798868805e-04
  7.8900000000000006e+00   1.3120999818038052e-04
  7.9000000000000004e+00   1.3348955227542635e-04
  7.9100000000000001e+00   1.3580625507974138e-04
  7.9199999999999999e+00   1.3816072509116386e-04
  7.9300000000000006e+00   1.4055360688702731e-04
  7.9400000000000004e+00   1.4298557359751312e-04
  7.9500000000000002e+00   1.4545732942147001e-04
  7.9600000000000000e+00   1.4796961212999637e-04
  7.9699999999999998e+00   1.5052319549124695e-04
  7.9800000000000004e+00   1.5311889153815268e-04
  7.9900000000000002e+00   1.5575755258979363e-04
  8.0000000000000000e+00   1.5844007292791084e-04
  8.0099999999999998e+00   1.6116739002350995e-04
  8.0199999999999996e+00   1.6394048520586442e-04
  8.0299999999999994e+00   1.6676038366857291e-04
  8.0400000000000009e+00   1.6962815371578282e-04
  8.0500000000000007e+00   1.7254490516709360e-04
  8.0600000000000005e+00   1.7551178686256092e-04
  8.0700000000000003e+00   1.7852998323964300e-04
  8.0800000000000001e+00   1.8160070999136566e-04
  8.0899999999999999e+00   1.8472520885814945e-04
  8.0999999999999996e+00   1.8790474165273637e-04
  8.1099999999999994e+00   1.9114058366584527e-04
  8.1200000000000010e+00   1.9443401664646660e-04
  8.1300000000000008e+00   1.9778632159160510e-04
  8.1400000000000006e+00   2.0119877161238513e-04
  8.1500000000000004e+00   2.0467262516343305e-04
  8.1600000000000001e+00   2.0820911992796767e-04
  8.1699999999999999e+00   2.1180946764031008e-04
  8.1799999999999997e+00   2.1547485010021863e-04
  8.1899999999999995e+00   2.1920641659041717e-04
  8.1999999999999993e+00   2.2300528285208664e-04
  8.2100000000000009e+00   2.2687253170627515e-04
  8.2200000000000006e+00   2.3080921533642486e-04
  8.2300000000000004e+00   2.3481635917320899e-04
  8.2400000000000002e+00   2.3889496725254677e-04
  8.2500000000000000e+00   2.4304602885553061e-04
  8.2599999999999998e+00   2.4727052618881784e-04
  8.2699999999999996e+00   2.5156944282860342e-04
  8.2799999999999994e+00   2.5594377263208235e-04
  8.2900000000000009e+00   2.6039452881756233e-04
  8.3000000000000007e+00   2.6492275292707562e-04
  8.3100000000000005e+00   2.6952952341148984e-04
  8.3200000000000003e+00   2.7421596361477897e-04
  8.3300000000000001e+00   2.7898324897824173e-04
  8.3399999999999999e+00   2.8383261333341577e-04
  8.3499999999999996e+00   2.8876535420118598e-04
  8.3599999999999994e+00   2.9378283706121556e-04
  8.3700000000000010e+00   2.9888649859801373e-04
  8.3800000000000008e+00   3.0407784896620418e-04
  8.3900000000000006e+00   3.0935847314678014e-04
  8.4000000000000004e+00   3.1473003148806692e-04
  8.4100000000000001e+00   3.2019425953992557e-04
  8.4199999999999999e+00   3.2575296729801388e-04
  8.4299999999999997e+00   3.3140803797753306e-04
  8.4399999999999995e+00   3.3716142643384412e-04
  8.4499999999999993e+00   3.4301515734174039e-04
  8.4600000000000009e+00   3.4897132323697186e-04
  8.4700000000000006e+00   3.5503208251375421e-04
  8.4800000000000004e+00   3.6119965746129340e-04
  8.4900000000000002e+00   3.6747633241126175e-04
  8.5000000000000000e+00   3.7386445205734621e-04
  8.5099999999999998e+00   3.8036641999749494e-04
  8.5199999999999996e+00   3.8698469753977658e-04
  8.5299999999999994e+00   3.9372180280364185e-04
  8.5400000000000009e+00   4.0058031014014305e-04
  8.5500000000000007e+00   4.0756284988709650e-04
  8.5600000000000005e+00   4.1467210846837148e-04
  8.5700000000000003e+00   4.2191082884028731e-04
  8.5800000000000001e+00   4.2928181128265000e-04
  8.5899999999999999e+00   4.3678791452698512e-04
  8.5999999999999996e+00   4.4443205721022769e-04
  8.6099999999999994e+00   4.5221721963838727e-04
  8.6200000000000010e+00   4.6014644584146762e-04
  8.6300000000000008e+00   4.6822284589829359e-04
  8.6400000000000006e+00   4.7644959850781014e-04
  8.6500000000000004e+00   4.8482995378169158e-04
  8.6600000000000001e+00   4.9336723623206557e-04
  8.6699999999999999e+00   5.0206484792732079e-04
  8.6799999999999997e+00   5.1092627178860365e-04
  8.6899999999999995e+00   5.1995507499950292e-04
  8.7000000000000011e+00   5.2915491250153570e-04
  8.7100000000000009e+00   5.3852953054821945e-04
  8.7200000000000006e+00   5.4808277029087360e-04
  8.7300000000000004e+00   5.5781857136942472e-04
  8.7400000000000002e+00   5.6774097548167358e-04
  8.7500000000000000e+00   5.7785412990435717e-04
  8.7599999999999998e+00   5.8816229093904286e-04
  8.7699999999999996e+00   5.9866982725517443e-04
  8.7799999999999994e+00   6.0938122310162939e-04
  8.7900000000000009e+00   6.2030108135673675e-04
  8.8000000000000007e+00   6.3143412638478984e-04
  8.8100000000000005e+00   6.4278520666495435e-04
  8.8200000000000003e+00   6.5435929715564219e-04
  8.8300000000000001e+00   6.6616150135434668e-04
  8.8399999999999999e+00   6.7819705300944532e-04
  8.8499999999999996e+00   6.9047131743657508e-04
  8.8599999999999994e+00   7.0298979238799604e-04
  8.8700000000000010e+00   7.1575810841908647e-04
  8.8800000000000008e+00   7.2878202869148005e-04
  8.8900000000000006e+00   7.4206744814804765e-04
  8.9000000000000004e+00   7.5562039199042399e-04
  8.9100000000000001e+00   7.6944701338593280e-04
  8.9199999999999999e+00   7.8355359032723174e-04
  8.9299999999999997e+00   7.9794652156532945e-04
  8.9399999999999995e+00   8.1263232153501680e-04
  8.9500000000000011e+00   8.2761761419148999e-04
  8.9600000000000009e+00   8.4290912567839627e-04
  8.9700000000000006e+00   8.5851367575113667e-04
  8.9800000000000004e+00   8.7443816788524570e-04
  8.9900000000000002e+00   8.9068957800878153e-04
  9.0000000000000000e+00   9.0727494181011147e-04
  9.0099999999999998e+00   9.2420134058868435e-04
  9.0199999999999996e+00   9.4147588563706314e-04
  9.0299999999999994e+00   9.5910570116773729e-04
  9.0400000000000009e+00   9.7709790582843257e-04
  9.0500000000000007e+00   9.9545959288509819e-04
  9.0600000000000005e+00   1.0141978091923690e-03
  9.0700000000000003e+00   1.0333195331169425e-03
  9.0800000000000001e+00   1.0528316516295029e-03
  9.0899999999999999e+00   1.0727409368351535e-03
  9.0999999999999996e+00   1.0930540222689885e-03
  9.1099999999999994e+00   1.1137773793419019e-03
  9.1200000000000010e+00   1.1349172943793133e-03
  9.1300000000000008e+00   1.1564798467502250e-03
  9.1400000000000006e+00   1.1784708886333911e-03
  9.1500000000000004e+00   1.2008960270077278e-03
  9.1600000000000001e+00   1.2237606084830471e-03
  9.1699999999999999e+00   1.2470697076004389e-03
  9.1799999999999997e+00   1.2708281192269277e-03
  9.1899999999999995e+00   1.2950403556425552e-03
  9.2000000000000011e+00   1.3197106488686862e-03
  9.2100000000000009e+00   1.3448429587118436e-03
  9.2200000000000006e+00   1.3704409868986124e-03
  9.2300000000000004e+00   1.3965081975549532e-03
  9.2400000000000002e+00   1.4230478441413178e-03
  9.2500000000000000e+00   1.4500630027978370e-03
  9.2599999999999998e+00   1.4775566118880722e-03
  9.2699999999999996e+00   1.5055315173632085e-03
  9.2799999999999994e+00   1.5339905234099680e-03
  9.2900000000000009e+00   1.5629364477033668e-03
  9.3000000000000007e+00   1.5923721804686768e-03
  9.3100000000000005e+00   1.6223007464720854e-03
  9.3200000000000003e+00   1.6527253690112496e-03
  9.3300000000000001e+00   1.6836495349677768e-03
  9.3399999999999999e+00   1.7150770600111145e-03
  9.3499999999999996e+00   1.7470121531033033e-03
  9.3599999999999994e+00   1.7794594795379848e-03
  9.3700000000000010e+00   1.8124242218439514e-03
  9.3800000000000008e+00   1.8459121379820280e-03
  9.3900000000000006e+00   1.8799296163508217e-03
  9.4000000000000004e+00   1.9144837271818102e-03
  9.4100000000000001e+00   1.9495822699386470e-03
  9.4199999999999999e+00   1.9852338163358994e-03
  9.4299999999999997e+00   2.0214477485587241e-03
  9.4399999999999995e+00   2.0582342922047460e-03
  9.4500000000000011e+00   2.0956045433914807e-03
  9.4600000000000009e+00   2.1335704893935344e-03
  9.4700000000000006e+00   2.1721450221092926e-03
  9.4800000000000004e+00   2.2113419436244012e-03
  9.4900000000000002e+00   2.2511759631550004e-03
  9.5000000000000000e+00   2.2916626847288945e-03
  9.5099999999999998e+00   2.3328185851044406e-03
  9.5199999999999996e+00   2.3746609816352859e-03
  9.5299999999999994e+00   2.4172079900577500e-03
  9.5400000000000009e+00   2.4604784724937818e-03
  9.5500000000000007e+00   2.5044919763082050e-03
  9.5600000000000005e+00   2.5492686648126680e-03
  9.5700000000000003e+00   2.5948292411463064e-03
  9.5800000000000001e+00   2.6411948669633175e-03
  9.5899999999999999e+00   2.6883870777975032e-03
  9.5999999999999996e+00   2.7364276971399630e-03
  9.6099999999999994e+00   2.7853387513450557e-03
  9.6200000000000010e+00   2.8351423874688566e-03
  9.6300000000000008e+00   2.8858607960443108e-03
  9.6400000000000006e+00   2.9375161406151387e-03
  9.6500000000000004e+00   2.9901304955995927e-03
  9.6600000000000001e+00   3.0437257937497293e-03
  9.6699999999999999e+00   3.0983237841313307e-03
  9.6799999999999997e+00   3.1539460011913763e-03
  9.6899999999999995e+00   3.2106137451226760e-03
  9.7000000000000011e+00   3.2683480733958340e-03
  9.7100000000000009e+00   3.3271698030187249e-03
  9.7200000000000006e+00   3.3870995228171743e-03
  9.7300000000000004e+00   3.4481576148107838e-03
  9.7400000000000002e+00   3.5103642835921582e-03
  9.7500000000000000e+00   3.5737395925047842e-03
  9.7599999999999998e+00   3.6383035053534998e-03
  9.7699999999999996e+00   3.7040759323675580e-03
  9.7799999999999994e+00   3.7710767791644113e-03
  9.7900000000000009e+00   3.8393259975250081e-03
  9.8000000000000007e+00   3.9088436368827492e-03
  9.8100000000000005e+00   3.9796498955395913e-03
  9.8200000000000003e+00   4.0517651707481367e-03
  9.8300000000000001e+00   4.1252101069313872e-03
  9.8399999999999999e+00   4.2000056414462786e-03
  9.8499999999999996e+00   4.2761730474288485e-03
  9.8599999999999994e+00   4.3537339733840542e-03
  9.8700000000000010e+00   4.4327104792989064e-03
  9.8800000000000008e+00   4.5131250691623050e-03
  9.8900000000000006e+00   4.5950007198665337e-03
  9.9000000000000004e+00   4.6783609065444284e-03
  9.9100000000000001e+00   4.7632296244622865e-03
  9.9199999999999999e+00   4.8496314076411770e-03
  9.9299999999999997e+00   4.9375913444215727e-03
  9.9399999999999995e+00   5.0271350902156547e-03
  9.9500000000000011e+00   5.1182888777134006e-03
  9.9600000000000009e+00   5.2110795248191937e-03
  9.9700000000000006e+00   5.3055344406020390e-03
  9.9800000000000004e+00   5.4016816295386723e-03
  9.9900000000000002e+00   5.4995496943236579e-03
  1.0000000000000000e+01   5.5991678375080537e-03
