# ZND solution.
# Columns are: spatial coordinate; specific volume; density;
# flow velocity in lab frame; pressure; reaction progress variable.
 -2.0187499999999998e+00   5.9472772639671323e-01   1.6814417011608265e+00   1.3484010732304366e+00   5.4863307280398361e+00   9.9999999999900002e-01
 -2.0124999999999997e+00   5.9472772639671323e-01   1.6814417011608265e+00   1.3484010732304366e+00   5.4863307280398361e+00   9.9999999999900002e-01
 -2.0062499999999996e+00   5.9472772639671323e-01   1.6814417011608265e+00   1.3484010732304366e+00   5.4863307280398361e+00   9.9999999999900002e-01
 -1.9999999999999998e+00   5.9472772639671323e-01   1.6814417011608265e+00   1.3484010732304366e+00   5.4863307280398361e+00   9.9999999999900002e-01
 -1.9937499999999999e+00   5.9472771403643743e-01   1.6814417361063698e+00   1.3484011143549108e+00   5.4863308648670728e+00   9.9999999999893840e-01
 -1.9874999999999998e+00   5.9472767702843865e-01   1.6814418407371043e+00   1.3484012374860217e+00   5.4863312745425743e+00   9.9999999999874156e-01
 -1.9812499999999997e+00   5.9472763662760908e-01   1.6814419549602229e+00   1.3484013719055847e+00   5.4863317217764340e+00   9.9999999999850830e-01
 -1.9749999999999999e+00   5.9472759272259235e-01   1.6814420790905609e+00   1.3484015179840991e+00   5.4863322078013574e+00   9.9999999999823175e-01
 -1.9687499999999998e+00   5.9472754482827561e-01   1.6814422144996575e+00   1.3484016773356076e+00   5.4863327379875031e+00   9.9999999999790379e-01
 -1.9624999999999999e+00   5.9472749276618075e-01   1.6814423616921197e+00   1.3484018505539330e+00   5.4863333143106106e+00   9.9999999999751477e-01
 -1.9562499999999998e+00   5.9472743597593747e-01   1.6814425222522604e+00   1.3484020395035108e+00   5.4863339429739320e+00   9.9999999999705369e-01
 -1.9499999999999997e+00   5.9472737425082522e-01   1.6814426967645377e+00   1.3484022448721309e+00   5.4863346262658466e+00   9.9999999999650746e-01
 -1.9437499999999999e+00   5.9472730703209742e-01   1.6814428868086766e+00   1.3484024685188263e+00   5.4863353703716333e+00   9.9999999999585987e-01
 -1.9374999999999998e+00   5.9472723380400072e-01   1.6814430938428517e+00   1.3484027121595850e+00   5.4863361810006390e+00   9.9999999999509182e-01
 -1.9312499999999999e+00   5.9472715402888532e-01   1.6814433193871470e+00   1.3484029775832476e+00   5.4863370641046041e+00   9.9999999999418132e-01
 -1.9249999999999998e+00   5.9472706722339364e-01   1.6814435648081512e+00   1.3484032663980168e+00   5.4863380250342555e+00   9.9999999999310174e-01
 -1.9187499999999997e+00   5.9472697267993790e-01   1.6814438321064118e+00   1.3484035809581421e+00   5.4863390716225329e+00   9.9999999999182199e-01
 -1.9124999999999999e+00   5.9472686975698130e-01   1.6814441230957369e+00   1.3484039233981118e+00   5.4863402109711954e+00   9.9999999999030520e-01
 -1.9062499999999998e+00   5.9472675767941685e-01   1.6814444399675772e+00   1.3484042962968221e+00   5.4863414516606133e+00   9.9999999998850675e-01
 -1.8999999999999999e+00   5.9472663570903062e-01   1.6814447848090814e+00   1.3484047021104206e+00   5.4863428018627545e+00   9.9999999998637479e-01
 -1.8937499999999998e+00   5.9472650287349793e-01   1.6814451603692973e+00   1.3484051440739757e+00   5.4863442723411735e+00   9.9999999998384792e-01
 -1.8874999999999997e+00   5.9472635821513475e-01   1.6814455693558863e+00   1.3484056253738448e+00   5.4863458736973527e+00   9.9999999998085165e-01
 -1.8812499999999999e+00   5.9472620074040283e-01   1.6814460145778891e+00   1.3484061493156767e+00   5.4863476169296801e+00   9.9999999997729971e-01
 -1.8749999999999998e+00   5.9472602925706552e-01   1.6814464994061291e+00   1.3484067198662206e+00   5.4863495152361166e+00   9.9999999997308897e-01
 -1.8687499999999999e+00   5.9472584254721050e-01   1.6814470272840347e+00   1.3484073410776511e+00   5.4863515820988518e+00   9.9999999996809719e-01
 -1.8624999999999998e+00   5.9472563927426170e-01   1.6814476019905429e+00   1.3484080173969559e+00   5.4863538323136725e+00   9.9999999996217914e-01
 -1.8562499999999997e+00   5.9472541793596811e-01   1.6814482277730163e+00   1.3484087538223473e+00   5.4863562825103731e+00   9.9999999995516364e-01
 -1.8499999999999999e+00   5.9472517695003757e-01   1.6814489091051366e+00   1.3484095556183460e+00   5.4863589502047994e+00   9.9999999994684685e-01
 -1.8437499999999998e+00   5.9472491457320564e-01   1.6814496509157233e+00   1.3484104285850520e+00   5.4863618546947430e+00   9.9999999993698718e-01
 -1.8374999999999999e+00   5.9472462886294242e-01   1.6814504586970040e+00   1.3484113791855512e+00   5.4863650174838527e+00   9.9999999992529831e-01
 -1.8312499999999998e+00   5.9472431780376911e-01   1.6814513381474889e+00   1.3484124141256406e+00   5.4863684608833108e+00   9.9999999991144140e-01
 -1.8249999999999997e+00   5.9472397911968922e-01   1.6814522957022864e+00   1.3484135409778992e+00   5.4863722100882129e+00   9.9999999989501398e-01
 -1.8187499999999999e+00   5.9472361035448573e-01   1.6814533383060895e+00   1.3484147679145255e+00   5.4863762922886776e+00   9.9999999987553934e-01
 -1.8124999999999998e+00   5.9472320882685470e-01   1.6814544735400363e+00   1.3484161038566165e+00   5.4863807371665212e+00   9.9999999985245203e-01
 -1.8062499999999999e+00   5.9472277165678433e-01   1.6814557095471399e+00   1.3484175583863993e+00   5.4863855766032348e+00   9.9999999982508236e-01
 -1.7999999999999998e+00   5.9472229566338719e-01   1.6814570553211612e+00   1.3484191420871590e+00   5.4863908458109822e+00   9.9999999979263543e-01
 -1.7937499999999997e+00   5.9472177738980181e-01   1.6814585206362209e+00   1.3484208664603872e+00   5.4863965830569352e+00   9.9999999975416953e-01
 -1.7874999999999999e+00   5.9472121308926218e-01   1.6814601160862059e+00   1.3484227439721312e+00   5.4864028298174858e+00   9.9999999970856812e-01
 -1.7812499999999998e+00   5.9472059867764704e-01   1.6814618532189503e+00   1.3484247882108695e+00   5.4864096313035189e+00   9.9999999965450759e-01
 -1.7749999999999999e+00   5.9471992969952880e-01   1.6814637446322531e+00   1.3484270140004717e+00   5.4864170368362526e+00   9.9999999959041885e-01
 -1.7687499999999998e+00   5.9471920131120892e-01   1.6814658040218762e+00   1.3484294374566423e+00   5.4864251000350315e+00   9.9999999951444118e-01
 -1.7624999999999997e+00   5.9471840823066291e-01   1.6814680463231058e+00   1.3484320761534618e+00   5.4864338793714307e+00   9.9999999942436912e-01
 -1.7562499999999999e+00   5.9471754471681226e-01   1.6814704877694029e+00   1.3484349491923515e+00   5.4864434383987186e+00   9.9999999931758787e-01
 -1.7499999999999998e+00   5.9471660450639208e-01   1.6814731460709567e+00   1.3484380774121243e+00   5.4864538464507211e+00   9.9999999919099780e-01
 -1.7437499999999999e+00   5.9471558079412901e-01   1.6814760404707929e+00   1.3484414834549356e+00   5.4864651788612546e+00   9.9999999904092418e-01
 -1.7374999999999998e+00   5.9471446616713131e-01   1.6814791919303544e+00   1.3484451919845784e+00   5.4864775176904219e+00   9.9999999886301039e-01
 -1.7312499999999997e+00   5.9471325253864715e-01   1.6814826233168825e+00   1.3484492299068767e+00   5.4864909524578991e+00   9.9999999865209144e-01
 -1.7249999999999999e+00   5.9471193112111120e-01   1.6814863594797347e+00   1.3484536264593667e+00   5.4865055804413121e+00   9.9999999840204379e-01
 -1.7187499999999998e+00   5.9471049234145501e-01   1.6814904274899638e+00   1.3484584134930695e+00   5.4865215076137419e+00   9.9999999810560847e-01
 -1.7124999999999999e+00   5.9470892576660295e-01   1.6814948568511243e+00   1.3484636257203779e+00   5.4865388494684755e+00   9.9999999775417892e-01
 -1.7062499999999998e+00   5.9470722005157728e-01   1.6814996796461843e+00   1.3484693008877187e+00   5.4865577315934848e+00   9.9999999733755174e-01
 -1.6999999999999997e+00   5.9470536282878894e-01   1.6815049308507619e+00   1.3484754801438981e+00   5.4865782908969623e+00   9.9999999684363083e-01
 -1.6937499999999999e+00   5.9470334064214281e-01   1.6815106485196973e+00   1.3484822082593442e+00   5.4866006763367752e+00   9.9999999625807467e-01
 -1.6874999999999998e+00   5.9470113883355269e-01   1.6815168741082300e+00   1.3484895340036878e+00   5.4866250501767304e+00   9.9999999556388131e-01
 -1.6812499999999999e+00   5.9469874144454937e-01   1.6815236527505608e+00   1.3484975104731272e+00   5.4866515890757697e+00   9.9999999474089252e-01
 -1.6749999999999998e+00   5.9469613109675945e-01   1.6815310335982259e+00   1.3485061954880930e+00   5.4866804854110569e+00   9.9999999376521054e-01
 -1.6687499999999997e+00   5.9469328886688066e-01   1.6815390701741135e+00   1.3485156520092234e+00   5.4867119486619922e+00   9.9999999260850136e-01
 -1.6624999999999999e+00   5.9469019414956947e-01   1.6815478207607570e+00   1.3485259485935583e+00   5.4867462069280322e+00   9.9999999123717243e-01
 -1.6562499999999998e+00   5.9468682450765731e-01   1.6815573488245725e+00   1.3485371598928915e+00   5.4867835085867878e+00   9.9999998961139658e-01
 -1.6499999999999999e+00   5.9468315550652262e-01   1.6815677234850346e+00   1.3485493672048392e+00   5.4868241241275095e+00   9.9999998768395393e-01
 -1.6437499999999998e+00   5.9467916054003001e-01   1.6815790200078591e+00   1.3485626590519677e+00   5.4868683480779268e+00   9.9999998539885904e-01
 -1.6374999999999997e+00   5.9467481063442729e-01   1.6815913203607071e+00   1.3485771318342556e+00   5.4869165011750924e+00   9.9999998268973389e-01
 -1.6312499999999999e+00   5.9467007423564877e-01   1.6816047138160377e+00   1.3485928905367679e+00   5.4869689327199191e+00   9.9999997947787600e-01
 -1.6249999999999998e+00   5.9466491698559942e-01   1.6816192975853934e+00   1.3486100494739921e+00   5.4870260230536907e+00   9.9999997566997212e-01
 -1.6187499999999999e+00   5.9465930146640611e-01   1.6816351775445870e+00   1.3486287331407520e+00   5.4870881863891858e+00   9.9999997115538108e-01
 -1.6124999999999998e+00   5.9465318692807589e-01   1.6816524690061929e+00   1.3486490771183290e+00   5.4871558738254738e+00   9.9999996580291661e-01
 -1.6062499999999997e+00   5.9464652899195780e-01   1.6816712975609152e+00   1.3486712290610892e+00   5.4872295766305692e+00   9.9999995945702758e-01
 -1.5999999999999999e+00   5.9463927932763305e-01   1.6816917999946355e+00   1.3486953497715171e+00   5.4873098298182317e+00   9.9999995193327307e-01
 -1.5937499999999998e+00   5.9463138529865966e-01   1.6817141252941767e+00   1.3487216143788765e+00   5.4873972160695450e+00   9.9999994301294914e-01
 -1.5874999999999999e+00   5.9462278957752135e-01   1.6817384357409151e+00   1.3487502136203322e+00   5.4874923699953975e+00   9.9999993243672125e-01
 -1.5812499999999998e+00   5.9461342972547238e-01   1.6817649081045662e+00   1.3487813552388690e+00   5.4875959827875676e+00   9.9999991989706760e-01
 -1.5749999999999997e+00   5.9460323773703960e-01   1.6817937349379943e+00   1.3488152654988010e+00   5.4877088072610487e+00   9.9999990502931801e-01
 -1.5687499999999999e+00   5.9459213953945900e-01   1.6818251260007397e+00   1.3488521908512203e+00   5.4878316633952444e+00   9.9999988740102252e-01
 -1.5624999999999998e+00   5.9458005444879714e-01   1.6818593098065586e+00   1.3488923997435625e+00   5.4879654443546615e+00   9.9999986649933836e-01
 -1.5562499999999999e+00   5.9456689457742851e-01   1.6818965353103312e+00   1.3489361845910164e+00   5.4881111230480819e+00   9.9999984171606593e-01
 -1.5499999999999998e+00   5.9455256418867064e-01   1.6819370737465491e+00   1.3489838639237501e+00   5.4882697592727059e+00   9.9999981232989721e-01
 -1.5437499999999997e+00   5.9453695898662062e-01   1.6819812206536076e+00   1.3490357847497301e+00   5.4884425075755976e+00   9.9999977748534608e-01
 -1.5374999999999999e+00   5.9451996535143625e-01   1.6820292980554050e+00   1.3490923250990536e+00   5.4886306257190647e+00   9.9999973616775051e-01
 -1.5312500000000000e+00   5.9450145949519806e-01   1.6820816568711507e+00   1.3491538968325225e+00   5.4888354840251905e+00   9.9999968717360499e-01
 -1.5249999999999999e+00   5.9448130654696152e-01   1.6821386795297055e+00   1.3492209486858093e+00   5.4890585755042354e+00   9.9999962907534545e-01
 -1.5187499999999998e+00   5.9445935955027673e-01   1.6822007828365675e+00   1.3492939696048594e+00   5.4893015269520111e+00   9.9999956017955050e-01
 -1.5124999999999997e+00   5.9443545837111489e-01   1.6822684211002856e+00   1.3493734923793801e+00   5.4895661110390419e+00   9.9999947847732118e-01
 -1.5062499999999999e+00   5.9440942850274203e-01   1.6823420895575296e+00   1.3494600976192055e+00   5.4898542595405164e+00   9.9999938158536394e-01
 -1.5000000000000000e+00   5.9438107976173116e-01   1.6824223281145976e+00   1.3495544180928565e+00   5.4901680777713260e+00   9.9999926667603034e-01
 -1.4937499999999999e+00   5.9435020486234036e-01   1.6825097254431227e+00   1.3496571434707962e+00   5.4905098603675802e+00   9.9999913039423283e-01
 -1.4874999999999998e+00   5.9431657785812653e-01   1.6826049234633953e+00   1.3497690255104144e+00   5.4908821085378170e+00   9.9999896875875072e-01
 -1.4812499999999997e+00   5.9427995243684006e-01   1.6827086222570831e+00   1.3498908837291648e+00   5.4912875489383746e+00   9.9999877704498363e-01
 -1.4749999999999999e+00   5.9424006005703012e-01   1.6828215854448259e+00   1.3500236116043565e+00   5.4917291543010238e+00   9.9999854964563162e-01
 -1.4687500000000000e+00   5.9419660790721829e-01   1.6829446460861428e+00   1.3501681833632866e+00   5.4922101660247398e+00   9.9999827990511658e-01
 -1.4624999999999999e+00   5.9414927667166717e-01   1.6830787131507525e+00   1.3503256614168602e+00   5.4927341189084666e+00   9.9999795992274887e-01
 -1.4562499999999998e+00   5.9409771808330558e-01   1.6832247786209775e+00   1.3504972045013721e+00   5.4933048682400321e+00   9.9999758031868802e-01
 -1.4499999999999997e+00   5.9404155224202815e-01   1.6833839252924410e+00   1.3506840766009214e+00   5.4939266194823482e+00   9.9999712995558498e-01
 -1.4437499999999999e+00   5.9398036467365978e-01   1.6835573353496500e+00   1.3508876567326751e+00   5.4946039608304353e+00   9.9999659560743037e-01
 -1.4375000000000000e+00   5.9391370310345670e-01   1.6837462997983819e+00   1.3511094496819087e+00   5.4953418989285012e+00   9.9999596156546233e-01
 -1.4312499999999999e+00   5.9384107391342811e-01   1.6839522288513558e+00   1.3513510977890235e+00   5.4961458980870939e+00   9.9999520916902429e-01
 -1.4249999999999998e+00   5.9376193825051193e-01   1.6841766633719348e+00   1.3516143938982250e+00   5.4970219233652804e+00   9.9999431624687107e-01
 -1.4187499999999997e+00   5.9367570774783018e-01   1.6844212874965068e+00   1.3519012955935408e+00   5.4979764879359969e+00   9.9999325645157500e-01
 -1.4124999999999999e+00   5.9358173981652562e-01   1.6846879425723189e+00   1.3522139408635805e+00   5.4990167052050287e+00   9.9999199846623188e-01
 -1.4062500000000000e+00   5.9347933246122653e-01   1.6849786425634838e+00   1.3525546653512546e+00   5.5001503462033901e+00   9.9999050505853671e-01
 -1.3999999999999999e+00   5.9336771856544934e-01   1.6852955911009819e+00   1.3529260213670888e+00   5.5013859028474439e+00   9.9998873195229243e-01
 -1.3937499999999998e+00   5.9324605958683574e-01   1.6856412003755181e+00   1.3533307988661074e+00   5.5027326577321123e+00   9.9998662648039094e-01
 -1.3874999999999997e+00   5.9311343859396670e-01   1.6860181121011144e+00   1.3537720486153872e+00   5.5042007612127719e+00   9.9998412597600006e-01
 -1.3812499999999999e+00   5.9296885256775989e-01   1.6864292208092460e+00   1.3542531078084525e+00   5.5058013166281459e+00   9.9998115584986014e-01
 -1.3750000000000000e+00   5.9281120387936093e-01   1.6868776997735411e+00   1.3547776284195976e+00   5.5075464746393541e+00   9.9997762729086770e-01
 -1.3687499999999999e+00   5.9263929084533462e-01   1.6873670299071974e+00   1.3553496086281680e+00   5.5094495377831647e+00   9.9997343451409337e-01
 -1.3624999999999998e+00   5.9245179724591868e-01   1.6879010320309884e+00   1.3559734276928883e+00   5.5115250765040642e+00   9.9996845146452329e-01
 -1.3562499999999997e+00   5.9224728067628740e-01   1.6884839029705625e+00   1.3566538847089391e+00   5.5137890581048099e+00   9.9996252786545747e-01
 -1.3499999999999999e+00   5.9202415958215504e-01   1.6891202560141978e+00   1.3573962417424303e+00   5.5162589902612336e+00   9.9995548447684957e-01
 -1.3437500000000000e+00   5.9178069880808992e-01   1.6898151663515011e+00   1.3582062719133083e+00   5.5189540810012181e+00   9.9994710739990733e-01
 -1.3374999999999999e+00   5.9151499346204073e-01   1.6905742222139852e+00   1.3590903130804732e+00   5.5218954173230603e+00   9.9993714122870681e-01
 -1.3312499999999998e+00   5.9122495086866700e-01   1.6914035825631741e+00   1.3600553278857310e+00   5.5251061649706203e+00   9.9992528080581100e-01
 -1.3249999999999997e+00   5.9090827034901683e-01   1.6923100423173216e+00   1.3611089710298101e+00   5.5286117922706239e+00   9.9991116128491642e-01
 -1.3187499999999999e+00   5.9056242052220675e-01   1.6933011062839838e+00   1.3622596647930447e+00   5.5324403214012010e+00   9.9989434613679240e-01
 -1.3125000000000000e+00   5.9018461377624087e-01   1.6943850731749746e+00   1.3635166839747537e+00   5.5366226109978154e+00   9.9987431265202309e-01
 -1.3062499999999999e+00   5.8977177749682119e-01   1.6955711313354425e+00   1.3648902516192625e+00   5.5411926746479709e+00   9.9985043439116694e-01
 -1.2999999999999998e+00   5.8932052157588477e-01   1.6968694681222525e+00   1.3663916471198287e+00   5.5461880405690271e+00   9.9982195990468381e-01
 -1.2937499999999997e+00   5.8882710164065288e-01   1.6982913952392702e+00   1.3680333285610595e+00   5.5516501586596059e+00   9.9978798688457626e-01
 -1.2874999999999999e+00   5.8828737734987846e-01   1.6998494927849850e+00   1.3698290714734929e+00   5.5576248621566950e+00   9.9974743070861261e-01
 -1.2812500000000000e+00   5.8769676499236123e-01   1.7015577753146178e+00   1.3717941265453799e+00   5.5641628923661912e+00   9.9969898608509111e-01
 -1.2749999999999999e+00   5.8705018349100191e-01   1.7034318838865121e+00   1.3739453992752220e+00   5.5713204963935761e+00   9.9964108018713782e-01
 -1.2687499999999998e+00   5.8634199276167587e-01   1.7054893088758514e+00   1.3763016550609555e+00   5.5791601095061143e+00   9.9957181526212380e-01
 -1.2624999999999997e+00   5.8556592319366174e-01   1.7077496493409747e+00   1.3788837538290446e+00   5.5877511357787046e+00   9.9948889819002718e-01
 -1.2562499999999999e+00   5.8471499480772138e-01   1.7102349159505335e+00   1.3817149190075622e+00   5.5971708430072891e+00   9.9938955381383732e-01
 -1.2500000000000000e+00   5.8378142440119873e-01   1.7129698859906832e+00   1.3848210464682418e+00   5.6075053906049641e+00   9.9927041803543359e-01
 -1.2437499999999999e+00   5.8275651870791190e-01   1.7159825208256796e+00   1.3882310599993939e+00   5.6188510123131907e+00   9.9912740561047053e-01
 -1.2374999999999998e+00   5.8163055128105723e-01   1.7193044584701966e+00   1.3919773209347757e+00   5.6313153790979138e+00   9.9895554621937588e-01
 -1.2312499999999997e+00   5.8039262045361140e-01   1.7229715967415995e+00   1.3960961007404402e+00   5.6450191715162283e+00   9.9874878065381767e-01
 -1.2249999999999999e+00   5.7903048535227830e-01   1.7270247859084771e+00   1.4006281266207015e+00   5.6600978950284970e+00   9.9849970673105681e-01
 -1.2187500000000000e+00   5.7753037655797856e-01   1.7315106539674965e+00   1.4056192114788189e+00   5.6767039759711508e+00   9.9819926169727791e-01
 -1.2124999999999999e+00   5.7587677765819989e-01   1.7364825927978813e+00   1.4111209807247873e+00   5.6950091797542060e+00   9.9783632423909618e-01
 -1.2062499999999998e+00   5.7405217369345296e-01   1.7420019395902602e+00   1.4171917092313557e+00   5.7152073955382940e+00   9.9739721459246911e-01
 -1.1999999999999997e+00   5.7203676248179425e-01   1.7481393952050874e+00   1.4238972818002342e+00   5.7375178318484563e+00   9.9686506539835196e-01
 -1.1937499999999999e+00   5.6980812520969348e-01   1.7549767294595753e+00   1.4313122891552246e+00   5.7621886631061301e+00   9.9621902868115830e-01
 -1.1875000000000000e+00   5.6734085382698041e-01   1.7626088325114091e+00   1.4395212676545968e+00   5.7895011543364436e+00   9.9543327544796667e-01
 -1.1812499999999999e+00   5.6460613519232294e-01   1.7711461807962252e+00   1.4486200829008749e+00   5.8197742646435566e+00   9.9447573391611666e-01
 -1.1749999999999998e+00   5.6157129639088066e-01   1.7807177938523977e+00   1.4587174425365650e+00   5.8533696805068338e+00   9.9330650064971637e-01
 -1.1687499999999997e+00   5.5819932342904632e-01   1.7914747618412543e+00   1.4699364976182658e+00   5.8906971437904563e+00   9.9187584708601628e-01
 -1.1624999999999999e+00   5.5444837846870121e-01   1.8035944171427500e+00   1.4824164488500360e+00   5.9322197959205027e+00   9.9012173473983922e-01
 -1.1562500000000000e+00   5.5027136160717161e-01   1.8172851973966277e+00   1.4963140046065926e+00   5.9784590289447799e+00   9.8796675122669331e-01
 -1.1499999999999999e+00   5.4561559568789630e-01   1.8327921853832441e+00   1.5118044296150543e+00   6.0299979746527992e+00   9.8531439636710283e-01
 -1.1437499999999998e+00   5.4042276150473589e-01   1.8504031866008603e+00   1.5290817605398326e+00   6.0874822218587479e+00   9.8204470110363895e-01
 -1.1374999999999997e+00   5.3462928116254282e-01   1.8704549773733230e+00   1.5483575304850510e+00   6.1516155726315125e+00   9.7800928179791147e-01
 -1.1312499999999999e+00   5.2816744260737736e-01   1.8933389666416218e+00   1.5698570275154253e+00   6.2231475938377034e+00   9.7302616472151637e-01
 -1.1250000000000000e+00   5.2096767481030126e-01   1.9195048912854864e+00   1.5938117247817143e+00   6.3028484310442288e+00   9.6687512267988074e-01
 -1.1187499999999999e+00   5.1296249985459930e-01   1.9494602437477455e+00   1.6204461313392973e+00   6.3914650592378859e+00   9.5929491401683076e-01
 -1.1124999999999998e+00   5.0409274992202147e-01   1.9837619171366596e+00   1.6499571073111716e+00   6.4896524612991122e+00   9.4998472982111237e-01
 -1.1062499999999997e+00   4.9431653332257891e-01   2.0229952522090220e+00   1.6824840325745698e+00   6.5978743747897584e+00   9.3861322146081461e-01
 -1.0999999999999999e+00   4.8362099057447477e-01   2.0677348987936575e+00   1.7180696925362058e+00   6.7162731531153970e+00   9.2483926327608501e-01
 -1.0937500000000000e+00   4.7203590975328236e-01   2.1184828936482121e+00   1.7566149778424702e+00   6.8445190447300241e+00   9.0834816900770565e-01
 -1.0874999999999999e+00   4.5964672973511128e-01   2.1755838458293559e+00   1.7978356206572801e+00   6.9816662483039504e+00   8.8890405659576144e-01
 -1.0812499999999998e+00   4.4660275349109835e-01   2.2391263649473490e+00   1.8412348678109021e+00   7.1260619922294790e+00   8.6641243706595217e-01
 -1.0750000000000000e+00   4.3311559114019976e-01   2.3088524644597692e+00   1.8861086609946589e+00   7.2753637698984059e+00   8.4097800503983688e-01
 -1.0687499999999999e+00   4.1944435711643402e-01   2.3841064566340298e+00   1.9315948879850480e+00   7.4267032058428502e+00   8.1293587098180220e-01
 -1.0625000000000000e+00   4.0586847095735296e-01   2.4638523845945057e+00   1.9767638784619990e+00   7.5769871487692679e+00   7.8283716980337725e-01
 -1.0562499999999999e+00   3.9265436291456163e-01   2.5467691039449671e+00   2.0207291793898499e+00   7.7232662377109511e+00   7.5138520756354565e-01
 -1.0499999999999998e+00   3.8002553442717185e-01   2.6314021280368469e+00   2.0627471682708469e+00   7.8630663301238410e+00   7.1933925160305445e-01
 -1.0437500000000000e+00   3.6814389518238000e-01   2.7163291666281628e+00   2.1022791475177103e+00   7.9945950990905850e+00   6.8741619890643513e-01
 -1.0374999999999999e+00   3.5710514772405766e-01   2.8002956730624340e+00   2.1390067005466449e+00   8.1167931253237349e+00   6.5621733555540795e-01
 -1.0312500000000000e+00   3.4694570764687682e-01   2.8822953504235462e+00   2.1728086672632250e+00   8.2292572911860962e+00   6.2619244268736851e-01
 -1.0249999999999999e+00   3.3765598557833809e-01   2.9615941748735692e+00   2.2037169529346299e+00   8.3320937502423398e+00   5.9763784170985390e-01
 -1.0187499999999998e+00   3.2919509449028667e-01   3.0377123375679775e+00   2.2318675947788877e+00   8.4257551185304642e+00   5.7071648761615046e-01
 -1.0125000000000000e+00   3.2150380699929038e-01   3.1103830755018311e+00   2.2574576511012090e+00   8.5108970383125762e+00   5.4548752777239917e-01
 -1.0062499999999999e+00   3.1451444527780403e-01   3.1795042008856571e+00   2.2807122960900079e+00   8.5882686975719125e+00   5.2193629830775190e-01
 -1.0000000000000000e+00   3.0815764529808293e-01   3.2450922936949800e+00   2.3018623141723151e+00   8.6586379503891973e+00   4.9999999999974959e-01
 -9.9374999999999991e-01   3.0236653786094242e-01   3.3072442707264695e+00   2.3211301891098364e+00   8.7227450332982439e+00   4.7958749422730157e-01
 -9.8749999999999982e-01   2.9707904124505996e-01   3.3661075376068075e+00   2.3387224760140652e+00   8.7812771858467809e+00   4.6059346677307828e-01
 -9.8124999999999996e-01   2.9223888915157858e-01   3.4218580658555666e+00   2.3548263812218453e+00   8.8348572713342666e+00   4.4290796202397598e-01
 -9.7499999999999987e-01   2.8779587238259735e-01   3.4746849971169662e+00   2.3696089581951214e+00   8.8840411014508778e+00   4.2642243603778451e-01
 -9.6875000000000000e-01   2.8370562843514086e-01   3.5247802643739732e+00   2.3832178075730668e+00   8.9293197654549576e+00   4.1103334470520730e-01
 -9.6249999999999991e-01   2.7992919745782435e-01   3.5723318934984101e+00   2.3957825545702396e+00   8.9711245456962061e+00   3.9664406449209200e-01
 -9.5624999999999982e-01   2.7643247972608292e-01   3.6175199129671753e+00   2.4074166540371067e+00   9.0098329233202570e+00   3.8316572912140856e-01
 -9.4999999999999996e-01   2.7318567378184627e-01   3.6605140604794482e+00   2.4182192598528331e+00   9.0457747980162537e+00   3.7051738947948304e-01
 -9.4374999999999987e-01   2.7016273851315342e-01   3.7014726956926851e+00   2.4282770146663335e+00   9.0792384427512687e+00   3.5862577150726427e-01
 -9.3750000000000000e-01   2.6734090039010699e-01   3.7405425003835484e+00   2.4376656893954687e+00   9.1104759586277435e+00   3.4742481225719857e-01
 -9.3124999999999991e-01   2.6470021404026228e-01   3.7778586754293095e+00   2.4464516452580232e+00   9.1397081392777828e+00   3.3685508914092033e-01
 -9.2499999999999982e-01   2.6222317700545184e-01   3.8135454364478591e+00   2.4546931155329905e+00   9.1671287354734190e+00   3.2686321364519744e-01
 -9.1874999999999996e-01   2.5989439566467182e-01   3.8477166752385372e+00   2.4624413170847714e+00   9.1929081533327661e+00   3.1740123201778475e-01
 -9.1249999999999987e-01   2.5770029752002549e-01   3.8804766995749844e+00   2.4697414076305906e+00   9.2171966392909681e+00   3.0842605684667690e-01
 -9.0625000000000000e-01   2.5562888444267462e-01   3.9119209950793037e+00   2.4766333067278814e+00   9.2401270116472070e+00   2.9989894169257386e-01
 -8.9999999999999991e-01   2.5366952152509209e-01   3.9421369740750802e+00   2.4831523982942159e+00   9.2618169979529004e+00   2.9178500365663218e-01
 -8.9374999999999982e-01   2.5181275656352214e-01   3.9712046905286171e+00   2.4893301312159806e+00   9.2823712333260140e+00   2.8405279440224618e-01
 -8.8749999999999996e-01   2.5005016571377325e-01   3.9991975096096408e+00   2.4951945328744913e+00   9.3018829690287390e+00   2.7667391765492089e-01
 -8.8124999999999987e-01   2.4837422141951793e-01   4.0261827265517391e+00   2.5007706485681607e+00   9.3204355344903504e+00   2.6962268988987564e-01
 -8.7500000000000000e-01   2.4677817924944470e-01   4.0522221334212647e+00   2.5060809180221089e+00   9.3381035900106149e+00   2.6287584033397920e-01
 -8.6874999999999991e-01   2.4525598077095426e-01   4.0773725348369991e+00   2.5111454985418105e+00   9.3549542019399965e+00   2.5641224626683257e-01
 -8.6249999999999982e-01   2.4380217002316024e-01   4.1016862151186100e+00   2.5159825429198284e+00   9.3710477673166590e+00   2.5021269971969579e-01
 -8.5624999999999996e-01   2.4241182152933513e-01   4.1252113601191942e+00   2.5206084389491070e+00   9.3864388107627672e+00   2.4425970192318552e-01
 -8.4999999999999987e-01   2.4108047811189215e-01   4.1479924373464705e+00   2.5250380163217638e+00   9.4011766728675283e+00   2.3853728217231762e-01
 -8.4375000000000000e-01   2.3980409704690395e-01   4.1700705380542651e+00   2.5292847257810096e+00   9.4153061062522312e+00   2.3303083811624370e-01
 -8.3749999999999991e-01   2.3857900332612225e-01   4.1914836848952035e+00   2.5333607946253514e+00   9.4288677929558506e+00   2.2772699481396330e-01
 -8.3124999999999982e-01   2.3740184898846986e-01   4.2122671085370023e+00   2.5372773620187630e+00   9.4418987946320847e+00   2.2261348021203359e-01
 -8.2499999999999996e-01   2.3626957764560197e-01   4.2324534964038962e+00   2.5410445970194124e+00   9.4544329452484668e+00   2.1767901498874292e-01
 -8.1874999999999987e-01   2.3517939346228398e-01   4.2520732164417767e+00   2.5446718017865555e+00   9.4665011944710376e+00   2.1291321496868959e-01
 -8.1250000000000000e-01   2.3412873396631118e-01   4.2711545185388911e+00   2.5481675020459726e+00   9.4781319086562963e+00   2.0830650454216856e-01
 -8.0624999999999991e-01   2.3311524615813020e-01   4.2897237159755095e+00   2.5515395265768066e+00   9.4893511353157223e+00   2.0385003972665189e-01
 -7.9999999999999982e-01   2.3213676547030784e-01   4.3078053490320904e+00   2.5547950772165389e+00   9.5001828360327263e+00   1.9953563968512453e-01
 -7.9374999999999996e-01   2.3119129719411100e-01   4.3254223326598149e+00   2.5579407906575158e+00   9.5106490920688866e+00   1.9535572567063123e-01
 -7.8749999999999987e-01   2.3027700004685814e-01   4.3425960899113418e+00   2.5609827931208131e+00   9.5207702862720094e+00   1.9130326650063437e-01
 -7.8125000000000000e-01   2.2939217160118139e-01   4.3593466726431647e+00   2.5639267488352453e+00   9.5305652643730010e+00   1.8737172978112981e-01
 -7.7499999999999991e-01   2.2853523533737044e-01   4.3756928708335527e+00   2.5667779031161420e+00   9.5400514783153589e+00   1.8355503820118682e-01
 -7.6874999999999982e-01   2.2770472911380163e-01   4.3916523117103239e+00   2.5695411207259431e+00   9.5492451138865704e+00   1.7984753030572107e-01
 -7.6249999999999996e-01   2.2689929487909438e-01   4.4072415497494619e+00   2.5722209201033834e+00   9.5581612046036959e+00   1.7624392522968191e-01
 -7.5624999999999987e-01   2.2611766947393816e-01   4.4224761484871831e+00   2.5748215039671800e+00   9.5668137335363852e+00   1.7273929094205973e-01
 -7.5000000000000000e-01   2.2535867639119381e-01   4.4373707549831716e+00   2.5773467867314004e+00   9.5752157245218790e+00   1.6932901560458405e-01
 -7.4374999999999991e-01   2.2462121838047996e-01   4.4519391676797264e+00   2.5798004191111037e+00   9.5833793240316325e+00   1.6600878169889985e-01
 -7.3749999999999982e-01   2.2390427079848471e-01   4.4661943983194785e+00   2.5821858102468385e+00   9.5913158747828149e+00   1.6277454261843105e-01
 -7.3124999999999996e-01   2.2320687561910926e-01   4.4801487285116037e+00   2.5845061476337876e+00   9.5990359820455211e+00   1.5962250145796375e-01
 -7.2499999999999987e-01   2.2252813602858071e-01   4.4938137614722287e+00   2.5867644151046303e+00   9.6065495734744442e+00   1.5654909176599097e-01
 -7.1875000000000000e-01   2.2186721154015332e-01   4.5072004694078958e+00   2.5889634090836560e+00   9.6138659531887107e+00   1.5355096005271082e-01
 -7.1249999999999991e-01   2.2122331357118044e-01   4.5203192369607175e+00   2.5911057533025055e+00   9.6209938507333455e+00   1.5062494987084191e-01
 -7.0624999999999982e-01   2.2059570143238796e-01   4.5331799010893130e+00   2.5931939121444514e+00   9.6279414654776794e+00   1.4776808730759755e-01
 -6.9999999999999996e-01   2.1998367868527038e-01   4.5457917877202849e+00   2.5952302027638847e+00   9.6347165069386715e+00   1.4497756774466722e-01
 -6.9374999999999987e-01   2.1938658982881395e-01   4.5581637454700124e+00   2.5972168061100782e+00   9.6413262314586188e+00   1.4225074375924804e-01
 -6.8750000000000000e-01   2.1880381728133111e-01   4.5703041767056156e+00   2.5991557769690727e+00   9.6477774756159960e+00   1.3958511405336044e-01
 -6.8124999999999991e-01   2.1823477862718299e-01   4.5822210661863840e+00   2.6010490531242381e+00   9.6540766867040126e+00   1.3697831331114291e-01
 -6.7500000000000004e-01   2.1767892410163744e-01   4.5939220075025986e+00   2.6028984637245283e+00   9.6602299505730223e+00   1.3442810289476342e-01
 -6.6874999999999996e-01   2.1713573429014857e-01   4.6054142275068628e+00   2.6047057369393163e+00   9.6662430170993208e+00   1.3193236229922684e-01
 -6.6249999999999987e-01   2.1660471802099682e-01   4.6167046089137536e+00   2.6064725069698955e+00   9.6721213235134353e+00   1.2948908129485220e-01
 -6.5625000000000000e-01   2.1608541043255580e-01   4.6277997112263085e+00   2.6082003204799706e+00   9.6778700157953246e+00   1.2709635269369376e-01
 -6.4999999999999991e-01   2.1557737119849524e-01   4.6387057901324855e+00   2.6098906425006700e+00   9.6834939683212422e+00   1.2475236568281105e-01
 -6.4375000000000004e-01   2.1508018289602526e-01   4.6494288155009755e+00   2.6115448618596395e+00   9.6889978019271332e+00   1.2245539967316584e-01
 -6.3749999999999996e-01   2.1459344950387022e-01   4.6599744880934253e+00   2.6131642961785078e+00   9.6943859005359343e+00   1.2020381861812619e-01
 -6.3124999999999987e-01   2.1411679501805689e-01   4.6703482550991300e+00   2.6147501964783637e+00   9.6996624264807014e+00   1.1799606576018234e-01
 -6.2500000000000000e-01   2.1364986217483628e-01   4.6805553245883633e+00   2.6163037514287857e+00   9.7048313346417423e+00   1.1583065876858727e-01
 -6.1874999999999991e-01   2.1319231127114929e-01   4.6906006789717054e+00   2.6178260912723275e+00   9.7098963855039759e+00   1.1370618523429318e-01
 -6.1250000000000004e-01   2.1274381907401918e-01   4.7004890875446472e+00   2.6193182914531317e+00   9.7148611572298620e+00   1.1162129849181730e-01
 -6.0624999999999996e-01   2.1230407781110774e-01   4.7102251181897934e+00   2.6207813759754988e+00   9.7197290568338630e+00   1.0957471374058052e-01
 -5.9999999999999987e-01   2.1187279423544556e-01   4.7198131483022827e+00   2.6222163205156694e+00   9.7245033305358106e+00   1.0756520444086741e-01
 -5.9375000000000000e-01   2.1144968875801784e-01   4.7292573749985314e+00   2.6236240553078396e+00   9.7291870733630930e+00   1.0559159896188239e-01
 -5.8749999999999991e-01   2.1103449464250490e-01   4.7385618246628951e+00   2.6250054678233790e+00   9.7337832380648273e+00   1.0365277746146646e-01
 -5.8125000000000004e-01   2.1062695725701180e-01   4.7477303618822981e+00   2.6263614052604369e+00   9.7382946433951414e+00   1.0174766897891042e-01
 -5.7499999999999996e-01   2.1022683337811107e-01   4.7567666978145162e+00   2.6276926768594979e+00   9.7427239818173703e+00   9.9875248723983068e-02
 -5.6874999999999987e-01   2.0983389054295340e-01   4.7656743980319902e+00   2.6290000560590023e+00   9.7470738266761288e+00   9.8034535546806217e-02
 -5.6250000000000000e-01   2.0944790644559660e-01   4.7744568898794251e+00   2.6302842825038524e+00   9.7513466388799106e+00   9.6224589574570876e-02
 -5.5624999999999991e-01   2.0906866837404567e-01   4.7831174693804224e+00   2.6315460639184618e+00   9.7555447731329998e+00   9.4444510002316309e-02
 -5.5000000000000004e-01   2.0869597268481807e-01   4.7916593077253316e+00   2.6327860778549561e+00   9.7596704837519965e+00   9.2693433026104180e-02
 -5.4374999999999996e-01   2.0832962431212734e-01   4.8000854573700096e+00   2.6340049733261917e+00   9.7637259300991079e+00   9.0970529907918901e-02
 -5.3749999999999987e-01   2.0796943630903350e-01   4.8083988577727528e+00   2.6352033723324162e+00   9.7677131816615805e+00   8.9275005162534171e-02
 -5.3125000000000000e-01   2.0761522941814278e-01   4.8166023407944341e+00   2.6363818712896139e+00   9.7716342228040141e+00   8.7606094857403699e-02
 -5.2499999999999991e-01   2.0726683166964083e-01   4.8246986357850226e+00   2.6375410423669101e+00   9.7754909572181088e+00   8.5963065017378867e-02
 -5.1875000000000004e-01   2.0692407800463714e-01   4.8326903743777470e+00   2.6386814347397598e+00   9.7792852120922031e+00   8.4345210126730685e-02
 -5.1249999999999996e-01   2.0658680992196585e-01   4.8405800950105702e+00   2.6398035757650931e+00   9.7830187420211630e+00   8.2751851721565836e-02
 -5.0624999999999987e-01   2.0625487514674268e-01   4.8483702471931256e+00   2.6409079720840767e+00   9.7866932326754288e+00   8.1182337066284360e-02
 -5.0000000000000000e-01   2.0592812731911844e-01   4.8560631955358904e+00   2.6419951106576751e+00   9.7903103042464927e+00   7.9636037908233426e-02
 -4.9374999999999991e-01   2.0560642570179491e-01   4.8636612235571297e+00   2.6430654597397929e+00   9.7938715146846675e+00   7.8112349305173204e-02
 -4.8750000000000004e-01   2.0528963490498839e-01   4.8711665372819111e+00   2.6441194697923573e+00   9.7973783627437179e+00   7.6610688520593731e-02
 -4.8124999999999996e-01   2.0497762462762442e-01   4.8785812686465881e+00   2.6451575743464040e+00   9.8008322908458236e+00   7.5130493982302884e-02
 -4.7499999999999987e-01   2.0467026941365168e-01   4.8859074787209869e+00   2.6461801908128577e+00   9.8042346877791466e+00   7.3671224300060553e-02
 -4.6875000000000000e-01   2.0436744842244248e-01   4.8931471607598036e+00   2.6471877212464419e+00   9.8075868912394988e+00   7.2232357338353370e-02
 -4.6249999999999991e-01   2.0406904521233163e-01   4.9003022430938064e+00   2.6481805530658789e+00   9.8108901902265302e+00   7.0813389340697724e-02
 -4.5625000000000004e-01   2.0377494753641798e-01   4.9073745918706875e+00   2.6491590597332872e+00   9.8141458273042055e+00   6.9413834102129424e-02
 -4.4999999999999996e-01   2.0348504714981602e-01   4.9143660136547984e+00   2.6501236013954852e+00   9.8173550007345014e+00   6.8033222186784245e-02
 -4.4374999999999987e-01   2.0319923962761094e-01   4.9212782578942234e+00   2.6510745254896801e+00   9.8205188664926339e+00   6.6671100187700130e-02
 -4.3750000000000000e-01   2.0291742419282199e-01   4.9281130192632023e+00   2.6520121673158621e+00   9.8236385401714870e+00   6.5327030026179914e-02
 -4.3124999999999991e-01   2.0263950355373286e-01   4.9348719398872554e+00   2.6529368505780275e+00   9.8267150987823602e+00   6.4000588288244717e-02
 -4.2500000000000004e-01   2.0236538374999311e-01   4.9415566114579317e+00   2.6538488878962236e+00   9.8297495824586001e+00   6.2691365595883147e-02
 -4.1874999999999996e-01   2.0209497400693893e-01   4.9481685772436128e+00   2.6547485812912450e+00   9.8327429960682675e+00   6.1398966010963854e-02
 -4.1249999999999987e-01   2.0182818659762014e-01   4.9547093340023673e+00   2.6556362226436905e+00   9.8356963107414863e+00   6.0123006469828037e-02
 -4.0625000000000000e-01   2.0156493671205797e-01   4.9611803338024627e+00   2.6565120941289608e+00   9.8386104653177426e+00   5.8863116246715023e-02
 -3.9999999999999991e-01   2.0130514233329014e-01   4.9675829857557918e+00   2.6573764686296766e+00   9.8414863677180602e+00   5.7618936444301889e-02
 -3.9375000000000004e-01   2.0104872411979186e-01   4.9739186576690981e+00   2.6582296101268801e+00   9.8443248962465937e+00   5.6390119509754026e-02
 -3.8749999999999996e-01   2.0079560529388973e-01   4.9801886776175888e+00   2.6590717740712986e+00   9.8471269008258702e+00   5.5176328774792373e-02
 -3.8124999999999987e-01   2.0054571153581097e-01   4.9863943354452251e+00   2.6599032077358600e+00   9.8498932041696587e+00   5.3977238018382417e-02
 -3.7500000000000000e-01   2.0029897088303603e-01   4.9925368841957107e+00   2.6607241505505588e+00   9.8526246028971336e+00   5.2792531050742872e-02
 -3.6874999999999991e-01   2.0005531363464263e-01   4.9986175414779623e+00   2.6615348344207206e+00   9.8553218685917692e+00   5.1621901317457197e-02
 -3.6250000000000004e-01   1.9981467226035426e-01   5.0046374907695528e+00   2.6623354840296098e+00   9.8579857488081704e+00   5.0465051522550666e-02
 -3.5624999999999996e-01   1.9957698131401991e-01   5.0105978826614903e+00   2.6631263171262951e+00   9.8606169680298450e+00   4.9321693269468961e-02
 -3.4999999999999987e-01   1.9934217735127396e-01   5.0164998360474122e+00   2.6639075447996081e+00   9.8632162285807006e+00   4.8191546718962475e-02
 -3.4375000000000000e-01   1.9911019885113973e-01   5.0223444392601282e+00   2.6646793717389796e+00   9.8657842114928886e+00   4.7074340262943902e-02
 -3.3749999999999991e-01   1.9888098614135538e-01   5.0281327511582550e+00   2.6654419964828917e+00   9.8683215773334378e+00   4.5969810213445275e-02
 -3.3125000000000004e-01   1.9865448132721511e-01   5.0338658021655354e+00   2.6661956116556325e+00   9.8708289669919793e+00   4.4877700505855198e-02
 -3.2499999999999996e-01   1.9843062822373295e-01   5.0395445952652418e+00   2.6669404041929989e+00   9.8733070024316856e+00   4.3797762415668164e-02
 -3.1874999999999987e-01   1.9820937229094607e-01   5.0451701069519945e+00   2.6676765555575517e+00   9.8757562874054567e+00   4.2729754288024530e-02
 -3.1250000000000000e-01   1.9799066057218864e-01   5.0507432881430976e+00   2.6684042419439864e+00   9.8781774081392300e+00   4.1673441279364266e-02
 -3.0624999999999991e-01   1.9777444163517607e-01   5.0562650650514618e+00   2.6691236344751563e+00   9.8805709339841599e+00   4.0628595110557983e-02
 -3.0000000000000004e-01   1.9756066551574941e-01   5.0617363400220006e+00   2.6698348993892429e+00   9.8829374180393810e+00   3.9594993830917809e-02
 -2.9374999999999996e-01   1.9734928366414028e-01   5.0671579923332999e+00   2.6705381982185381e+00   9.8852773977468313e+00   3.8572421592525157e-02
 -2.8749999999999987e-01   1.9714024889362255e-01   5.0725308789662877e+00   2.6712336879602927e+00   9.8875913954596886e+00   3.7560668434346807e-02
 -2.8125000000000000e-01   1.9693351533142778e-01   5.0778558353414729e+00   2.6719215212400229e+00   9.8898799189857254e+00   3.6559530075640799e-02
 -2.7499999999999991e-01   1.9672903837180711e-01   5.0831336760262849e+00   2.6726018464676828e+00   9.8921434621069118e+00   3.5568807718183534e-02
 -2.6875000000000004e-01   1.9652677463112903e-01   5.0883651954139593e+00   2.6732748079870610e+00   9.8943825050764804e+00   3.4588307856875708e-02
 -2.6249999999999996e-01   1.9632668190491001e-01   5.0935511683752983e+00   2.6739405462187453e+00   9.8965975150945908e+00   3.3617842098310508e-02
 -2.5624999999999987e-01   1.9612871912668142e-01   5.0986923508845763e+00   2.6745991977969785e+00   9.8987889467636716e+00   3.2657226986911571e-02
 -2.5000000000000000e-01   1.9593284632859809e-01   5.1037894806208479e+00   2.6752508957007213e+00   9.9009572425244841e+00   3.1706283838269241e-02
 -2.4374999999999991e-01   1.9573902460370496e-01   5.1088432775457484e+00   2.6758957693791934e+00   9.9031028330738167e+00   3.0764838579325760e-02
 -2.3750000000000004e-01   1.9554721606977857e-01   5.1138544444588900e+00   2.6765339448721814e+00   9.9052261377647675e+00   2.9832721595078767e-02
 -2.3124999999999996e-01   1.9535738383466544e-01   5.1188236675319034e+00   2.6771655449253613e+00   9.9073275649904406e+00   2.8909767581490740e-02
 -2.2499999999999987e-01   1.9516949196304675e-01   5.1237516168220560e+00   2.6777906891008789e+00   9.9094075125518586e+00   2.7995815404309426e-02
 -2.1875000000000000e-01   1.9498350544455892e-01   5.1286389467663831e+00   2.6784094938834162e+00   9.9114663680108688e+00   2.7090707963520245e-02
 -2.1249999999999991e-01   1.9479939016320560e-01   5.1334862966572237e+00   2.6790220727819616e+00   9.9135045090287406e+00   2.6194292063166633e-02
 -2.0625000000000004e-01   1.9461711286799954e-01   5.1382942910999674e+00   2.6796285364274910e+00   9.9155223036911693e+00   2.5306418286288570e-02
 -1.9999999999999996e-01   1.9443664114477674e-01   5.1430635404537979e+00   2.6802289926667440e+00   9.9175201108202824e+00   2.4426940874742988e-02
 -1.9374999999999987e-01   1.9425794338912761e-01   5.1477946412561932e+00   2.6808235466522876e+00   9.9194982802742953e+00   2.3555717613681904e-02
 -1.8750000000000000e-01   1.9408098878039337e-01   5.1524881766318726e+00   2.6814123009290332e+00   9.9214571532353659e+00   2.2692609720476178e-02
 -1.8124999999999991e-01   1.9390574725667778e-01   5.1571447166868936e+00   2.6819953555173761e+00   9.9233970624862096e+00   2.1837481737883954e-02
 -1.7500000000000004e-01   1.9373218949082890e-01   5.1617648188884946e+00   2.6825728079931093e+00   9.9253183326759888e+00   2.0990201431272820e-02
 -1.6874999999999996e-01   1.9356028686734583e-01   5.1663490284313216e+00   2.6831447535642550e+00   9.9272212805759423e+00   2.0150639689715071e-02
 -1.6249999999999987e-01   1.9339001146016824e-01   5.1708978785906217e+00   2.6837112851449669e+00   9.9291062153252607e+00   1.9318670430784418e-02
 -1.5625000000000000e-01   1.9322133601131042e-01   5.1754118910629208e+00   2.6842724934266124e+00   9.9309734386676034e+00   1.8494170508891131e-02
 -1.4999999999999991e-01   1.9305423391030074e-01   5.1798915762947342e+00   2.6848284669461853e+00   9.9328232451787049e+00   1.7677019627001127e-02
 -1.4375000000000004e-01   1.9288867917439145e-01   5.1843374337998132e+00   2.6853792921521480e+00   9.9346559224854403e+00   1.6867100251591962e-02
 -1.3749999999999996e-01   1.9272464642950515e-01   5.1887499524653693e+00   2.6859250534678258e+00   9.9364717514767644e+00   1.6064297530706092e-02
 -1.3125000000000009e-01   1.9256211089188521e-01   5.1931296108477651e+00   2.6864658333524605e+00   9.9382710065068203e+00   1.5268499214968837e-02
 -1.2500000000000000e-01   1.9240104835041968e-01   5.1974768774580777e+00   2.6870017123600185e+00   9.9400539555906260e+00   1.4479595581444774e-02
 -1.1874999999999991e-01   1.9224143514961059e-01   5.2017922110379420e+00   2.6875327691958568e+00   9.9418208605925980e+00   1.3697479360212527e-02
 -1.1250000000000004e-01   1.9208324817315880e-01   5.2060760608260956e+00   2.6880590807713372e+00   9.9435719774082685e+00   1.2922045663543805e-02
 -1.0624999999999996e-01   1.9192646482814105e-01   5.2103288668159529e+00   2.6885807222564724e+00   9.9453075561394364e+00   1.2153191917577971e-02
 -1.0000000000000009e-01   1.9177106302975130e-01   5.2145510600046068e+00   2.6890977671306944e+00   9.9470278412630897e+00   1.1390817796388623e-02
 -9.3750000000000000e-02   1.9161702118658536e-01   5.2187430626335587e+00   2.6896102872318117e+00   9.9487330717942939e+00   1.0634825158343695e-02
 -8.7499999999999911e-02   1.9146431818644327e-01   5.2229052884215452e+00   2.6901183528032520e+00   9.9504234814433694e+00   9.8851179846650618e-03
 -8.1250000000000044e-02   1.9131293338263125e-01   5.2270381427897084e+00   2.6906220325396326e+00   9.9520992987675143e+00   9.1416023200982660e-03
 -7.4999999999999956e-02   1.9116284658073929e-01   5.2311420230794763e+00   2.6911213936307568e+00   9.9537607473171867e+00   8.4041862156069846e-03
 -6.8750000000000089e-02   1.9101403802587724e-01   5.2352173187633833e+00   2.6916165018040790e+00   9.9554080457773981e+00   7.6727796730108669e-03
 -6.2500000000000000e-02   1.9086648839035000e-01   5.2392644116491160e+00   2.6921074213657130e+00   9.9570414081041410e+00   6.9472945914892210e-03
 -5.6249999999999911e-02   1.9072017876175318e-01   5.2432836760770645e+00   2.6925942152400379e+00   9.9586610436561767e+00   6.2276447158764198e-03
 -5.0000000000000044e-02   1.9057509063147457e-01   5.2472754791115612e+00   2.6930769450079572e+00   9.9602671573223187e+00   5.5137455866783409e-03
 -4.3749999999999956e-02   1.9043120588358242e-01   5.2512401807261391e+00   2.6935556709438675e+00   9.9618599496444418e+00   4.8055144917424821e-03
 -3.7500000000000089e-02   1.9028850678408735e-01   5.2551781339829393e+00   2.6940304520513867e+00   9.9634396169363502e+00   4.1028704195172115e-03
 -3.1250000000000000e-02   1.9014697597056157e-01   5.2590896852065603e+00   2.6945013460978919e+00   9.9650063513986904e+00   3.4057340138386170e-03
 -2.4999999999999911e-02   1.9000659644210341e-01   5.2629751741524844e+00   2.6949684096479087e+00   9.9665603412300445e+00   2.7140275301861727e-03
 -1.8750000000000044e-02   1.8986735154963105e-01   5.2668349341703511e+00   2.6954316980954065e+00   9.9681017707343802e+00   2.0276747933509719e-03
 -1.2500000000000178e-02   1.8972922498649492e-01   5.2706692923622116e+00   2.6958912656950313e+00   9.9696308204249675e+00   1.3466011564628097e-03
 -6.2500000000000888e-03   1.8959220077939529e-01   5.2744785697359715e+00   2.6963471655923250e+00   9.9711476671249173e+00   6.7073346132470702e-04
  0.0000000000000000e+00   1.8945626327959297e-01   5.2782630813542157e+00   2.6967994498529677e+00   9.9726524840644863e+00   0.0000000000000000e+00
