# ZND solution.
# Columns are: spatial coordinate; specific volume; density;
# flow velocity in lab frame; pressure; reaction progress variable.
 -2.3149999999999999e+01   5.5721746169784858e-01   1.7946314836455186e+00   3.0151164610293830e+00   2.1531359046879963e+01   9.9999999999900002e-01
 -2.3099999999999998e+01   5.5721746169784858e-01   1.7946314836455186e+00   3.0151164610293830e+00   2.1531359046879963e+01   9.9999999999900002e-01
 -2.3049999999999997e+01   5.5721746169784858e-01   1.7946314836455186e+00   3.0151164610293830e+00   2.1531359046879963e+01   9.9999999999900002e-01
 -2.3000000000000000e+01   5.5721746169784858e-01   1.7946314836455186e+00   3.0151164610293830e+00   2.1531359046879963e+01   9.9999999999900002e-01
 -2.2949999999999999e+01   5.5721746169784858e-01   1.7946314836455186e+00   3.0151164610293830e+00   2.1531359046879963e+01   9.9999999999900002e-01
 -2.2899999999999999e+01   5.5721746169784858e-01   1.7946314836455186e+00   3.0151164610293830e+00   2.1531359046879963e+01   9.9999999999900002e-01
 -2.2849999999999998e+01   5.5721746169784858e-01   1.7946314836455186e+00   3.0151164610293830e+00   2.1531359046879963e+01   9.9999999999900002e-01
 -2.2799999999999997e+01   5.5721746169784858e-01   1.7946314836455186e+00   3.0151164610293830e+00   2.1531359046879963e+01   9.9999999999900002e-01
 -2.2750000000000000e+01   5.5721746169784858e-01   1.7946314836455186e+00   3.0151164610293830e+00   2.1531359046879963e+01   9.9999999999900002e-01
 -2.2699999999999999e+01   5.5721746169784858e-01   1.7946314836455186e+00   3.0151164610293830e+00   2.1531359046879963e+01   9.9999999999900002e-01
 -2.2649999999999999e+01   5.5721745562833702e-01   1.7946315031936080e+00   3.0151165023595681e+00   2.1531359328316810e+01   9.9999999999897204e-01
 -2.2599999999999998e+01   5.5721744189982447e-01   1.7946315474090599e+00   3.0151165958435260e+00   2.1531359964893451e+01   9.9999999999890843e-01
 -2.2549999999999997e+01   5.5721742780725148e-01   1.7946315927970447e+00   3.0151166918065440e+00   2.1531360618351187e+01   9.9999999999884071e-01
 -2.2500000000000000e+01   5.5721741324159735e-01   1.7946316397086854e+00   3.0151167909909962e+00   2.1531361293745199e+01   9.9999999999876887e-01
 -2.2449999999999999e+01   5.5721739817560734e-01   1.7946316882317617e+00   3.0151168935824733e+00   2.1531361992339257e+01   9.9999999999869249e-01
 -2.2399999999999999e+01   5.5721738281778255e-01   1.7946317376947538e+00   3.0151169981611914e+00   2.1531362704465387e+01   9.9999999999861167e-01
 -2.2349999999999998e+01   5.5721736684040402e-01   1.7946317891531476e+00   3.0151171069587450e+00   2.1531363445319567e+01   9.9999999999852551e-01
 -2.2299999999999997e+01   5.5721735045257559e-01   1.7946318419334815e+00   3.0151172185512469e+00   2.1531364205205879e+01   9.9999999999843425e-01
 -2.2250000000000000e+01   5.5721733350850522e-01   1.7946318965053090e+00   3.0151173339314643e+00   2.1531364990884541e+01   9.9999999999833711e-01
 -2.2199999999999999e+01   5.5721731608553271e-01   1.7946319526195418e+00   3.0151174525727535e+00   2.1531365798769389e+01   9.9999999999823397e-01
 -2.2149999999999999e+01   5.5721729813966347e-01   1.7946320104178737e+00   3.0151175747746950e+00   2.1531366630900408e+01   9.9999999999812450e-01
 -2.2099999999999998e+01   5.5721727957803535e-01   1.7946320701993868e+00   3.0151177011696308e+00   2.1531367491583516e+01   9.9999999999800826e-01
 -2.2049999999999997e+01   5.5721726053417531e-01   1.7946321315340301e+00   3.0151178308483124e+00   2.1531368374627213e+01   9.9999999999788469e-01
 -2.2000000000000000e+01   5.5721724086778068e-01   1.7946321948736776e+00   3.0151179647661279e+00   2.1531369286537178e+01   9.9999999999775369e-01
 -2.1949999999999999e+01   5.5721722063255696e-01   1.7946322600453606e+00   3.0151181025573703e+00   2.1531370224823149e+01   9.9999999999761446e-01
 -2.1899999999999999e+01   5.5721719970630312e-01   1.7946323274426523e+00   3.0151182450541647e+00   2.1531371195151454e+01   9.9999999999746647e-01
 -2.1849999999999998e+01   5.5721717819620264e-01   1.7946323967203472e+00   3.0151183915266486e+00   2.1531372192552116e+01   9.9999999999730937e-01
 -2.1799999999999997e+01   5.5721715606047784e-01   1.7946324680129995e+00   3.0151185422593048e+00   2.1531373218962315e+01   9.9999999999714262e-01
 -2.1750000000000000e+01   5.5721713319656263e-01   1.7946325416509443e+00   3.0151186979505553e+00   2.1531374279137935e+01   9.9999999999696554e-01
 -2.1699999999999999e+01   5.5721710964561055e-01   1.7946326175016394e+00   3.0151188583201662e+00   2.1531375371170732e+01   9.9999999999677747e-01
 -2.1649999999999999e+01   5.5721708540375636e-01   1.7946326955775336e+00   3.0151190233944574e+00   2.1531376495239929e+01   9.9999999999657785e-01
 -2.1599999999999998e+01   5.5721706038759011e-01   1.7946327761472667e+00   3.0151191937414068e+00   2.1531377655213159e+01   9.9999999999636580e-01
 -2.1549999999999997e+01   5.5721703462428673e-01   1.7946328591233169e+00   3.0151193691759675e+00   2.1531378849830350e+01   9.9999999999614042e-01
 -2.1500000000000000e+01   5.5721700812058317e-01   1.7946329444839872e+00   3.0151195496522645e+00   2.1531380078779115e+01   9.9999999999590128e-01
 -2.1449999999999999e+01   5.5721698073495751e-01   1.7946330326850790e+00   3.0151197361339874e+00   2.1531381348621679e+01   9.9999999999564726e-01
 -2.1399999999999999e+01   5.5721695252541359e-01   1.7946331235397794e+00   3.0151199282261612e+00   2.1531382656668463e+01   9.9999999999537736e-01
 -2.1349999999999998e+01   5.5721692345761265e-01   1.7946332171586847e+00   3.0151201261626142e+00   2.1531384004511718e+01   9.9999999999509093e-01
 -2.1299999999999997e+01   5.5721689353739046e-01   1.7946333135230004e+00   3.0151203299036080e+00   2.1531385391880846e+01   9.9999999999478661e-01
 -2.1250000000000000e+01   5.5721686263966030e-01   1.7946334130355952e+00   3.0151205403009178e+00   2.1531386824575986e+01   9.9999999999446343e-01
 -2.1199999999999999e+01   5.5721683081670514e-01   1.7946335155280819e+00   3.0151207569985234e+00   2.1531388300172836e+01   9.9999999999412015e-01
 -2.1149999999999999e+01   5.5721679805489177e-01   1.7946336210443703e+00   3.0151209800892604e+00   2.1531389819303548e+01   9.9999999999375555e-01
 -2.1099999999999998e+01   5.5721676426886835e-01   1.7946337298593547e+00   3.0151212101543297e+00   2.1531391385925804e+01   9.9999999999336830e-01
 -2.1049999999999997e+01   5.5721672945897305e-01   1.7946338419719474e+00   3.0151214471914289e+00   2.1531393000023915e+01   9.9999999999295741e-01
 -2.1000000000000000e+01   5.5721669358540116e-01   1.7946339575103489e+00   3.0151216914716064e+00   2.1531394663443585e+01   9.9999999999252076e-01
 -2.0949999999999999e+01   5.5721665660176689e-01   1.7946340766239561e+00   3.0151219433107257e+00   2.1531396378335678e+01   9.9999999999205724e-01
 -2.0899999999999999e+01   5.5721661848321846e-01   1.7946341993928108e+00   3.0151222028780142e+00   2.1531398145852545e+01   9.9999999999156464e-01
 -2.0849999999999998e+01   5.5721657924965340e-01   1.7946343257528299e+00   3.0151224700379800e+00   2.1531399965071554e+01   9.9999999999104194e-01
 -2.0799999999999997e+01   5.5721653879523647e-01   1.7946344560448801e+00   3.0151227455113059e+00   2.1531401840900177e+01   9.9999999999048672e-01
 -2.0750000000000000e+01   5.5721649711502574e-01   1.7946345902848795e+00   3.0151230293316433e+00   2.1531403773567565e+01   9.9999999998989708e-01
 -2.0699999999999999e+01   5.5721645413644305e-01   1.7946347287065836e+00   3.0151233219932116e+00   2.1531405766439089e+01   9.9999999998927080e-01
 -2.0649999999999999e+01   5.5721640987923915e-01   1.7946348712463829e+00   3.0151236233615188e+00   2.1531407818598932e+01   9.9999999998860589e-01
 -2.0599999999999998e+01   5.5721636426339660e-01   1.7946350181619921e+00   3.0151239339814415e+00   2.1531409933757416e+01   9.9999999998789946e-01
 -2.0549999999999997e+01   5.5721631718887554e-01   1.7946351697756140e+00   3.0151242545341983e+00   2.1531412116553280e+01   9.9999999998714850e-01
 -2.0500000000000000e+01   5.5721626872892493e-01   1.7946353258513363e+00   3.0151245845210024e+00   2.1531414363590052e+01   9.9999999998635203e-01
 -2.0449999999999999e+01   5.5721621880875727e-01   1.7946354866300311e+00   3.0151249244511176e+00   2.1531416678335546e+01   9.9999999998550615e-01
 -2.0399999999999999e+01   5.5721616734589763e-01   1.7946356523773292e+00   3.0151252748861550e+00   2.1531419064614042e+01   9.9999999998460798e-01
 -2.0349999999999998e+01   5.5721611432897167e-01   1.7946358231298667e+00   3.0151256359035670e+00   2.1531421522952950e+01   9.9999999998365396e-01
 -2.0299999999999997e+01   5.5721605969576282e-01   1.7946359990880287e+00   3.0151260079270168e+00   2.1531424056237192e+01   9.9999999998264100e-01
 -2.0250000000000000e+01   5.5721600336802646e-01   1.7946361805038222e+00   3.0151263914893085e+00   2.1531426668094888e+01   9.9999999998156497e-01
 -2.0199999999999999e+01   5.5721594533356522e-01   1.7946363674165349e+00   3.0151267866734996e+00   2.1531429359091614e+01   9.9999999998042222e-01
 -2.0149999999999999e+01   5.5721588552613277e-01   1.7946365600395311e+00   3.0151271939306938e+00   2.1531432132299141e+01   9.9999999997920874e-01
 -2.0099999999999998e+01   5.5721582389980540e-01   1.7946367585207217e+00   3.0151276135736067e+00   2.1531434989846911e+01   9.9999999997792022e-01
 -2.0049999999999997e+01   5.5721576040241416e-01   1.7946369630281322e+00   3.0151280459574812e+00   2.1531437934153935e+01   9.9999999997655165e-01
 -2.0000000000000000e+01   5.5721569495344991e-01   1.7946371738210649e+00   3.0151284916305428e+00   2.1531440968953341e+01   9.9999999997509836e-01
 -1.9949999999999999e+01   5.5721562752439013e-01   1.7946373909913871e+00   3.0151289507870147e+00   2.1531444095567689e+01   9.9999999997355504e-01
 -1.9899999999999999e+01   5.5721555799946554e-01   1.7946376149119641e+00   3.0151294242152247e+00   2.1531447319365075e+01   9.9999999997191591e-01
 -1.9849999999999998e+01   5.5721548638126084e-01   1.7946378455744765e+00   3.0151299118975730e+00   2.1531450640225650e+01   9.9999999997017530e-01
 -1.9799999999999997e+01   5.5721541257359197e-01   1.7946380832887121e+00   3.0151304144890214e+00   2.1531454062609367e+01   9.9999999996832678e-01
 -1.9750000000000000e+01   5.5721533650348376e-01   1.7946383282897094e+00   3.0151309324864934e+00   2.1531457589900011e+01   9.9999999996636368e-01
 -1.9699999999999999e+01   5.5721525811854489e-01   1.7946385807462129e+00   3.0151314662467459e+00   2.1531461224526911e+01   9.9999999996427902e-01
 -1.9649999999999999e+01   5.5721517734029313e-01   1.7946388409109983e+00   3.0151320163042019e+00   2.1531464970129200e+01   9.9999999996206501e-01
 -1.9599999999999998e+01   5.5721509410525283e-01   1.7946391089885105e+00   3.0151325830910971e+00   2.1531468829650183e+01   9.9999999995971378e-01
 -1.9549999999999997e+01   5.5721500831578119e-01   1.7946393852932379e+00   3.0151331672723276e+00   2.1531472807617455e+01   9.9999999995721667e-01
 -1.9500000000000000e+01   5.5721491990918126e-01   1.7946396700271179e+00   3.0151337692748270e+00   2.1531476906938199e+01   9.9999999995456479e-01
 -1.9449999999999999e+01   5.5721482879170947e-01   1.7946399634920815e+00   3.0151343897369394e+00   2.1531481131959215e+01   9.9999999995174860e-01
 -1.9399999999999999e+01   5.5721473490895101e-01   1.7946402658633931e+00   3.0151350290292012e+00   2.1531485485203650e+01   9.9999999994875777e-01
 -1.9349999999999998e+01   5.5721463814052685e-01   1.7946405775287706e+00   3.0151356879713305e+00   2.1531489972253365e+01   9.9999999994558153e-01
 -1.9299999999999997e+01   5.5721453844344460e-01   1.7946408986266906e+00   3.0151363668560829e+00   2.1531494595101861e+01   9.9999999994220856e-01
 -1.9250000000000000e+01   5.5721443569756102e-01   1.7946412295441130e+00   3.0151370665015707e+00   2.1531499359320058e+01   9.9999999993862654e-01
 -1.9199999999999999e+01   5.5721432980896735e-01   1.7946415705835044e+00   3.0151377875472627e+00   2.1531504269262406e+01   9.9999999993482269e-01
 -1.9149999999999999e+01   5.5721422068840121e-01   1.7946419220323673e+00   3.0151385306009892e+00   2.1531509329067905e+01   9.9999999993078270e-01
 -1.9099999999999998e+01   5.5721410823318684e-01   1.7946422842214056e+00   3.0151392963619186e+00   2.1531514543497526e+01   9.9999999992649224e-01
 -1.9049999999999997e+01   5.5721399235199742e-01   1.7946426574447729e+00   3.0151400854519381e+00   2.1531519916785992e+01   9.9999999992193600e-01
 -1.9000000000000000e+01   5.5721387293411062e-01   1.7946430420590909e+00   3.0151408986250083e+00   2.1531525454067385e+01   9.9999999991709754e-01
 -1.8949999999999999e+01   5.5721374986963768e-01   1.7946434384182981e+00   3.0151417366294146e+00   2.1531531160437130e+01   9.9999999991195898e-01
 -1.8899999999999999e+01   5.5721362304630351e-01   1.7946438468840193e+00   3.0151426002296913e+00   2.1531537041101302e+01   9.9999999990650201e-01
 -1.8849999999999998e+01   5.5721349234681528e-01   1.7946442678340422e+00   3.0151434902245406e+00   2.1531543101498649e+01   9.9999999990070654e-01
 -1.8799999999999997e+01   5.5721335766571067e-01   1.7946447016080518e+00   3.0151444073321052e+00   2.1531549346519345e+01   9.9999999989455191e-01
 -1.8750000000000000e+01   5.5721321887548525e-01   1.7946451486167270e+00   3.0151453524206242e+00   2.1531555782075639e+01   9.9999999988801602e-01
 -1.8699999999999999e+01   5.5721307583787549e-01   1.7946456093053997e+00   3.0151463264315987e+00   2.1531562414578659e+01   9.9999999988107502e-01
 -1.8649999999999999e+01   5.5721292844808734e-01   1.7946460840116074e+00   3.0151473300786220e+00   2.1531569248887600e+01   9.9999999987370392e-01
 -1.8599999999999998e+01   5.5721277655033485e-01   1.7946465732371208e+00   3.0151483644225139e+00   2.1531576292226088e+01   9.9999999986587562e-01
 -1.8549999999999997e+01   5.5721262001475802e-01   1.7946470774002115e+00   3.0151494303475532e+00   2.1531583550615601e+01   9.9999999985756238e-01
 -1.8500000000000000e+01   5.5721245870957348e-01   1.7946475969253466e+00   3.0151505287511147e+00   2.1531591030166787e+01   9.9999999984873400e-01
 -1.8449999999999999e+01   5.5721229247787907e-01   1.7946481323178980e+00   3.0151516607016204e+00   2.1531598738155040e+01   9.9999999983935828e-01
 -1.8399999999999999e+01   5.5721212117227703e-01   1.7946486840526272e+00   3.0151528272027717e+00   2.1531606681415031e+01   9.9999999982940135e-01
 -1.8349999999999998e+01   5.5721194462875623e-01   1.7946492526578057e+00   3.0151540293713976e+00   2.1531614867551792e+01   9.9999999981882692e-01
 -1.8299999999999997e+01   5.5721176270406403e-01   1.7946498385948493e+00   3.0151552681829736e+00   2.1531623303207788e+01   9.9999999980759746e-01
 -1.8250000000000000e+01   5.5721157522226961e-01   1.7946504424304246e+00   3.0151565448354960e+00   2.1531631996540753e+01   9.9999999979567156e-01
 -1.8199999999999999e+01   5.5721138201779630e-01   1.7946510646978526e+00   3.0151578604564553e+00   2.1531640955228298e+01   9.9999999978300691e-01
 -1.8149999999999999e+01   5.5721118291485117e-01   1.7946517059633609e+00   3.0151592162429091e+00   2.1531650187421757e+01   9.9999999976955700e-01
 -1.8099999999999998e+01   5.5721097773530259e-01   1.7946523668007126e+00   3.0151606134078395e+00   2.1531659701380903e+01   9.9999999975527365e-01
 -1.8049999999999997e+01   5.5721076629567190e-01   1.7946530478008953e+00   3.0151620532006405e+00   2.1531669505613454e+01   9.9999999974010478e-01
 -1.8000000000000000e+01   5.5721054839301642e-01   1.7946537496175892e+00   3.0151635370032448e+00   2.1531679609529643e+01   9.9999999972399578e-01
 -1.7949999999999999e+01   5.5721032384572844e-01   1.7946544728357621e+00   3.0151650660523055e+00   2.1531690021550428e+01   9.9999999970688813e-01
 -1.7899999999999999e+01   5.5721009243912867e-01   1.7946552181469022e+00   3.0151666418096759e+00   2.1531700751630265e+01   9.9999999968872011e-01
 -1.7849999999999998e+01   5.5720985397256217e-01   1.7946559861973321e+00   3.0151682656417100e+00   2.1531711809073308e+01   9.9999999966942610e-01
 -1.7799999999999997e+01   5.5720960822380516e-01   1.7946567777028470e+00   3.0151699390616362e+00   2.1531723204183837e+01   9.9999999964893604e-01
 -1.7750000000000000e+01   5.5720935497208390e-01   1.7946575933745761e+00   3.0151716635728074e+00   2.1531734947198906e+01   9.9999999962717590e-01
 -1.7699999999999999e+01   5.5720909399581242e-01   1.7946584339262690e+00   3.0151734406841069e+00   2.1531747048393214e+01   9.9999999960406716e-01
 -1.7649999999999999e+01   5.5720882504988567e-01   1.7946593001474307e+00   3.0151752720645719e+00   2.1531759519132027e+01   9.9999999957952623e-01
 -1.7599999999999998e+01   5.5720854789680718e-01   1.7946601928030652e+00   3.0151771593314280e+00   2.1531772370427806e+01   9.9999999955346397e-01
 -1.7549999999999997e+01   5.5720826228259412e-01   1.7946611127112815e+00   3.0151791042141660e+00   2.1531785614057465e+01   9.9999999952578633e-01
 -1.7500000000000000e+01   5.5720796793947425e-01   1.7946620607346075e+00   3.0151811085361730e+00   2.1531799262437325e+01   9.9999999949639284e-01
 -1.7449999999999999e+01   5.5720766461698956e-01   1.7946630376798114e+00   3.0151831740029373e+00   2.1531813327180853e+01   9.9999999946517737e-01
 -1.7399999999999999e+01   5.5720735203921390e-01   1.7946640444356956e+00   3.0151853024933706e+00   2.1531827821082455e+01   9.9999999943202722e-01
 -1.7349999999999998e+01   5.5720702991379145e-01   1.7946650819439867e+00   3.0151874959982621e+00   2.1531842757698367e+01   9.9999999939682216e-01
 -1.7299999999999997e+01   5.5720669795975286e-01   1.7946661511097453e+00   3.0151897564308663e+00   2.1531858150056834e+01   9.9999999935943507e-01
 -1.7250000000000000e+01   5.5720635586947931e-01   1.7946672529238723e+00   3.0151920858859049e+00   2.1531874012421824e+01   9.9999999931973094e-01
 -1.7199999999999999e+01   5.5720600334251913e-01   1.7946683883541932e+00   3.0151944864092965e+00   2.1531890358724954e+01   9.9999999927756544e-01
 -1.7149999999999999e+01   5.5720564004775797e-01   1.7946695584673016e+00   3.0151969602557558e+00   2.1531907204319658e+01   9.9999999923278626e-01
 -1.7099999999999998e+01   5.5720526566184170e-01   1.7946707643048061e+00   3.0151995096271542e+00   2.1531924564199517e+01   9.9999999918523153e-01
 -1.7049999999999997e+01   5.5720487985228029e-01   1.7946720069377504e+00   3.0152021367875745e+00   2.1531942453781749e+01   9.9999999913472937e-01
 -1.7000000000000000e+01   5.5720448226096575e-01   1.7946732875197005e+00   3.0152048441755439e+00   2.1531960889671439e+01   9.9999999908109627e-01
 -1.6949999999999999e+01   5.5720407253068927e-01   1.7946746072013369e+00   3.0152076342234668e+00   2.1531979888431984e+01   9.9999999902413905e-01
 -1.6899999999999999e+01   5.5720365029471253e-01   1.7946759671640460e+00   3.0152105094286381e+00   2.1531999467068651e+01   9.9999999896365144e-01
 -1.6849999999999998e+01   5.5720321517296023e-01   1.7946773686321824e+00   3.0152134723791710e+00   2.1532019643205135e+01   9.9999999889941449e-01
 -1.6799999999999997e+01   5.5720276676340674e-01   1.7946788129008140e+00   3.0152165258126491e+00   2.1532040435482941e+01   9.9999999883119584e-01
 -1.6750000000000000e+01   5.5720230466840048e-01   1.7946803012509345e+00   3.0152196724368707e+00   2.1532061862340747e+01   9.9999999875874845e-01
 -1.6699999999999999e+01   5.5720182846522459e-01   1.7946818350442846e+00   3.0152229151303156e+00   2.1532083943379490e+01   9.9999999868181055e-01
 -1.6649999999999999e+01   5.5720133772562697e-01   1.7946834156604496e+00   3.0152262568091555e+00   2.1532106698456769e+01   9.9999999860010369e-01
 -1.6599999999999998e+01   5.5720083200403225e-01   1.7946850445348284e+00   3.0152297005075246e+00   2.1532130148233446e+01   9.9999999851333221e-01
 -1.6549999999999997e+01   5.5720031084467736e-01   1.7946867231356507e+00   3.0152332493289298e+00   2.1532154313842767e+01   9.9999999842118203e-01
 -1.6500000000000000e+01   5.5719977377449914e-01   1.7946884529868883e+00   3.0152369064946827e+00   2.1532179217220179e+01   9.9999999832331987e-01
 -1.6449999999999999e+01   5.5719922030951774e-01   1.7946902356476944e+00   3.0152406753004319e+00   2.1532204880807313e+01   9.9999999821939134e-01
 -1.6399999999999999e+01   5.5719864994878343e-01   1.7946920727319027e+00   3.0152445591573818e+00   2.1532231327832680e+01   9.9999999810902118e-01
 -1.6349999999999998e+01   5.5719806217573620e-01   1.7946939659036489e+00   3.0152485615830349e+00   2.1532258582248623e+01   9.9999999799180916e-01
 -1.6299999999999997e+01   5.5719745646050378e-01   1.7946959168699717e+00   3.0152526861855429e+00   2.1532286668624756e+01   9.9999999786733185e-01
 -1.6250000000000000e+01   5.5719683225066419e-01   1.7946979274105663e+00   3.0152569367266091e+00   2.1532315612576312e+01   9.9999999773513826e-01
 -1.6199999999999999e+01   5.5719618898378998e-01   1.7946999993373827e+00   3.0152613170360691e+00   2.1532345440182450e+01   9.9999999759475033e-01
 -1.6149999999999999e+01   5.5719552608355172e-01   1.7947021345071776e+00   3.0152658310384237e+00   2.1532376178166960e+01   9.9999999744566082e-01
 -1.6099999999999998e+01   5.5719484294706134e-01   1.7947043348622831e+00   3.0152704828390235e+00   2.1532407854485125e+01   9.9999999728732947e-01
 -1.6049999999999997e+01   5.5719413895291070e-01   1.7947066024047167e+00   3.0152752766693318e+00   2.1532440497950990e+01   9.9999999711918375e-01
 -1.6000000000000000e+01   5.5719341346685936e-01   1.7947089391778639e+00   3.0152802168481925e+00   2.1532474137973608e+01   9.9999999694061492e-01
 -1.5949999999999999e+01   5.5719266583255744e-01   1.7947113472963605e+00   3.0152853078450037e+00   2.1532508804987234e+01   9.9999999675097706e-01
 -1.5899999999999999e+01   5.5719189537284852e-01   1.7947138289419009e+00   3.0152905542708446e+00   2.1532544530390894e+01   9.9999999654958383e-01
 -1.5849999999999998e+01   5.5719110139192474e-01   1.7947163863562965e+00   3.0152959608638015e+00   2.1532581346448467e+01   9.9999999633570680e-01
 -1.5799999999999999e+01   5.5719028317253594e-01   1.7947190218504698e+00   3.0153015325079711e+00   2.1532619286418086e+01   9.9999999610857204e-01
 -1.5750000000000000e+01   5.5718943997167891e-01   1.7947217378183413e+00   3.0153072742628146e+00   2.1532658384752025e+01   9.9999999586735711e-01
 -1.5699999999999999e+01   5.5718857103160113e-01   1.7947245367013902e+00   3.0153131912882292e+00   2.1532698676586467e+01   9.9999999561119024e-01
 -1.5649999999999999e+01   5.5718767555970783e-01   1.7947274210533768e+00   3.0153192889813680e+00   2.1532740198673196e+01   9.9999999533914330e-01
 -1.5600000000000000e+01   5.5718675275169494e-01   1.7947303934658343e+00   3.0153255728191199e+00   2.1532782988306945e+01   9.9999999505023307e-01
 -1.5549999999999999e+01   5.5718580176825439e-01   1.7947334566431066e+00   3.0153320485167319e+00   2.1532827084405540e+01   9.9999999474341272e-01
 -1.5500000000000000e+01   5.5718482175273354e-01   1.7947366133454694e+00   3.0153387219075576e+00   2.1532872526691062e+01   9.9999999441757292e-01
 -1.5449999999999999e+01   5.5718381181748766e-01   1.7947398664330940e+00   3.0153455990359919e+00   2.1532919356322662e+01   9.9999999407153506e-01
 -1.5399999999999999e+01   5.5718277104878611e-01   1.7947432188502495e+00   3.0153526861240607e+00   2.1532967615669062e+01   9.9999999370404591e-01
 -1.5350000000000000e+01   5.5718169850336130e-01   1.7947466736364230e+00   3.0153599895949199e+00   2.1533017348468590e+01   9.9999999331377609e-01
 -1.5299999999999999e+01   5.5718059321351832e-01   1.7947502339098662e+00   3.0153675160380642e+00   2.1533068599592230e+01   9.9999999289931341e-01
 -1.5250000000000000e+01   5.5717945417849146e-01   1.7947539028954427e+00   3.0153752722681819e+00   2.1533121415444437e+01   9.9999999245915772e-01
 -1.5199999999999999e+01   5.5717828036788808e-01   1.7947576839135402e+00   3.0153832653017059e+00   2.1533175843803434e+01   9.9999999199171641e-01
 -1.5149999999999999e+01   5.5717707071843015e-01   1.7947615803905734e+00   3.0153915023790003e+00   2.1533231933972292e+01   9.9999999149529806e-01
 -1.5100000000000000e+01   5.5717582413804534e-01   1.7947655958458115e+00   3.0153999909365043e+00   2.1533289736589261e+01   9.9999999096810566e-01
 -1.5049999999999999e+01   5.5717453949639495e-01   1.7947697339218966e+00   3.0154087386712312e+00   2.1533349304066949e+01   9.9999999040823173e-01
 -1.5000000000000000e+01   5.5717321563314315e-01   1.7947739983582145e+00   3.0154177534844573e+00   2.1533410690208903e+01   9.9999998981365001e-01
 -1.4949999999999999e+01   5.5717185134867642e-01   1.7947783930207972e+00   3.0154270435449213e+00   2.1533473950639941e+01   9.9999998918220856e-01
 -1.4899999999999999e+01   5.5717044541093652e-01   1.7947829218803200e+00   3.0154366172422917e+00   2.1533539142489300e+01   9.9999998851162242e-01
 -1.4850000000000000e+01   5.5716899654667551e-01   1.7947875890402802e+00   3.0154464832467189e+00   2.1533606324796143e+01   9.9999998779946464e-01
 -1.4799999999999999e+01   5.5716750344352683e-01   1.7947923987303356e+00   3.0154566504947296e+00   2.1533675558413520e+01   9.9999998704315740e-01
 -1.4750000000000000e+01   5.5716596475287317e-01   1.7947973552970748e+00   3.0154671281696985e+00   2.1533746905875400e+01   9.9999998623996400e-01
 -1.4699999999999999e+01   5.5716437908046179e-01   1.7948024632342603e+00   3.0154779257657549e+00   2.1533820431831810e+01   9.9999998538697710e-01
 -1.4649999999999999e+01   5.5716274499166396e-01   1.7948077271658958e+00   3.0154890530519660e+00   2.1533896202804961e+01   9.9999998448110938e-01
 -1.4600000000000000e+01   5.5716106100883456e-01   1.7948131518547445e+00   3.0155005200903200e+00   2.1533974287311707e+01   9.9999998351908248e-01
 -1.4549999999999999e+01   5.5715932560794290e-01   1.7948187422131949e+00   3.0155123372586639e+00   2.1534054756019742e+01   9.9999998249741417e-01
 -1.4500000000000000e+01   5.5715753721756633e-01   1.7948245033065156e+00   3.0155245152575612e+00   2.1534137681794274e+01   9.9999998141240709e-01
 -1.4449999999999999e+01   5.5715569421929834e-01   1.7948304403515558e+00   3.0155370651075093e+00   2.1534223139679103e+01   9.9999998026013315e-01
 -1.4399999999999999e+01   5.5715379494638129e-01   1.7948365587211639e+00   3.0155499981582530e+00   2.1534311206960023e+01   9.9999997903642190e-01
 -1.4350000000000000e+01   5.5715183767835508e-01   1.7948428639614433e+00   3.0155633261252208e+00   2.1534401963412957e+01   9.9999997773684401e-01
 -1.4299999999999999e+01   5.5714982064527130e-01   1.7948493617781931e+00   3.0155770610608319e+00   2.1534495491108544e+01   9.9999997635669535e-01
 -1.4250000000000000e+01   5.5714774201997708e-01   1.7948560580617843e+00   3.0155912154070377e+00   2.1534591874769930e+01   9.9999997489097991e-01
 -1.4199999999999999e+01   5.5714559992212609e-01   1.7948629588742566e+00   3.0156058019680083e+00   2.1534691201586792e+01   9.9999997333439195e-01
 -1.4149999999999999e+01   5.5714339241247091e-01   1.7948700704677267e+00   3.0156208339489998e+00   2.1534793561479990e+01   9.9999997168129673e-01
 -1.4100000000000000e+01   5.5714111749311901e-01   1.7948773992835856e+00   3.0156363249546114e+00   2.1534899047089688e+01   9.9999996992571016e-01
 -1.4049999999999999e+01   5.5713877310395465e-01   1.7948849519640475e+00   3.0156522890131479e+00   2.1535007753941279e+01   9.9999996806127645e-01
 -1.4000000000000000e+01   5.5713635712409715e-01   1.7948927353474777e+00   3.0156687405666935e+00   2.1535119780377766e+01   9.9999996608124631e-01
 -1.3949999999999999e+01   5.5713386736393355e-01   1.7949007564940858e+00   3.0156856945253616e+00   2.1535235227929189e+01   9.9999996397845103e-01
 -1.3899999999999999e+01   5.5713130157199642e-01   1.7949090226637947e+00   3.0157031662204625e+00   2.1535354200993716e+01   9.9999996174527794e-01
 -1.3850000000000000e+01   5.5712865742444961e-01   1.7949175413501444e+00   3.0157211714760996e+00   2.1535476807325175e+01   9.9999995937364217e-01
 -1.3799999999999999e+01   5.5712593252714937e-01   1.7949263202736823e+00   3.0157397265951338e+00   2.1535603157937491e+01   9.9999995685495691e-01
 -1.3750000000000000e+01   5.5712312441300338e-01   1.7949353673905046e+00   3.0157588483771685e+00   2.1535733367227131e+01   9.9999995418010323e-01
 -1.3699999999999999e+01   5.5712023053915927e-01   1.7949446909013498e+00   3.0157785541376914e+00   2.1535867553103468e+01   9.9999995133939568e-01
 -1.3649999999999999e+01   5.5711724828587794e-01   1.7949542992552658e+00   3.0157988617157496e+00   2.1536005837041049e+01   9.9999994832254901e-01
 -1.3600000000000000e+01   5.5711417495170568e-01   1.7949642011652038e+00   3.0158197895068244e+00   2.1536148344303424e+01   9.9999994511863899e-01
 -1.3549999999999999e+01   5.5711100775418332e-01   1.7949744056057759e+00   3.0158413564580000e+00   2.1536295203910296e+01   9.9999994171606443e-01
 -1.3500000000000000e+01   5.5710774382461581e-01   1.7949849218301515e+00   3.0158635821035826e+00   2.1536446548880019e+01   9.9999993810250432e-01
 -1.3449999999999999e+01   5.5710438020745134e-01   1.7949957593721049e+00   3.0158864865693280e+00   2.1536602516258419e+01   9.9999993426487277e-01
 -1.3399999999999999e+01   5.5710091385552740e-01   1.7950069280613841e+00   3.0159100906048120e+00   2.1536763247339202e+01   9.9999993018927213e-01
 -1.3350000000000000e+01   5.5709734162926994e-01   1.7950184380263428e+00   3.0159344155888834e+00   2.1536928887701105e+01   9.9999992586094266e-01
 -1.3299999999999999e+01   5.5709366029364271e-01   1.7950302997038279e+00   3.0159594835504402e+00   2.1537099587349346e+01   9.9999992126420933e-01
 -1.3250000000000000e+01   5.5708986651273207e-01   1.7950425238566881e+00   3.0159853172053017e+00   2.1537275500966715e+01   9.9999991638242347e-01
 -1.3199999999999999e+01   5.5708595685042994e-01   1.7950551215716366e+00   3.0160119399515586e+00   2.1537456787881926e+01   9.9999991119790410e-01
 -1.3149999999999999e+01   5.5708192776472587e-01   1.7950681042777124e+00   3.0160393759084414e+00   2.1537643612334257e+01   9.9999990569187336e-01
 -1.3100000000000000e+01   5.5707777560475502e-01   1.7950814837558642e+00   3.0160676499364212e+00   2.1537836143610466e+01   9.9999989984438686e-01
 -1.3049999999999999e+01   5.5707349660878969e-01   1.7950952721454989e+00   3.0160967876508877e+00   2.1538034556137891e+01   9.9999989363426378e-01
 -1.3000000000000000e+01   5.5706908689918666e-01   1.7951094819608451e+00   3.0161268154565537e+00   2.1538239029718756e+01   9.9999988703900833e-01
 -1.2949999999999999e+01   5.5706454248022197e-01   1.7951241260980169e+00   3.0161577605622005e+00   2.1538449749630573e+01   9.9999988003472906e-01
 -1.2899999999999999e+01   5.5705985923273071e-01   1.7951392178523780e+00   3.0161896510171764e+00   2.1538666906874660e+01   9.9999987259605116e-01
 -1.2850000000000000e+01   5.5705503291291580e-01   1.7951547709224802e+00   3.0162225157195106e+00   2.1538890698231416e+01   9.9999986469602486e-01
 -1.2799999999999999e+01   5.5705005914583028e-01   1.7951707994311688e+00   3.0162563844602936e+00   2.1539121326562515e+01   9.9999985630602817e-01
 -1.2750000000000000e+01   5.5704493342283623e-01   1.7951873179338833e+00   3.0162912879409802e+00   2.1539359000928741e+01   9.9999984739566206e-01
 -1.2699999999999999e+01   5.5703965109780196e-01   1.7952043414310295e+00   3.0163272577992868e+00   2.1539603936766312e+01   9.9999983793264124e-01
 -1.2649999999999999e+01   5.5703420738133258e-01   1.7952218853866966e+00   3.0163643266484761e+00   2.1539856356154417e+01   9.9999982788267516e-01
 -1.2600000000000000e+01   5.5702859733799714e-01   1.7952399657377267e+00   3.0164025280962403e+00   2.1540116487943781e+01   9.9999981720934539e-01
 -1.2549999999999999e+01   5.5702281588067815e-01   1.7952585989120662e+00   3.0164418967831765e+00   2.1540384568018677e+01   9.9999980587397208e-01
 -1.2500000000000000e+01   5.5701685776692755e-01   1.7952778018406577e+00   3.0164824684076019e+00   2.1540660839465886e+01   9.9999979383547422e-01
 -1.2449999999999999e+01   5.5701071759290266e-01   1.7952975919771454e+00   3.0165242797668461e+00   2.1540945552855892e+01   9.9999978105022025e-01
 -1.2400000000000000e+01   5.5700438978993883e-01   1.7953179873090885e+00   3.0165673687805898e+00   2.1541238966401799e+01   9.9999976747186892e-01
 -1.2350000000000000e+01   5.5699786861758294e-01   1.7953390063805941e+00   3.0166117745383030e+00   2.1541541346282358e+01   9.9999975305120181e-01
 -1.2299999999999999e+01   5.5699114816048423e-01   1.7953606683025292e+00   3.0166575373204165e+00   2.1541852966786141e+01   9.9999973773594397e-01
 -1.2250000000000000e+01   5.5698422232138500e-01   1.7953829927753158e+00   3.0167046986460515e+00   2.1542174110636559e+01   9.9999972147057392e-01
 -1.2199999999999999e+01   5.5697708481587604e-01   1.7954060001060497e+00   3.0167533013087340e+00   2.1542505069235027e+01   9.9999970419612205e-01
 -1.2150000000000000e+01   5.5696972916723453e-01   1.7954297112253692e+00   3.0168033894115434e+00   2.1542846142900355e+01   9.9999968584995669e-01
 -1.2100000000000000e+01   5.5696214869969218e-01   1.7954541477093966e+00   3.0168550084129540e+00   2.1543197641180871e+01   9.9999966636555471e-01
 -1.2049999999999999e+01   5.5695433653280824e-01   1.7954793317981348e+00   3.0169082051651528e+00   2.1543559883115350e+01   9.9999964567226141e-01
 -1.2000000000000000e+01   5.5694628557497838e-01   1.7955052864166663e+00   3.0169630279582398e+00   2.1543933197534002e+01   9.9999962369503326e-01
 -1.1949999999999999e+01   5.5693798851696241e-01   1.7955320351963089e+00   3.0170195265643005e+00   2.1544317923358584e+01   9.9999960035416369e-01
 -1.1900000000000000e+01   5.5692943782500748e-01   1.7955596024970932e+00   3.0170777522842336e+00   2.1544714409921262e+01   9.9999957556499441e-01
 -1.1850000000000000e+01   5.5692062573453172e-01   1.7955880134284552e+00   3.0171377579907630e+00   2.1545123017257509e+01   9.9999954923760681e-01
 -1.1799999999999999e+01   5.5691154424180789e-01   1.7956172938763963e+00   3.0171995981850652e+00   2.1545544116491705e+01   9.9999952127649472e-01
 -1.1750000000000000e+01   5.5690218509792111e-01   1.7956474705233347e+00   3.0172633290379176e+00   2.1545978090117330e+01   9.9999949158021650e-01
 -1.1699999999999999e+01   5.5689253980048514e-01   1.7956785708752079e+00   3.0173290084461035e+00   2.1546425332381066e+01   9.9999946004102669e-01
 -1.1650000000000000e+01   5.5688259958523390e-01   1.7957106232890019e+00   3.0173966960896705e+00   2.1546886249672674e+01   9.9999942654448148e-01
 -1.1600000000000000e+01   5.5687235541947577e-01   1.7957436569943017e+00   3.0174664534765023e+00   2.1547361260828541e+01   9.9999939096902457e-01
 -1.1549999999999999e+01   5.5686179799250946e-01   1.7957777021246686e+00   3.0175383440075843e+00   2.1547850797576054e+01   9.9999935318554289e-01
 -1.1500000000000000e+01   5.5685091770707673e-01   1.7958127897457024e+00   3.0176124330352017e+00   2.1548355304929956e+01   9.9999931305689549e-01
 -1.1449999999999999e+01   5.5683970467131605e-01   1.7958489518815235e+00   3.0176887879177356e+00   2.1548875241565419e+01   9.9999927043741477e-01
 -1.1400000000000000e+01   5.5682814868890285e-01   1.7958862215471350e+00   3.0177674780867996e+00   2.1549411080275263e+01   9.9999922517237516e-01
 -1.1350000000000000e+01   5.5681623924973356e-01   1.7959246327790690e+00   3.0178485751106763e+00   2.1549963308401896e+01   9.9999917709742869e-01
 -1.1299999999999999e+01   5.5680396552072919e-01   1.7959642206656861e+00   3.0179321527569432e+00   2.1550532428263754e+01   9.9999912603800600e-01
 -1.1250000000000000e+01   5.5679131633474288e-01   1.7960050213836312e+00   3.0180182870680028e+00   2.1551118957669662e+01   9.9999907180867853e-01
 -1.1199999999999999e+01   5.5677828018138420e-01   1.7960470722281505e+00   3.0181070564235672e+00   2.1551723430344268e+01   9.9999901421248294e-01
 -1.1150000000000000e+01   5.5676484519554892e-01   1.7960904116508585e+00   3.0181985416187627e+00   2.1552346396459942e+01   9.9999895304020159e-01
 -1.1100000000000000e+01   5.5675099914687487e-01   1.7961350792945643e+00   3.0182928259359296e+00   2.1552988423125669e+01   9.9999888806959902e-01
 -1.1049999999999999e+01   5.5673672942793351e-01   1.7961811160322314e+00   3.0183899952250335e+00   2.1553650094934603e+01   9.9999881906460897e-01
 -1.1000000000000000e+01   5.5672202304282337e-01   1.7962285640046962e+00   3.0184901379813351e+00   2.1554332014492985e+01   9.9999874577447367e-01
 -1.0949999999999999e+01   5.5670686659513235e-01   1.7962774666604833e+00   3.0185933454273628e+00   2.1555034802978302e+01   9.9999866793282699e-01
 -1.0900000000000000e+01   5.5669124627518318e-01   1.7963278687979958e+00   3.0186997115997642e+00   2.1555759100730725e+01   9.9999858525671992e-01
 -1.0850000000000000e+01   5.5667514784752170e-01   1.7963798166069898e+00   3.0188093334345023e+00   2.1556505567833234e+01   9.9999849744558711e-01
 -1.0799999999999999e+01   5.5665855663724062e-01   1.7964333577138796e+00   3.0189223108599870e+00   2.1557274884745794e+01   9.9999840418014641e-01
 -1.0750000000000000e+01   5.5664145751665328e-01   1.7964885412259877e+00   3.0190387468878161e+00   2.1558067752923279e+01   9.9999830512123111e-01
 -1.0699999999999999e+01   5.5662383489066369e-01   1.7965454177800841e+00   3.0191587477124004e+00   2.1558884895493826e+01   9.9999819990854821e-01
 -1.0650000000000000e+01   5.5660567268291006e-01   1.7966040395885168e+00   3.0192824228053174e+00   2.1559727057901366e+01   9.9999808815935964e-01
 -1.0600000000000000e+01   5.5658695431998817e-01   1.7966644604916282e+00   3.0194098850227431e+00   2.1560595008637165e+01   9.9999796946707920e-01
 -1.0549999999999999e+01   5.5656766271627223e-01   1.7967267360083428e+00   3.0195412507088126e+00   2.1561489539943665e+01   9.9999784339978393e-01
 -1.0500000000000000e+01   5.5654778025790996e-01   1.7967909233895241e+00   3.0196766398046058e+00   2.1562411468556604e+01   9.9999770949862987e-01
 -1.0449999999999999e+01   5.5652728878612678e-01   1.7968570816736709e+00   3.0198161759618380e+00   2.1563361636479197e+01   9.9999756727616973e-01
 -1.0400000000000000e+01   5.5650616958033472e-01   1.7969252717433613e+00   3.0199599866578777e+00   2.1564340911765356e+01   9.9999741621456451e-01
 -1.0350000000000000e+01   5.5648440334016047e-01   1.7969955563853119e+00   3.0201082033181277e+00   2.1565350189353023e+01   9.9999725576368215e-01
 -1.0299999999999999e+01   5.5646197016756327e-01   1.7970680003502799e+00   3.0202609614377915e+00   2.1566390391893346e+01   9.9999708533907816e-01
 -1.0250000000000000e+01   5.5643884954802703e-01   1.7971426704160931e+00   3.0204184007099455e+00   2.1567462470622797e+01   9.9999690431984833e-01
 -1.0199999999999999e+01   5.5641502033108181e-01   1.7972196354529992e+00   3.0205806651581790e+00   2.1568567406266340e+01   9.9999671204634677e-01
 -1.0150000000000000e+01   5.5639046071018194e-01   1.7972989664912491e+00   3.0207479032736111e+00   2.1569706209970487e+01   9.9999650781775962e-01
 -1.0100000000000000e+01   5.5636514820224070e-01   1.7973807367899624e+00   3.0209202681542502e+00   2.1570879924252246e+01   9.9999629088952735e-01
 -1.0049999999999999e+01   5.5633905962623131e-01   1.7974650219091863e+00   3.0210979176507102e+00   2.1572089623991364e+01   9.9999606047060396e-01
 -1.0000000000000000e+01   5.5631217108110220e-01   1.7975518997843651e+00   3.0212810145165956e+00   2.1573336417454382e+01   9.9999581572054363e-01
 -9.9499999999999993e+00   5.5628445792307968e-01   1.7976414508029903e+00   3.0214697265630579e+00   2.1574621447347081e+01   9.9999555574640342e-01
 -9.9000000000000004e+00   5.5625589474214199e-01   1.7977337578841479e+00   3.0216642268189959e+00   2.1575945891905356e+01   9.9999527959945222e-01
 -9.8499999999999996e+00   5.5622645533771797e-01   1.7978289065608015e+00   3.0218646936965339e+00   2.1577310966022040e+01   9.9999498627166916e-01
 -9.7999999999999989e+00   5.5619611269379143e-01   1.7979269850642423e+00   3.0220713111605488e+00   2.1578717922401296e+01   9.9999467469202419e-01
 -9.7500000000000000e+00   5.5616483895277014e-01   1.7980280844127952e+00   3.0222842689066081e+00   2.1580168052770279e+01   9.9999434372252172e-01
 -9.6999999999999993e+00   5.5613260538903531e-01   1.7981322985018349e+00   3.0225037625410844e+00   2.1581662689105617e+01   9.9999399215399487e-01
 -9.6500000000000004e+00   5.5609938238107448e-01   1.7982397241986805e+00   3.0227299937709149e+00   2.1583203204925589e+01   9.9999361870163339e-01
 -9.5999999999999996e+00   5.5606513938316560e-01   1.7983504614392558e+00   3.0229631705964195e+00   2.1584791016603088e+01   9.9999322200022978e-01
 -9.5499999999999989e+00   5.5602984489575902e-01   1.7984646133292965e+00   3.0232035075129815e+00   2.1586427584738992e+01   9.9999280059912299e-01
 -9.5000000000000000e+00   5.5599346643510916e-01   1.7985822862483429e+00   3.0234512257178432e+00   2.1588114415570303e+01   9.9999235295682354e-01
 -9.4499999999999993e+00   5.5595597050175749e-01   1.7987035899578288e+00   3.0237065533247174e+00   2.1589853062431565e+01   9.9999187743529550e-01
 -9.4000000000000004e+00   5.5591732254811177e-01   1.7988286377124993e+00   3.0239697255845566e+00   2.1591645127258175e+01   9.9999137229387780e-01
 -9.3499999999999996e+00   5.5587748694472328e-01   1.7989575463764742e+00   3.0242409851151879e+00   2.1593492262150065e+01   9.9999083568282032e-01
 -9.2999999999999989e+00   5.5583642694565483e-01   1.7990904365427132e+00   3.0245205821371388e+00   2.1595396170977573e+01   9.9999026563640658e-01
 -9.2500000000000000e+00   5.5579410465264889e-01   1.7992274326568534e+00   3.0248087747176324e+00   2.1597358611042900e+01   9.9998966006564183e-01
 -9.1999999999999993e+00   5.5575048097784852e-01   1.7993686631462560e+00   3.0251058290244384e+00   2.1599381394808731e+01   9.9998901675047536e-01
 -9.1500000000000004e+00   5.5570551560560566e-01   1.7995142605525589e+00   3.0254120195859397e+00   2.1601466391669121e+01   9.9998833333152648e-01
 -9.0999999999999996e+00   5.5565916695273776e-01   1.7996643616698511e+00   3.0257276295617630e+00   2.1603615529792361e+01   9.9998760730128555e-01
 -9.0499999999999989e+00   5.5561139212759603e-01   1.7998191076873209e+00   3.0260529510215028e+00   2.1605830798018943e+01   9.9998683599475213e-01
 -9.0000000000000000e+00   5.5556214688762851e-01   1.7999786443374557e+00   3.0263882852336934e+00   2.1608114247829317e+01   9.9998601657947650e-01
 -8.9499999999999993e+00   5.5551138559556767e-01   1.8001431220494122e+00   3.0267339429641509e+00   2.1610467995375416e+01   9.9998514604496525e-01
 -8.9000000000000004e+00   5.5545906117404154e-01   1.8003126961082569e+00   3.0270902447850454e+00   2.1612894223585304e+01   9.9998422119140906e-01
 -8.8499999999999996e+00   5.5540512505876749e-01   1.8004875268196163e+00   3.0274575213936270e+00   2.1615395184333511e+01   9.9998323861769023e-01
 -8.7999999999999989e+00   5.5534952714984798e-01   1.8006677796813422e+00   3.0278361139438772e+00   2.1617973200699421e+01   9.9998219470862049e-01
 -8.7500000000000000e+00   5.5529221576182231e-01   1.8008536255601377e+00   3.0282263743866293e+00   2.1620630669283305e+01   9.9998108562136234e-01
 -8.6999999999999993e+00   5.5523313757152248e-01   1.8010452408762883e+00   3.0286286658246424e+00   2.1623370062624190e+01   9.9997990727097863e-01
 -8.6500000000000004e+00   5.5517223756437850e-01   1.8012428077944707e+00   3.0290433628782361e+00   2.1626193931689635e+01   9.9997865531505270e-01
 -8.5999999999999996e+00   5.5510945897889608e-01   1.8014465144216136e+00   3.0294708520633655e+00   2.1629104908450230e+01   9.9997732513732218e-01
 -8.5499999999999989e+00   5.5504474324894737e-01   1.8016565550130474e+00   3.0299115321845917e+00   2.1632105708555521e+01   9.9997591183025614e-01
 -8.5000000000000000e+00   5.5497802994422085e-01   1.8018731301859048e+00   3.0303658147405885e+00   2.1635199134095281e+01   9.9997441017651179e-01
 -8.4499999999999993e+00   5.5490925670848679e-01   1.8020964471409691e+00   3.0308341243445196e+00   2.1638388076462082e+01   9.9997281462919363e-01
 -8.4000000000000004e+00   5.5483835919578717e-01   1.8023267198927166e+00   3.0313168991585546e+00   2.1641675519310095e+01   9.9997111929083859e-01
 -8.3499999999999996e+00   5.5476527100417306e-01   1.8025641695088692e+00   3.0318145913450794e+00   2.1645064541627622e+01   9.9996931789104093e-01
 -8.2999999999999989e+00   5.5468992360721447e-01   1.8028090243588368e+00   3.0323276675330804e+00   2.1648558320912905e+01   9.9996740376262894e-01
 -8.2500000000000000e+00   5.5461224628299344e-01   1.8030615203721005e+00   3.0328566093016640e+00   2.1652160136466648e+01   9.9996536981629747e-01
 -8.1999999999999993e+00   5.5453216604058297e-01   1.8033219013066517e+00   3.0334019136806960e+00   2.1655873372801114e+01   9.9996320851359344e-01
 -8.1500000000000004e+00   5.5444960754384487e-01   1.8035904190281564e+00   3.0339640936696979e+00   2.1659701523173528e+01   9.9996091183814539e-01
 -8.0999999999999996e+00   5.5436449303240065e-01   1.8038673338004596e+00   3.0345436787759943e+00   2.1663648193250587e+01   9.9995847126501936e-01
 -8.0500000000000007e+00   5.5427674223988854e-01   1.8041529145872124e+00   3.0351412155713389e+00   2.1667717104898781e+01   9.9995587772807959e-01
 -8.0000000000000000e+00   5.5418627230895057e-01   1.8044474393665870e+00   3.0357572682708089e+00   2.1671912100126363e+01   9.9995312158521588e-01
 -7.9499999999999993e+00   5.5409299770349141e-01   1.8047511954574893e+00   3.0363924193302756e+00   2.1676237145151809e+01   9.9995019258129991e-01
 -7.9000000000000004e+00   5.5399683011721490e-01   1.8050644798606872e+00   3.0370472700692219e+00   2.1680696334644885e+01   9.9994707980871389e-01
 -7.8499999999999996e+00   5.5389767837917181e-01   1.8053875996126634e+00   3.0377224413139139e+00   2.1685293896106298e+01   9.9994377166529258e-01
 -7.8000000000000007e+00   5.5379544835561478e-01   1.8057208721546931e+00   3.0384185740657164e+00   2.1690034194418576e+01   9.9994025580950241e-01
 -7.7500000000000000e+00   5.5369004284811452e-01   1.8060646257175244e+00   3.0391363301948666e+00   2.1694921736570318e+01   9.9993651911267034e-01
 -7.6999999999999993e+00   5.5358136148794612e-01   1.8064191997218721e+00   3.0398763931596515e+00   2.1699961176553380e+01   9.9993254760806527e-01
 -7.6500000000000004e+00   5.5346930062648414e-01   1.8067849451958362e+00   3.0406394687527558e+00   2.1705157320445142e+01   9.9992832643661789e-01
 -7.5999999999999996e+00   5.5335375322129909e-01   1.8071622252105275e+00   3.0414262858768875e+00   2.1710515131690109e+01   9.9992383978905031e-01
 -7.5500000000000007e+00   5.5323460871807917e-01   1.8075514153337908e+00   3.0422375973488283e+00   2.1716039736575048e+01   9.9991907084416953e-01
 -7.5000000000000000e+00   5.5311175292784298e-01   1.8079529041040943e+00   3.0430741807355495e+00   2.1721736429922530e+01   9.9991400170306766e-01
 -7.4499999999999993e+00   5.5298506789956481e-01   1.8083670935245284e+00   3.0439368392215691e+00   2.1727610680997149e+01   9.9990861331894143e-01
 -7.4000000000000004e+00   5.5285443178771154e-01   1.8087943995789224e+00   3.0448264025109526e+00   2.1733668139647691e+01   9.9990288542223815e-01
 -7.3499999999999996e+00   5.5271971871471948e-01   1.8092352527703821e+00   3.0457437277637767e+00   2.1739914642683956e+01   9.9989679644079921e-01
 -7.3000000000000007e+00   5.5258079862796250e-01   1.8096900986841429e+00   3.0466897005700999e+00   2.1746356220508972e+01   9.9989032341466066e-01
 -7.2500000000000000e+00   5.5243753715119381e-01   1.8101593985752549e+00   3.0476652359615652e+00   2.1752999104007500e+01   9.9988344190514056e-01
 -7.1999999999999993e+00   5.5228979543003587e-01   1.8106436299829844e+00   3.0486712794635342e+00   2.1759849731710499e+01   9.9987612589781405e-01
 -7.1500000000000004e+00   5.5213742997119319e-01   1.8111432873735318e+00   3.0497088081899615e+00   2.1766914757250660e+01   9.9986834769895161e-01
 -7.1000000000000014e+00   5.5198029247541736e-01   1.8116588828115370e+00   3.0507788319808169e+00   2.1774201057107632e+01   9.9986007782496755e-01
 -7.0500000000000007e+00   5.5181822966351879e-01   1.8121909466633028e+00   3.0518823945868530e+00   2.1781715738675690e+01   9.9985128488438135e-01
 -7.0000000000000000e+00   5.5165108309547395e-01   1.8127400283322395e+00   3.0530205749013910e+00   2.1789466148651524e+01   9.9984193545177535e-01
 -6.9499999999999993e+00   5.5147868898195451e-01   1.8133066970294514e+00   3.0541944882437058e+00   2.1797459881773449e+01   9.9983199393317412e-01
 -6.8999999999999986e+00   5.5130087798828675e-01   1.8138915425802145e+00   3.0554052876939628e+00   2.1805704789911594e+01   9.9982142242224892e-01
 -6.8500000000000014e+00   5.5111747503015462e-01   1.8144951762694235e+00   3.0566541654843702e+00   2.1814208991540930e+01   9.9981018054668702e-01
 -6.8000000000000007e+00   5.5092829906083340e-01   1.8151182317276102e+00   3.0579423544480062e+00   2.1822980881607030e+01   9.9979822530403162e-01
 -6.7500000000000000e+00   5.5073316284954810e-01   1.8157613658598306e+00   3.0592711295280837e+00   2.1832029141803353e+01   9.9978551088623735e-01
 -6.6999999999999993e+00   5.5053187275037196e-01   1.8164252598203894e+00   3.0606418093516270e+00   2.1841362751287175e+01   9.9977198849213045e-01
 -6.6499999999999986e+00   5.5032422846143980e-01   1.8171106200352729e+00   3.0620557578691066e+00   2.1850990997844612e+01   9.9975760612690556e-01
 -6.6000000000000014e+00   5.5011002277369836e-01   1.8178181792760668e+00   3.0635143860653127e+00   2.1860923489540799e+01   9.9974230838771971e-01
 -6.5500000000000007e+00   5.4988904130903404e-01   1.8185486977872078e+00   3.0650191537425719e+00   2.1871170166862640e+01   9.9972603623437706e-01
 -6.5000000000000000e+00   5.4966106224688094e-01   1.8193029644709466e+00   3.0665715713823993e+00   2.1881741315395701e+01   9.9970872674401690e-01
 -6.4499999999999993e+00   5.4942585603900784e-01   1.8200817981325628e+00   3.0681732020876522e+00   2.1892647579049218e+01   9.9969031284863519e-01
 -6.3999999999999986e+00   5.4918318511170638e-01   1.8208860487900689e+00   3.0698256636104699e+00   2.1903899973865350e+01   9.9967072305417959e-01
 -6.3500000000000014e+00   5.4893280355490059e-01   1.8217165990517938e+00   3.0715306304692760e+00   2.1915509902434820e+01   9.9964988113986164e-01
 -6.3000000000000007e+00   5.4867445679726312e-01   1.8225743655668356e+00   3.0732898361610661e+00   2.1927489168961436e+01   9.9962770583621541e-01
 -6.2500000000000000e+00   5.4840788126694229e-01   1.8234603005518102e+00   3.0751050754716767e+00   2.1939849994993818e+01   9.9960411048033182e-01
 -6.1999999999999993e+00   5.4813280403677911e-01   1.8243753933999198e+00   3.0769782068916727e+00   2.1952605035876317e+01   9.9957900264655308e-01
 -6.1499999999999986e+00   5.4784894245353255e-01   1.8253206723764335e+00   3.0789111551411281e+00   2.1965767397941448e+01   9.9955228375079685e-01
 -6.1000000000000014e+00   5.4755600375005187e-01   1.8262972064068164e+00   3.0809059138105281e+00   2.1979350656493043e+01   9.9952384862651567e-01
 -6.0500000000000007e+00   5.4725368463956281e-01   1.8273061069632250e+00   3.0829645481234680e+00   2.1993368874618774e+01   9.9949358507015007e-01
 -6.0000000000000000e+00   5.4694167089107371e-01   1.8283485300558773e+00   3.0850891978279127e+00   2.2007836622878127e+01   9.9946137335374996e-01
 -5.9499999999999993e+00   5.4661963688496917e-01   1.8294256783358853e+00   3.0872820802223724e+00   2.2022768999909051e+01   9.9942708570226202e-01
 -5.8999999999999986e+00   5.4628724514758531e-01   1.8305388033173635e+00   3.0895454933251996e+00   2.2038181654009218e+01   9.9939058573276651e-01
 -5.8500000000000014e+00   5.4594414586371043e-01   1.8316892077264624e+00   3.0918818191942039e+00   2.2054090805740842e+01   9.9935172785272708e-01
 -5.8000000000000007e+00   5.4558997636573936e-01   1.8328782479860741e+00   3.0942935274052408e+00   2.2070513271618065e+01   9.9931035661407908e-01
 -5.7500000000000000e+00   5.4522436059822854e-01   1.8341073368453029e+00   3.0967831786983129e+00   2.2087466488934965e+01   9.9926630601971300e-01
 -5.6999999999999993e+00   5.4484690855641937e-01   1.8353779461638426e+00   3.0993534288009297e+00   2.2104968541800641e+01   9.9921939877862564e-01
 -5.6499999999999986e+00   5.4445721569731609e-01   1.8366916098618427e+00   3.1020070324383568e+00   2.2123038188446902e+01   9.9916944550569575e-01
 -5.6000000000000014e+00   5.4405486232173905e-01   1.8380499270469299e+00   3.1047468475415108e+00   2.2141694889881816e+01   9.9911624386170572e-01
 -5.5500000000000007e+00   5.4363941292567175e-01   1.8394545653310155e+00   3.1075758396639430e+00   2.2160958839967051e+01   9.9905957762884945e-01
 -5.5000000000000000e+00   5.4321041551920224e-01   1.8409072643502185e+00   3.1104970866194912e+00   2.2180850996997858e+01   9.9899921571657246e-01
 -5.4499999999999993e+00   5.4276740091110076e-01   1.8424098395028496e+00   3.1135137833539313e+00   2.2201393116876439e+01   9.9893491109213550e-01
 -5.3999999999999986e+00   5.4230988195711005e-01   1.8439641859210811e+00   3.1166292470637242e+00   2.2222607787967931e+01   9.9886639962981694e-01
 -5.3500000000000014e+00   5.4183735276978429e-01   1.8455722826936218e+00   3.1198469225765977e+00   2.2244518467739351e+01   9.9879339887213614e-01
 -5.3000000000000007e+00   5.4134928788759407e-01   1.8472361973581100e+00   3.1231703880095050e+00   2.2267149521287319e+01   9.9871560669590498e-01
 -5.2500000000000000e+00   5.4084514140092688e-01   1.8489580906833052e+00   3.1266033607201025e+00   2.2290526261864482e+01   9.9863269987527314e-01
 -5.1999999999999993e+00   5.4032434603237511e-01   1.8507402217631743e+00   3.1301497035695052e+00   2.2314674993525603e+01   9.9854433253325647e-01
 -5.1499999999999986e+00   5.3978631216860429e-01   1.8525849534466265e+00   3.1338134315147559e+00   2.2339623056018802e+01   9.9845013447246078e-01
 -5.1000000000000014e+00   5.3923042684082634e-01   1.8544947581290452e+00   3.1375987185512657e+00   2.2365398872059931e+01   9.9834970937489276e-01
 -5.0500000000000007e+00   5.3865605265081340e-01   1.8564722239336930e+00   3.1415099050260960e+00   2.2392031997132197e+01   9.9824263285983994e-01
 -5.0000000000000000e+00   5.3806252663910215e-01   1.8585200613138702e+00   3.1455515053448933e+00   2.2419553171966314e+01   9.9812845038779618e-01
 -4.9499999999999993e+00   5.3744915909183644e-01   1.8606411101094036e+00   3.1497282160966620e+00   2.2447994377865950e+01   9.9800667499731521e-01
 -4.8999999999999986e+00   5.3681523228250760e-01   1.8628383470939476e+00   3.1540449246218540e+00   2.2477388895051927e+01   9.9787678486047726e-01
 -4.8500000000000014e+00   5.3615999914448609e-01   1.8651148940533269e+00   3.1585067180517310e+00   2.2507771364215500e+01   9.9773822064131812e-01
 -4.8000000000000007e+00   5.3548268187014159e-01   1.8674740264382765e+00   3.1631188928476170e+00   2.2539177851475692e+01   9.9759038264013777e-01
 -4.7500000000000000e+00   5.3478247043185145e-01   1.8699191826397614e+00   3.1678869648720585e+00   2.2571645916958563e+01   9.9743262770498564e-01
 -4.6999999999999993e+00   5.3405852102008999e-01   1.8724539739389017e+00   3.1728166800246127e+00   2.2605214687221380e+01   9.9726426588988470e-01
 -4.6499999999999986e+00   5.3330995439332440e-01   1.8750821951890371e+00   3.1779140254781906e+00   2.2639924931766185e+01   9.9708455683740760e-01
 -4.6000000000000014e+00   5.3253585413417104e-01   1.8778078362927515e+00   3.1831852415537161e+00   2.2675819143899986e+01   9.9689270586110623e-01
 -4.5500000000000007e+00   5.3173526480586053e-01   1.8806350945429686e+00   3.1886368342736313e+00   2.2712941626217539e+01   9.9668785970093543e-01
 -4.5000000000000000e+00   5.3090719000268416e-01   1.8835683879040030e+00   3.1942755886373297e+00   2.2751338581000088e+01   9.9646910192225158e-01
 -4.4499999999999993e+00   5.3005059028767487e-01   1.8866123693160477e+00   3.2001085826644680e+00   2.2791058205842901e+01   9.9623544792610463e-01
 -4.3999999999999986e+00   5.2916438101032925e-01   1.8897719421150534e+00   3.2061432022551313e+00   2.2832150794845230e+01   9.9598583953541653e-01
 -4.3500000000000014e+00   5.2824742999672580e-01   1.8930522766692839e+00   3.2123871569189140e+00   2.2874668845717071e+01   9.9571913911818022e-01
 -4.3000000000000007e+00   5.2729855510389367e-01   1.8964588283443522e+00   3.2188484964283850e+00   2.2918667173180499e+01   9.9543412320499725e-01
 -4.2500000000000000e+00   5.2631652162977527e-01   1.8999973569201880e+00   3.2255356284558814e+00   2.2964203029066987e+01   9.9512947555406162e-01
 -4.1999999999999993e+00   5.2530003956958171e-01   1.9036739475964557e+00   3.2324573372562839e+00   2.3011336229537292e+01   9.9480377961206101e-01
 -4.1499999999999986e+00   5.2424776070879564e-01   1.9074950337374370e+00   3.2396228034621446e+00   2.3060129289875860e+01   9.9445551031432966e-01
 -4.1000000000000014e+00   5.2315827554246808e-01   1.9114674215238017e+00   3.2470416250616538e+00   2.3110647567339765e+01   9.9408302516193969e-01
 -4.0500000000000007e+00   5.2203011000987909e-01   1.9155983166968580e+00   3.2547238396338867e+00   2.3162959412569066e+01   9.9368455450716575e-01
 -4.0000000000000000e+00   5.2086172203300218e-01   1.9198953536014292e+00   3.2626799479200415e+00   2.3217136330094544e+01   9.9325819097186729e-01
 -3.9499999999999993e+00   5.1965149784658782e-01   1.9243666267564985e+00   3.2709209388136431e+00   2.3273253148507866e+01   9.9280187791572960e-01
 -3.8999999999999986e+00   5.1839774810705730e-01   1.9290207252086371e+00   3.2794583158569317e+00   2.3331388200888068e+01   9.9231339686290343e-01
 -3.8500000000000014e+00   5.1709870376680656e-01   1.9338667699522316e+00   3.2883041253346854e+00   2.3391623516105724e+01   9.9179035378634717e-01
 -3.8000000000000007e+00   5.1575251169986869e-01   1.9389144547335311e+00   3.2974709860611617e+00   2.3454045021656384e+01   9.9123016413895393e-01
 -3.7500000000000000e+00   5.1435723006436807e-01   1.9441740905923637e+00   3.3069721209593479e+00   2.3518742758698654e+01   9.9063003650932946e-01
 -3.6999999999999993e+00   5.1291082338668947e-01   1.9496566545371734e+00   3.3168213905351855e+00   2.3585811109996101e+01   9.8998695476771914e-01
 -3.6499999999999986e+00   5.1141115735182985e-01   1.9553738427963963e+00   3.3270333283525400e+00   2.3655349041483142e+01   9.8929765855399032e-01
 -3.6000000000000014e+00   5.0985599328414699e-01   1.9613381291424610e+00   3.3376231786164006e+00   2.3727460358186907e+01   9.8855862194466959e-01
 -3.5500000000000007e+00   5.0824298230250342e-01   1.9675628288455256e+00   3.3486069359732817e+00   2.3802253975247041e+01   9.8776603011968378e-01
 -3.5000000000000000e+00   5.0656965913389684e-01   1.9740621688826399e+00   3.3600013876371473e+00   2.3879844204771132e+01   9.8691575383159003e-01
 -3.4499999999999993e+00   5.0483343556996851e-01   1.9808513651061506e+00   3.3718241579471524e+00   2.3960351059249529e+01   9.8600332146058678e-01
 -3.3999999999999986e+00   5.0303159355142979e-01   1.9879467071639514e+00   3.3840937554590651e+00   2.4043900572223162e+01   9.8502388841741373e-01
 -3.3500000000000014e+00   5.0116127786654852e-01   1.9953656520651712e+00   3.3968296226647383e+00   2.4130625136847037e+01   9.8397220363329663e-01
 -3.3000000000000007e+00   4.9921948845147263e-01   2.0031269274000039e+00   3.4100521884228590e+00   2.4220663862916105e+01   9.8284257285135923e-01
 -3.2500000000000000e+00   4.9720307228254584e-01   2.0112506453534733e+00   3.4237829231680226e+00   2.4314162952810022e+01   9.8162881840744165e-01
 -3.1999999999999993e+00   4.9510871485395558e-01   2.0197584288028025e+00   3.4380443969434689e+00   2.4411276096665627e+01   9.8032423516005596e-01
 -3.1499999999999986e+00   4.9293293123839554e-01   2.0286735509589504e+00   3.4528603402732765e+00   2.4512164886884584e+01   9.7892154219953642e-01
 -3.1000000000000014e+00   4.9067205673411707e-01   2.0380210902082712e+00   3.4682557078510285e+00   2.4616999251819728e+01   9.7741282993553114e-01
 -3.0500000000000007e+00   4.8832223710911243e-01   2.0478281020336917e+00   3.4842567449717983e+00   2.4725957908142018e+01   9.7578950213033411e-01
 -3.0000000000000000e+00   4.8587941846268268e-01   2.0581238101502413e+00   3.5008910565695466e+00   2.4839228830948908e+01   9.7404221241386335e-01
 -2.9499999999999993e+00   4.8333933673671470e-01   2.0689398192821238e+00   3.5181876786398139e+00   2.4957009740115385e+01   9.7216079478531470e-01
 -2.8999999999999986e+00   4.8069750692431468e-01   2.0803103523427446e+00   3.5361771517232574e+00   2.5079508600678228e+01   9.7013418757808378e-01
 -2.8500000000000014e+00   4.7794921204267965e-01   2.0922725151615116e+00   3.5548915959946030e+00   2.5206944134152327e+01   9.6795035034031851e-01
 -2.8000000000000007e+00   4.7508949196123729e-01   2.1048665923379133e+00   3.5743647873371427e+00   2.5339546336558062e+01   9.6559617306602807e-01
 -2.7500000000000000e+00   4.7211313220616946e-01   2.1181363783020233e+00   3.5946322335780478e+00   2.5477556997543704e+01   9.6305737720449769e-01
 -2.6999999999999993e+00   4.6901465289986782e-01   2.1321295482286238e+00   3.6157312498048664e+00   2.5621230213251220e+01   9.6031840788340572e-01
 -2.6499999999999986e+00   4.6578829804025174e-01   2.1468980740979964e+00   3.6377010313677345e+00   2.5770832883422965e+01   9.5736231680960016e-01
 -2.6000000000000014e+00   4.6242802538222189e-01   2.1624986919282101e+00   3.6605827227813625e+00   2.5926645180588000e+01   9.5417063536887148e-01
 -2.5500000000000007e+00   4.5892749725418269e-01   2.1789934270295808e+00   3.6844194802596917e+00   2.6088960975890281e+01   9.5072323754264965e-01
 -2.5000000000000000e+00   4.5528007272944193e-01   2.1964501850584339e+00   3.7092565250245499e+00   2.6258088202092562e+01   9.4699819240869731e-01
 -2.4499999999999993e+00   4.5147880167878579e-01   2.2149434176789353e+00   3.7351411838044921e+00   2.6434349129352242e+01   9.4297160621191223e-01
 -2.3999999999999986e+00   4.4751642136069192e-01   2.2345548727786553e+00   3.7621229120536559e+00   2.6618080523329574e+01   9.3861745430234145e-01
 -2.3500000000000014e+00   4.4338535636420900e-01   2.2553744404192102e+00   3.7902532943407241e+00   2.6809633647836282e+01   9.3390740366865532e-01
 -2.3000000000000007e+00   4.3907772291201902e-01   2.2775011070201274e+00   3.8195860150473298e+00   2.7009374065307107e+01   9.2881062738218823e-01
 -2.2500000000000000e+00   4.3458533876378347e-01   2.3010440316385008e+00   3.8501767909314712e+00   2.7217681177592091e+01   9.2329361305385360e-01
 -2.1999999999999993e+00   4.2989974023953847e-01   2.3261237595603195e+00   3.8820832552071369e+00   2.7434947436599707e+01   9.1731996844915520e-01
 -2.1499999999999986e+00   4.2501220821697738e-01   2.3528735896675221e+00   3.9153647805164660e+00   2.7661577138830307e+01   9.1085022877310495e-01
 -2.1000000000000014e+00   4.1991380535241207e-01   2.3814411130416429e+00   3.9500822254745604e+00   2.7897984699479412e+01   9.0384167190912490e-01
 -2.0500000000000007e+00   4.1459542723984738e-01   2.4119899407898933e+00   3.9862975863030621e+00   2.8144592280245437e+01   8.9624815017110793e-01
 -2.0000000000000000e+00   4.0904787076084448e-01   2.4447016388080991e+00   4.0240735314034932e+00   2.8401826620018635e+01   8.8801995001752498e-01
 -1.9499999999999993e+00   4.0326192349083162e-01   2.4797778856568282e+00   4.0634727925472545e+00   2.8670114889204818e+01   8.7910369480448591e-01
 -1.8999999999999986e+00   3.9722847870959493e-01   2.5174428662529964e+00   4.1045573817146010e+00   2.8949879356810275e+01   8.6944231014951945e-01
 -1.8500000000000014e+00   3.9093868129805237e-01   2.5579459077307272e+00   4.1473875976142640e+00   2.9241530625362319e+01   8.5897507695909092e-01
 -1.8000000000000007e+00   3.8438411055573540e-01   2.6015643533085138e+00   4.1920207807924488e+00   2.9545459153855582e+01   8.4763780372671660e-01
 -1.7500000000000000e+00   3.7755700668281783e-01   2.6486066535644794e+00   4.2385097714092019e+00   2.9862024756019334e+01   8.3536315734743016e-01
 -1.6999999999999993e+00   3.7045054823763035e-01   2.6994156298522656e+00   4.2869010198985107e+00   3.0191543734905334e+01   8.2208120029429121e-01
 -1.6500000000000021e+00   3.6305918815181654e-01   2.7543718287108625e+00   4.3372322988816148e+00   3.0534273302219628e+01   8.0772019120937211e-01
 -1.6000000000000014e+00   3.5537905563393596e-01   2.8138968353556164e+00   4.3895299664146261e+00   3.0890392942476584e+01   7.9220771505801224e-01
 -1.5500000000000007e+00   3.4740843019817902e-01   2.8784563443942632e+00   4.4438057381020162e+00   3.1259982432787623e+01   7.7547221672382027e-01
 -1.5000000000000000e+00   3.3914829168598337e-01   2.9485626922334545e+00   4.5000529417383719e+00   3.1642996338939273e+01   7.5744501626694627e-01
 -1.4499999999999993e+00   3.3060294595378964e-01   3.0247764342056893e+00   4.5582422567035046e+00   3.2039235002912214e+01   7.3806288201795678e-01
 -1.4000000000000021e+00   3.2178071922862983e-01   3.1077063983112225e+00   4.6183169857656763e+00   3.2448312346345375e+01   7.1727122503067975e-01
 -1.3500000000000014e+00   3.1269470430074292e-01   3.1980074694140708e+00   4.6801879739019245e+00   3.2869621270371780e+01   6.9502794973708415e-01
 -1.3000000000000007e+00   3.0336352816245948e-01   3.2963751643357488e+00   4.7437283810805475e+00   3.3302298061013509e+01   6.7130794459924803e-01
 -1.2500000000000000e+00   2.9381209323555368e-01   3.4035358755580036e+00   4.8087686348922567e+00   3.3745188019251643e+01   6.4610811688184133e-01
 -1.1999999999999993e+00   2.8407222357896211e-01   3.5202315361960586e+00   4.8750920302151100e+00   3.4196815497056178e+01   6.1945276319773668e-01
 -1.1500000000000021e+00   2.7418312541145995e-01   3.6471974651952936e+00   4.9424315932970320e+00   3.4655362543435594e+01   5.9139892340666445e-01
 -1.1000000000000014e+00   2.6419155182217224e-01   3.7851323901269245e+00   5.0104689601637675e+00   3.5118661266984176e+01   5.6204120083297426e-01
 -1.0500000000000007e+00   2.5415155084109475e-01   3.9346602320173845e+00   5.0788360921262763e+00   3.5584205517586184e+01   5.3151537228425405e-01
 -1.0000000000000000e+00   2.4412368218440769e-01   4.0962842730047537e+00   5.1471206093336495e+00   3.6049187205109057e+01   5.0000000000004230e-01
 -9.4999999999999929e-01   2.3417361940529507e-01   4.2703358411574701e+00   5.2148753093916413e+00   3.6510561116194850e+01   4.6771525177283835e-01
 -9.0000000000000213e-01   2.2437011651357217e-01   4.4569215167275180e+00   5.2816320136147246e+00   3.6965139199962316e+01   4.3491829398146831e-01
 -8.5000000000000142e-01   2.1478240991438258e-01   4.6558747543554615e+00   5.3469192584586258e+00   3.7409711037367913e+01   4.0189498171418642e-01
 -8.0000000000000071e-01   2.0547723528838269e-01   4.8667191701140151e+00   5.4102826089990206e+00   3.7841182165323623e+01   3.6894811475087069e-01
 -7.5000000000000000e-01   1.9651574057359658e-01   5.0886508993181270e+00   5.4713056799032787e+00   3.8256717218470719e+01   3.3638316799229712e-01
 -6.9999999999999929e-01   1.8795063955829816e-01   5.3205458749706569e+00   5.5296295179675141e+00   3.8653871914074109e+01   3.0449298149686660e-01
 -6.5000000000000213e-01   1.7982394900084639e-01   5.5609945480359420e+00   5.5849680111416600e+00   3.9030697979387625e+01   2.7354322641654477e-01
 -6.0000000000000142e-01   1.7216557592322215e-01   5.8083620644695753e+00   5.6371175083182905e+00   3.9385808657361935e+01   2.4376041656223343e-01
 -5.5000000000000071e-01   1.6499288563864853e-01   6.0608673890952085e+00   5.6859597608375747e+00   3.9718398736747943e+01   2.1532379574638175e-01
 -5.0000000000000000e-01   1.5831122118116339e-01   6.3166716328696015e+00   5.7314583854447880e+00   4.0028220466695636e+01   1.8836171856191217e-01
 -4.4999999999999929e-01   1.5211520429245984e-01   6.5739648094438961e+00   5.7736500052534216e+00   4.0315523231367209e+01   1.6295236550390452e-01
 -4.0000000000000213e-01   1.4639056018028487e-01   6.8310415560160882e+00   5.8126318240991663e+00   4.0580968937815697e+01   1.3912800152485971e-01
 -3.5000000000000142e-01   1.4111618500856393e-01   7.0863593707505128e+00   5.8485475480183613e+00   4.0825536148649689e+01   1.1688163070852189e-01
 -3.0000000000000071e-01   1.3626620733343042e-01   7.3385765962730236e+00   5.8815733479516492e+00   4.1050424495419968e+01   9.6174839215139918e-02
 -2.5000000000000000e-01   1.3181186045416268e-01   7.5865707118802712e+00   5.9119051100177726e+00   4.1256967859682426e+01   7.6945785938774436e-02
 -1.9999999999999929e-01   1.2772305797540159e-01   7.8294398509671739e+00   5.9397477067626276e+00   4.1446561315840647e+01   5.9116588342004506e-02
 -1.5000000000000213e-01   1.2396963179415496e-01   8.0664916522495389e+00   5.9653065671181658e+00   4.1620603726994965e+01   4.2599660147451930e-02
 -1.0000000000000142e-01   1.2052224099955480e-01   8.2972237464759218e+00   5.9887814872725542e+00   4.1780455600219796e+01   2.7302821689095626e-02
 -5.0000000000000711e-02   1.1735299014443241e-01   8.5212997024553712e+00   6.0103624205655697e+00   4.1927410417963188e+01   1.3133193693501450e-02
  0.0000000000000000e+00   1.1443580900050836e-01   8.7385234458870968e+00   6.0302268915552721e+00   4.2062677029199385e+01   0.0000000000000000e+00
