# First column is time, second column is the perturbation of detonation velocity.
  0.0000000000000000e+00   1.0000000000000000e-10
  1.0000000000000000e-02   1.0008346970268195e-10
  2.0000000000000000e-02   1.0015666720745499e-10
  2.9999999999999999e-02   1.0022181030391864e-10
  4.0000000000000001e-02   1.0028084936873900e-10
  5.0000000000000003e-02   1.0033548927897297e-10
  5.9999999999999998e-02   1.0038720876039275e-10
  7.0000000000000007e-02   1.0043727766527526e-10
  8.0000000000000002e-02   1.0048677261382861e-10
  8.9999999999999997e-02   1.0053659137576622e-10
  1.0000000000000001e-01   1.0058746631329856e-10
  1.1000000000000000e-01   1.0063997715394026e-10
  1.2000000000000000e-01   1.0069456331109867e-10
  1.3000000000000000e-01   1.0075153592258941e-10
  1.4000000000000001e-01   1.0081108973225037e-10
  1.4999999999999999e-01   1.0087331489797962e-10
  1.6000000000000000e-01   1.0093820877110311e-10
  1.7000000000000001e-01   1.0100568765728147e-10
  1.7999999999999999e-01   1.0107559853846902e-10
  1.9000000000000000e-01   1.0114773070897949e-10
  2.0000000000000001e-01   1.0122182725668087e-10
  2.0999999999999999e-01   1.0129759630286163e-10
  2.2000000000000000e-01   1.0137472190143751e-10
  2.3000000000000001e-01   1.0145287448988211e-10
  2.3999999999999999e-01   1.0153172078046712e-10
  2.5000000000000000e-01   1.0161093298091000e-10
  2.6000000000000001e-01   1.0169019723809537e-10
  2.7000000000000002e-01   1.0176922120683356e-10
  2.8000000000000003e-01   1.0184774065725377e-10
  2.8999999999999998e-01   1.0192552504895116e-10
  2.9999999999999999e-01   1.0200238201691924e-10
  3.1000000000000000e-01   1.0207816073306868e-10
  3.2000000000000001e-01   1.0215275412720388e-10
  3.3000000000000002e-01   1.0222609997212948e-10
  3.4000000000000002e-01   1.0229818085852178e-10
  3.5000000000000003e-01   1.0236902310577094e-10
  3.5999999999999999e-01   1.0243869467464748e-10
  3.7000000000000000e-01   1.0250730216587885e-10
  3.8000000000000000e-01   1.0257498700509389e-10
  3.9000000000000001e-01   1.0264192092871326e-10
  4.0000000000000002e-01   1.0270830089691003e-10
  4.1000000000000003e-01   1.0277434356847754e-10
  4.1999999999999998e-01   1.0284027947814452e-10
  4.2999999999999999e-01   1.0290634705946138e-10
  4.4000000000000000e-01   1.0297278665582494e-10
  4.5000000000000001e-01   1.0303983465855707e-10
  4.6000000000000002e-01   1.0310771790433146e-10
  4.7000000000000003e-01   1.0317664845484495e-10
  4.7999999999999998e-01   1.0324681886970825e-10
  4.8999999999999999e-01   1.0331839806939928e-10
  5.0000000000000000e-01   1.0339152786913669e-10
  5.1000000000000001e-01   1.0346632024708817e-10
  5.2000000000000002e-01   1.0354285539184979e-10
  5.3000000000000003e-01   1.0362118055505949e-10
  5.4000000000000004e-01   1.0370130971578554e-10
  5.5000000000000004e-01   1.0378322404440028e-10
  5.6000000000000005e-01   1.0386687313543785e-10
  5.7000000000000006e-01   1.0395217696184334e-10
  5.7999999999999996e-01   1.0403902848741825e-10
  5.8999999999999997e-01   1.0412729686047927e-10
  5.9999999999999998e-01   1.0421683110005415e-10
  6.0999999999999999e-01   1.0430746417656121e-10
  6.2000000000000000e-01   1.0439901738202667e-10
  6.3000000000000000e-01   1.0449130488058963e-10
  6.4000000000000001e-01   1.0458413832837145e-10
  6.5000000000000002e-01   1.0467733145272657e-10
  6.6000000000000003e-01   1.0477070448436495e-10
  6.7000000000000004e-01   1.0486408834170660e-10
  6.8000000000000005e-01   1.0495732847490776e-10
  6.9000000000000006e-01   1.0505028828704891e-10
  7.0000000000000007e-01   1.0514285206172041e-10
  7.0999999999999996e-01   1.0523492733937189e-10
  7.1999999999999997e-01   1.0532644669897075e-10
  7.2999999999999998e-01   1.0541736891638905e-10
  7.3999999999999999e-01   1.0550767948614669e-10
  7.5000000000000000e-01   1.0559739050831971e-10
  7.6000000000000001e-01   1.0568653995722205e-10
  7.7000000000000002e-01   1.0577519036255236e-10
  7.8000000000000003e-01   1.0586342694675052e-10
  7.9000000000000004e-01   1.0595135527405042e-10
  8.0000000000000004e-01   1.0603909847690133e-10
  8.1000000000000005e-01   1.0612679413385655e-10
  8.2000000000000006e-01   1.0621459087953692e-10
  8.3000000000000007e-01   1.0630264483175913e-10
  8.3999999999999997e-01   1.0639111592331415e-10
  8.4999999999999998e-01   1.0648016422617953e-10
  8.5999999999999999e-01   1.0656994635419161e-10
  8.7000000000000000e-01   1.0666061202647259e-10
  8.8000000000000000e-01   1.0675230086833864e-10
  8.9000000000000001e-01   1.0684513951917459e-10
  9.0000000000000002e-01   1.0693923910805709e-10
  9.1000000000000003e-01   1.0703469314797605e-10
  9.2000000000000004e-01   1.0713157588860299e-10
  9.3000000000000005e-01   1.0722994115596019e-10
  9.4000000000000006e-01   1.0732982169534309e-10
  9.5000000000000007e-01   1.0743122902172980e-10
  9.5999999999999996e-01   1.0753415376996005e-10
  9.6999999999999997e-01   1.0763856652545960e-10
  9.7999999999999998e-01   1.0774441910548186e-10
  9.8999999999999999e-01   1.0785164625097459e-10
  1.0000000000000000e+00   1.0796016768046570e-10
