# ZND solution.
# Columns are: spatial coordinate; specific volume; density;
# flow velocity in lab frame; pressure; reaction progress variable.
 -2.1499999999999999e+00   5.9472772639671323e-01   1.6814417011608265e+00   4.0527227360328677e-01   4.9560718160958034e-01   9.9999999999900002e-01
 -2.1000000000000001e+00   5.9472772639671323e-01   1.6814417011608265e+00   4.0527227360328677e-01   4.9560718160958034e-01   9.9999999999900002e-01
 -2.0499999999999998e+00   5.9472772639671323e-01   1.6814417011608265e+00   4.0527227360328677e-01   4.9560718160958034e-01   9.9999999999900002e-01
 -2.0000000000000000e+00   5.9472772639671323e-01   1.6814417011608265e+00   4.0527227360328677e-01   4.9560718160958034e-01   9.9999999999900002e-01
 -1.9500000000000000e+00   5.9472737425082522e-01   1.6814426967645377e+00   4.0527262574917478e-01   4.9560753375546840e-01   9.9999999999650746e-01
 -1.8999999999999999e+00   5.9472663570903062e-01   1.6814447848090814e+00   4.0527336429096938e-01   4.9560827229726295e-01   9.9999999998637501e-01
 -1.8499999999999999e+00   5.9472517695003757e-01   1.6814489091051366e+00   4.0527482304996248e-01   4.9560973105625605e-01   9.9999999994684652e-01
 -1.7999999999999998e+00   5.9472229564992973e-01   1.6814570553592094e+00   4.0527770435007027e-01   4.9561261235636389e-01   9.9999999979263510e-01
 -1.7500000000000000e+00   5.9471660449787545e-01   1.6814731460950363e+00   4.0528339550212455e-01   4.9561830350841818e-01   9.9999999919099658e-01
 -1.7000000000000000e+00   5.9470536281671627e-01   1.6815049308848968e+00   4.0529463718328373e-01   4.9562954518957736e-01   9.9999999684362739e-01
 -1.6499999999999999e+00   5.9468315549560891e-01   1.6815677235158948e+00   4.0531684450439109e-01   4.9565175251068472e-01   9.9999998768394771e-01
 -1.6000000000000001e+00   5.9463927932365535e-01   1.6816918000058847e+00   4.0536072067634465e-01   4.9569562868263828e-01   9.9999995193326852e-01
 -1.5499999999999998e+00   5.9455256418397362e-01   1.6819370737598365e+00   4.0544743581602638e-01   4.9578234382232000e-01   9.9999981232988733e-01
 -1.5000000000000000e+00   5.9438107975975107e-01   1.6824223281202022e+00   4.0561892024024893e-01   4.9595382824654255e-01   9.9999926667602179e-01
 -1.4500000000000000e+00   5.9404155224019783e-01   1.6833839252976277e+00   4.0595844775980222e-01   4.9629335576609579e-01   9.9999712995556977e-01
 -1.3999999999999999e+00   5.9336771856458348e-01   1.6852955911034411e+00   4.0663228143541652e-01   4.9696718944171014e-01   9.9998873195227811e-01
 -1.3500000000000001e+00   5.9202415958166132e-01   1.6891202560156064e+00   4.0797584041833868e-01   4.9831074842463230e-01   9.9995548447683291e-01
 -1.2999999999999998e+00   5.8932052157580139e-01   1.6968694681224925e+00   4.1067947842419861e-01   5.0101438643049223e-01   9.9982195990467826e-01
 -1.2500000000000000e+00   5.8378142440158076e-01   1.7129698859895621e+00   4.1621857559841924e-01   5.0655348360471286e-01   9.9927041803548444e-01
 -1.2000000000000000e+00   5.7203676248262414e-01   1.7481393952025512e+00   4.2796323751737586e-01   5.1829814552366948e-01   9.9686506539858133e-01
 -1.1499999999999999e+00   5.4561559568985563e-01   1.8327921853766624e+00   4.5438440431014443e-01   5.4471931231643800e-01   9.8531439636827456e-01
 -1.1000000000000001e+00   4.8362099057884866e-01   2.0677348987749569e+00   5.1637900942115134e-01   6.0671391742744496e-01   9.2483926328200239e-01
 -1.0500000000000000e+00   3.8002553443199538e-01   2.6314021280034474e+00   6.1997446556800462e-01   7.1030937357429824e-01   7.1933925161566503e-01
 -1.0000000000000000e+00   3.0815764530044726e-01   3.2450922936700821e+00   6.9184235469955291e-01   7.8217726270584631e-01   5.0000000000799949e-01
 -9.4999999999999996e-01   2.7318567378307590e-01   3.6605140604629720e+00   7.2681432621692410e-01   8.1714923422321761e-01   3.7051738948429763e-01
 -8.9999999999999991e-01   2.5366952152580591e-01   3.9421369740639873e+00   7.4633047847419420e-01   8.3666538648048761e-01   2.9178500365959670e-01
 -8.5000000000000009e-01   2.4108047811235023e-01   4.1479924373385888e+00   7.5891952188764977e-01   8.4925442989394340e-01   2.3853728217429024e-01
 -8.0000000000000004e-01   2.3213676547062628e-01   4.3078053490261814e+00   7.6786323452937388e-01   8.5819814253566740e-01   1.9953563968653043e-01
 -7.5000000000000000e-01   2.2535867639142312e-01   4.4373707549786570e+00   7.7464132360857685e-01   8.6497623161487047e-01   1.6932901560561536e-01
 -6.9999999999999996e-01   2.1998367868544122e-01   4.5457917877167544e+00   7.8001632131455878e-01   8.7035122932085240e-01   1.4497756774544673e-01
 -6.5000000000000013e-01   2.1557737119862228e-01   4.6387057901297517e+00   7.8442262880137781e-01   8.7475753680767143e-01   1.2475236568339727e-01
 -6.0000000000000009e-01   2.1187279423554597e-01   4.7198131483000454e+00   7.8812720576445405e-01   8.7846211377074768e-01   1.0756520444133544e-01
 -5.5000000000000004e-01   2.0869597268489073e-01   4.7916593077236627e+00   7.9130402731510929e-01   8.8163893532140281e-01   9.2693433026445157e-02
 -5.0000000000000000e-01   2.0592812731917320e-01   4.8560631955345990e+00   7.9407187268082680e-01   8.8440678068712031e-01   7.9636037908492732e-02
 -4.4999999999999996e-01   2.0348504714985985e-01   4.9143660136537397e+00   7.9651495285014018e-01   8.8684986085643380e-01   6.8033222186993078e-02
 -4.0000000000000013e-01   2.0130514233332034e-01   4.9675829857550466e+00   7.9869485766667969e-01   8.8902976567297332e-01   5.7618936444446683e-02
 -3.5000000000000009e-01   1.9934217735129331e-01   5.0164998360469255e+00   8.0065782264870666e-01   8.9099273065500040e-01   4.8191546719055761e-02
 -3.0000000000000004e-01   1.9756066551576204e-01   5.0617363400216764e+00   8.0243933448423799e-01   8.9277424249053161e-01   3.9594993830978621e-02
 -2.5000000000000000e-01   1.9593284632860627e-01   5.1037894806206348e+00   8.0406715367139381e-01   8.9440206167768721e-01   3.1706283838308952e-02
 -2.0000000000000018e-01   1.9443664114478196e-01   5.1430635404536593e+00   8.0556335885521813e-01   8.9589826686151164e-01   2.4426940874768755e-02
 -1.5000000000000013e-01   1.9305423391030402e-01   5.1798915762946462e+00   8.0694576608969604e-01   8.9728067409598955e-01   1.7677019627017520e-02
 -1.0000000000000009e-01   1.9177106302975333e-01   5.2145510600045517e+00   8.0822893697024667e-01   8.9856384497654029e-01   1.1390817796398691e-02
 -5.0000000000000266e-02   1.9057509063147576e-01   5.2472754791115284e+00   8.0942490936852429e-01   8.9975981737481781e-01   5.5137455866839588e-03
  0.0000000000000000e+00   1.8945626327959297e-01   5.2782630813542157e+00   8.1054373672040703e-01   9.0087864472670065e-01   0.0000000000000000e+00
