# Columns: x, rho, u, p, lamdatime_step 2000
# time   1.0000000000000000e+01
 -1.2074999999999999e+01  -1.9790661398639848e-11  -6.6016579205448197e-11  -3.5942310586370675e-10  -8.8208006208179214e-17  -1.2946759374000885e-15
 -1.2049999999999999e+01  -1.9790661398639848e-11  -6.6016579205448197e-11  -3.5942310586370675e-10  -8.8208006208179214e-17  -1.2946759374000885e-15
 -1.2024999999999999e+01  -1.9790661398639848e-11  -6.6016579205448197e-11  -3.5942310586370675e-10  -8.8208006208179214e-17  -1.2946759374000885e-15
 -1.2000000000000000e+01  -1.9790661398639848e-11  -6.6016579205448197e-11  -3.5942310586370675e-10  -8.8208006208179214e-17  -1.2946759374000885e-15
 -1.1975000000000000e+01  -1.9727332219516212e-11  -6.6052223691882691e-11  -3.5918218180216629e-10  -9.1807286185077674e-17  -1.3449433694046768e-15
 -1.1949999999999999e+01  -1.9685443950872233e-11  -6.6070442999325836e-11  -3.5905838213964748e-10  -9.4555521176385689e-17  -1.3831813610863436e-15
 -1.1924999999999999e+01  -1.9636200554808441e-11  -6.6099051290068134e-11  -3.5886405739563133e-10  -9.7581962438893606e-17  -1.4252190951259050e-15
 -1.1899999999999999e+01  -1.9589494513796183e-11  -6.6121573581409378e-11  -3.5871057845700106e-10  -1.0075919730221266e-16  -1.4692500558076774e-15
 -1.1875000000000000e+01  -1.9541571804880899e-11  -6.6147589724494266e-11  -3.5853338670351430e-10  -1.0402722218435836e-16  -1.5144287910156141e-15
 -1.1850000000000000e+01  -1.9494559136261020e-11  -6.6171519288008024e-11  -3.5837009726247069e-10  -1.0742931052918888e-16  -1.5613533976806448e-15
 -1.1824999999999999e+01  -1.9447061536082027e-11  -6.6196596148922613e-11  -3.5819870683042340e-10  -1.1095907067527532e-16  -1.6099244841036277e-15
 -1.1799999999999999e+01  -1.9399957061788165e-11  -6.6220914572730114e-11  -3.5803187625064821e-10  -1.1462219216471464e-16  -1.6602124461495058e-15
 -1.1774999999999999e+01  -1.9352708567979928e-11  -6.6245567292382727e-11  -3.5786212002135757e-10  -1.1842423954771701e-16  -1.7122850993781165e-15
 -1.1750000000000000e+01  -1.9305629940184450e-11  -6.6269917669698508e-11  -3.5769379573318170e-10  -1.2236992374311758e-16  -1.7661978001017542e-15
 -1.1725000000000000e+01  -1.9258549972001519e-11  -6.6294356199122851e-11  -3.5752450076738942e-10  -1.2646461584709545e-16  -1.8220146303265945e-15
 -1.1699999999999999e+01  -1.9211584382805301e-11  -6.6318689393640955e-11  -3.5735586412016234e-10  -1.3071376405766906e-16  -1.8798001599267202e-15
 -1.1674999999999999e+01  -1.9164682762859940e-11  -6.6343063844744427e-11  -3.5718716743902901e-10  -1.3512301156431052e-16  -1.9396210923578389e-15
 -1.1649999999999999e+01  -1.9117883020240961e-11  -6.6367410872966601e-11  -3.5701894279534542e-10  -1.3969821112493592e-16  -2.0015464371324754e-15
 -1.1625000000000000e+01  -1.9071156892297666e-11  -6.6391756279672682e-11  -3.5685078580014287e-10  -1.4444541853621793e-16  -2.0656473892236670e-15
 -1.1600000000000000e+01  -1.9024498399814946e-11  -6.6416036767705268e-11  -3.5668260730157792e-10  -1.4937090489808963e-16  -2.1319974717884218e-15
 -1.1574999999999999e+01  -1.8977877672218908e-11  -6.6440218070084818e-11  -3.5651398035013407e-10  -1.5448116362011739e-16  -2.2006726028687438e-15
 -1.1549999999999999e+01  -1.8931279642738750e-11  -6.6464250875085841e-11  -3.5634468723110729e-10  -1.5978291776694000e-16  -2.2717511659969081e-15
 -1.1524999999999999e+01  -1.8884696441046444e-11  -6.6488127753541097e-11  -3.5617461194642736e-10  -1.6528312802974472e-16  -2.3453140881578357e-15
 -1.1500000000000000e+01  -1.8838144374631768e-11  -6.6511876301230456e-11  -3.5600398027165993e-10  -1.7098900035596860e-16  -2.4214449116250338e-15
 -1.1475000000000000e+01  -1.8791658353634977e-11  -6.6535572164051888e-11  -3.5583328094157802e-10  -1.7690799392221762e-16  -2.5002298691678717e-15
 -1.1449999999999999e+01  -1.8745287505718768e-11  -6.6559315468645224e-11  -3.5566320365691418e-10  -1.8304782939213513e-16  -2.5817579617373434e-15
 -1.1424999999999999e+01  -1.8699078752630616e-11  -6.6583204797985653e-11  -3.5549440690261975e-10  -1.8941649776461458e-16  -2.6661210427955320e-15
 -1.1399999999999999e+01  -1.8653061457190173e-11  -6.6607300156799991e-11  -3.5532730089886535e-10  -1.9602226987587896e-16  -2.7534139101042172e-15
 -1.1375000000000000e+01  -1.8607233840421047e-11  -6.6631597361726073e-11  -3.5516185557647099e-10  -2.0287370657052832e-16  -2.8437344051303085e-15
 -1.1350000000000000e+01  -1.8561558182673086e-11  -6.6656016336856580e-11  -3.5499753273312693e-10  -2.0997966943337531e-16  -2.9371835184664042e-15
 -1.1324999999999999e+01  -1.8515963260364853e-11  -6.6680407181094088e-11  -3.5483332048028010e-10  -2.1734933256496656e-16  -3.0338655071852344e-15
 -1.1299999999999999e+01  -1.8470351046278013e-11  -6.6704563642144979e-11  -3.5466782796021891e-10  -2.2499219863235242e-16  -3.1338880651309127e-15
 -1.1274999999999999e+01  -1.8424601931472762e-11  -6.6728234381501114e-11  -3.5449935914983970e-10  -2.3291812688869077e-16  -3.2373626440206743e-15
 -1.1250000000000000e+01  -1.8378577308281915e-11  -6.6751128197123067e-11  -3.5432594937011247e-10  -2.4113735212514655e-16  -3.3444046554327652e-15
 -1.1225000000000000e+01  -1.8332124949794620e-11  -6.6772925387402719e-11  -3.5414544168695552e-10  -2.4966020487454736e-16  -3.4551298499132740e-15
 -1.1199999999999999e+01  -1.8285097512848709e-11  -6.6793316238882030e-11  -3.5395575082345145e-10  -2.5849515830008348e-16  -3.5696293114780277e-15
 -1.1174999999999999e+01  -1.8237387302616437e-11  -6.6812072932418750e-11  -3.5375536201308680e-10  -2.6764256778386073e-16  -3.6878894789355381e-15
 -1.1149999999999999e+01  -1.8188954440364299e-11  -6.6829108764700745e-11  -3.5354372720843539e-10  -2.7709585070201626e-16  -3.8098078547044366e-15
 -1.1125000000000000e+01  -1.8139814082306860e-11  -6.6844456180037643e-11  -3.5332104997810463e-10  -2.8686990421215178e-16  -3.9355567212308472e-15
 -1.1100000000000000e+01  -1.8090025892451529e-11  -6.6858238023294795e-11  -3.5308817047052704e-10  -2.9697419855063715e-16  -4.0652376134140624e-15
 -1.1074999999999999e+01  -1.8039690899010429e-11  -6.6870665920337525e-11  -3.5284651236872618e-10  -3.0741942641014934e-16  -4.1989668524115236e-15
 -1.1049999999999999e+01  -1.7988948982955354e-11  -6.6882031463573647e-11  -3.5259804834262722e-10  -3.1821686504696177e-16  -4.3368672133175012e-15
 -1.1024999999999999e+01  -1.7937964541533992e-11  -6.6892678400500273e-11  -3.5234509788567240e-10  -3.2937796043751677e-16  -4.4790625574968798e-15
 -1.1000000000000000e+01  -1.7886901747471731e-11  -6.6902949519359370e-11  -3.5208997724021273e-10  -3.4091457573178945e-16  -4.6256809832141764e-15
 -1.0975000000000000e+01  -1.7835895530158145e-11  -6.6913126613007861e-11  -3.5183458923401404e-10  -3.5283893815046342e-16  -4.7768540919863229e-15
 -1.0949999999999999e+01  -1.7785029599141239e-11  -6.6923384030882157e-11  -3.5158011257535339e-10  -3.6516365565326211e-16  -4.9327171565583418e-15
 -1.0924999999999999e+01  -1.7734328800059435e-11  -6.6933772921264085e-11  -3.5132689377221374e-10  -3.7790173445445961e-16  -5.0934092962899195e-15
 -1.0899999999999999e+01  -1.7683767616908810e-11  -6.6944238901113015e-11  -3.5107456732789167e-10  -3.9106659061024981e-16  -5.2590735744675913e-15
 -1.0875000000000000e+01  -1.7633290154058981e-11  -6.6954663993247043e-11  -3.5082233823046149e-10  -4.0467206465744016e-16  -5.4298571325836977e-15
 -1.0850000000000000e+01  -1.7582833769938576e-11  -6.6964916076240554e-11  -3.5056931607319303e-10  -4.1873243545349967e-16  -5.6059113116116761e-15
 -1.0824999999999999e+01  -1.7532348549613985e-11  -6.6974889693748949e-11  -3.5031479035144794e-10  -4.3326243370387330e-16  -5.7873917666212543e-15
 -1.0799999999999999e+01  -1.7481807791885026e-11  -6.6984527998751630e-11  -3.5005837872943093e-10  -4.4827725536685992e-16  -5.9744585772719856e-15
 -1.0774999999999999e+01  -1.7431208622639912e-11  -6.6993824044975765e-11  -3.4980003571679302e-10  -4.6379257511979220e-16  -6.1672763567067465e-15
 -1.0750000000000000e+01  -1.7380565236556884e-11  -6.7002806625601369e-11  -3.4953995712655528e-10  -4.7982456023850168e-16  -6.3660143634847799e-15
 -1.0725000000000000e+01  -1.7329898953341653e-11  -6.7011519451019519e-11  -3.4927843949608652e-10  -4.9638988513367188e-16  -6.5708466196970842e-15
 -1.0699999999999999e+01  -1.7279229145689090e-11  -6.7020002148398379e-11  -3.4901575183025683e-10  -5.1350574667052510e-16  -6.7819520367905306e-15
 -1.0674999999999999e+01  -1.7228567645565760e-11  -6.7028278549505905e-11  -3.4875205651876757e-10  -5.3118988025855289e-16  -6.9995145487641184e-15
 -1.0649999999999999e+01  -1.7177917337267704e-11  -6.7036353744975859e-11  -3.4848738944464449e-10  -5.4946057661060888e-16  -7.2237232512479337e-15
 -1.0625000000000000e+01  -1.7127274063238320e-11  -6.7044218076820897e-11  -3.4822168692819117e-10  -5.6833669903786243e-16  -7.4547725445730422e-15
 -1.0600000000000000e+01  -1.7076630154390861e-11  -6.7051854531766241e-11  -3.4795483563871258e-10  -5.8783770117350596e-16  -7.6928622793180760e-15
 -1.0574999999999999e+01  -1.7025977896028237e-11  -6.7059245999512083e-11  -3.4768672159657851e-10  -6.0798364508015074e-16  -7.9381979036513735e-15
 -1.0549999999999999e+01  -1.6975311808235902e-11  -6.7066380047816104e-11  -3.4741726241504191e-10  -6.2879521975718827e-16  -8.1909906126004177e-15
 -1.0524999999999999e+01  -1.6924629384550691e-11  -6.7073250469089869e-11  -3.4714641774551222e-10  -6.5029376010866675e-16  -8.4514574999508768e-15
 -1.0500000000000000e+01  -1.6873930570942318e-11  -6.7079856189173980e-11  -3.4687418191333666e-10  -6.7250126645160410e-16  -8.7198217137127851e-15
 -1.0475000000000000e+01  -1.6823216599130697e-11  -6.7086198824322510e-11  -3.4660056742492118e-10  -6.9544042463203577e-16  -8.9963126159108345e-15
 -1.0449999999999999e+01  -1.6772488798870614e-11  -6.7092280194330907e-11  -3.4632558817722375e-10  -7.1913462679354564e-16  -9.2811659471471359e-15
 -1.0424999999999999e+01  -1.6721747805000332e-11  -6.7098100662441785e-11  -3.4604924824827355e-10  -7.4360799281561046e-16  -9.5746239960213747e-15
 -1.0399999999999999e+01  -1.6670993292888338e-11  -6.7103658581723837e-11  -3.4577153815821011e-10  -7.6888539242230440e-16  -9.8769357732734374e-15
 -1.0375000000000000e+01  -1.6620224144191892e-11  -6.7108950642460974e-11  -3.4549243721421527e-10  -7.9499246795515941e-16  -1.0188357190426223e-14
 -1.0350000000000000e+01  -1.6569438828299160e-11  -6.7113972671086119e-11  -3.4521191890495624e-10  -8.2195565780798179e-16  -1.0509151242760488e-14
 -1.0324999999999999e+01  -1.6518635785308344e-11  -6.7118720432267018e-11  -3.4492995631689575e-10  -8.4980222053299044e-16  -1.0839588196600066e-14
 -1.0299999999999999e+01  -1.6467813673180298e-11  -6.7123190146552820e-11  -3.4464652563034210e-10  -8.7856025963795078e-16  -1.1179945781016930e-14
 -1.0274999999999999e+01  -1.6416971440487091e-11  -6.7127378642846958e-11  -3.4436160714976176e-10  -9.0825874910422746e-16  -1.1530509384186353e-14
 -1.0250000000000000e+01  -1.6366108263454853e-11  -6.7131283226761770e-11  -3.4407518441543841e-10  -9.3892755965339197e-16  -1.1891572254592320e-14
 -1.0225000000000000e+01  -1.6315223421234635e-11  -6.7134901419668246e-11  -3.4378724244176455e-10  -9.7059748579444101e-16  -1.2263435707327148e-14
 -1.0199999999999999e+01  -1.6264316178630268e-11  -6.7138230713384858e-11  -3.4349776606095186e-10  -1.0033002736742355e-15  -1.2646409335606649e-14
 -1.0174999999999999e+01  -1.6213385716966509e-11  -6.7141268425673110e-11  -3.4320673894737793e-10  -1.0370686497566452e-15  -1.3040811227648341e-14
 -1.0149999999999999e+01  -1.6162431120631119e-11  -6.7144011672297514e-11  -3.4291414342910829e-10  -1.0719363503494489e-15  -1.3446968188977077e-14
 -1.0125000000000000e+01  -1.6111451403128989e-11  -6.7146457421805411e-11  -3.4261996085809311e-10  -1.1079381519988798e-15  -1.3865215970227705e-14
 -1.0100000000000000e+01  -1.6060445547702407e-11  -6.7148602580794724e-11  -3.4232417218634644e-10  -1.1451099027765238e-15  -1.4295899500567241e-14
 -1.0074999999999999e+01  -1.6009412541528708e-11  -6.7150444065731332e-11  -3.4202675845135432e-10  -1.1834885544811765e-15  -1.4739373126830413e-14
 -1.0049999999999999e+01  -1.5958351392981686e-11  -6.7151978839310066e-11  -3.4172770102204824e-10  -1.2231121957851283e-15  -1.5196000858537627e-14
 -1.0024999999999999e+01  -1.5907261131996120e-11  -6.7153203911444393e-11  -3.4142698160590180e-10  -1.2640200863500127e-15  -1.5666156618910011e-14
 -1.0000000000000000e+01  -1.5856140800103390e-11  -6.7154116318639090e-11  -3.4112458211000275e-10  -1.3062526919451549e-15  -1.6150224502078235e-14
 -9.9749999999999996e+00  -1.5804989438194345e-11  -6.7154713098609592e-11  -3.4082048447000936e-10  -1.3498517205942766e-15  -1.6648599036595283e-14
 -9.9499999999999993e+00  -1.5753806077831363e-11  -6.7154991272335530e-11  -3.4051467052930436e-10  -1.3948601597826666e-15  -1.7161685455426745e-14
 -9.9249999999999989e+00  -1.5702589738269088e-11  -6.7154947838066375e-11  -3.4020712199888541e-10  -1.4413223147541258e-15  -1.7689899972553214e-14
 -9.8999999999999986e+00  -1.5651339428239862e-11  -6.7154579775302710e-11  -3.3989782048464258e-10  -1.4892838479282904e-15  -1.8233670066328684e-14
 -9.8750000000000000e+00  -1.5600054150038209e-11  -6.7153884053590332e-11  -3.3958674754716511e-10  -1.5387918194697147e-15  -1.8793434769740108e-14
 -9.8499999999999996e+00  -1.5548732903495800e-11  -6.7152857641086194e-11  -3.3927388476001872e-10  -1.5898947290426225e-15  -1.9369644967734063e-14
 -9.8249999999999993e+00  -1.5497374688443736e-11  -6.7151497509958838e-11  -3.3895921374665615e-10  -1.6426425587842913e-15  -1.9962763701761793e-14
 -9.7999999999999989e+00  -1.5445978505437114e-11  -6.7149800638153321e-11  -3.3864271619277498e-10  -1.6970868175325891e-15  -2.0573266481711310e-14
 -9.7749999999999986e+00  -1.5394543355322489e-11  -6.7147764008735891e-11  -3.3832437384233294e-10  -1.7532805863428598e-15  -2.1201641605387603e-14
 -9.7500000000000000e+00  -1.5343068238479569e-11  -6.7145384608558334e-11  -3.3800416848897629e-10  -1.8112785653328583e-15  -2.1848390485730935e-14
 -9.7249999999999996e+00  -1.5291552154375972e-11  -6.7142659427579304e-11  -3.3768208197191139e-10  -1.8711371218920103e-15  -2.2514027985928502e-14
 -9.6999999999999993e+00  -1.5239994101695259e-11  -6.7139585459386670e-11  -3.3735809617990149e-10  -1.9329143402950100e-15  -2.3199082762608545e-14
 -9.6749999999999989e+00  -1.5188393078963102e-11  -6.7136159702763471e-11  -3.3703219306232443e-10  -1.9966700727585533e-15  -2.3904097617282846e-14
 -9.6499999999999986e+00  -1.5136748085426450e-11  -6.7132379163784658e-11  -3.3670435464382668e-10  -2.0624659919835262e-15  -2.4629629856235078e-14
 -9.6250000000000000e+00  -1.5085058121943286e-11  -6.7128240857936283e-11  -3.3637456303914578e-10  -2.1303656452247622e-15  -2.5376251659039531e-14
 -9.5999999999999996e+00  -1.5033322191743371e-11  -6.7123741811966426e-11  -3.3604280046612690e-10  -2.2004345099312671e-15  -2.6144550455895627e-14
 -9.5749999999999993e+00  -1.4981539301042729e-11  -6.7118879065430480e-11  -3.3570904925669052e-10  -2.2727400510022824e-15  -2.6935129313980360e-14
 -9.5499999999999989e+00  -1.4929708459572456e-11  -6.7113649672058483e-11  -3.3537329186660582e-10  -2.3473517797047414e-15  -2.7748607333012788e-14
 -9.5249999999999986e+00  -1.4877828681104198e-11  -6.7108050701115651e-11  -3.3503551088523749e-10  -2.4243413142994880e-15  -2.8585620050235149e-14
 -9.5000000000000000e+00  -1.4825898984031252e-11  -6.7102079238881125e-11  -3.3469568904609772e-10  -2.5037824424266468e-15  -2.9446819855036738e-14
 -9.4749999999999996e+00  -1.4773918392027370e-11  -6.7095732390289337e-11  -3.3435380923851764e-10  -2.5857511852959373e-15  -3.0332876413386491e-14
 -9.4499999999999993e+00  -1.4721885934771321e-11  -6.7089007280710384e-11  -3.3400985452026677e-10  -2.6703258637373525e-15  -3.1244477102334006e-14
 -9.4249999999999989e+00  -1.4669800648712664e-11  -6.7081901057816650e-11  -3.3366380813077776e-10  -2.7575871661631660e-15  -3.2182327454777516e-14
 -9.3999999999999986e+00  -1.4617661577855853e-11  -6.7074410893489007e-11  -3.3331565350464918e-10  -2.8476182184960318e-15  -3.3147151614728631e-14
 -9.3750000000000000e+00  -1.4565467774553416e-11  -6.7066533985742764e-11  -3.3296537428529973e-10  -2.9405046561181657e-15  -3.4139692803292780e-14
 -9.3499999999999996e+00  -1.4513218300309304e-11  -6.7058267560675311e-11  -3.3261295433878758e-10  -3.0363346978994714e-15  -3.5160713795603245e-14
 -9.3249999999999993e+00  -1.4460912226599459e-11  -6.7049608874450621e-11  -3.3225837776789641e-10  -3.1351992223640535e-15  -3.6210997408950663e-14
 -9.2999999999999989e+00  -1.4408548635717201e-11  -6.7040555215336438e-11  -3.3190162892659479e-10  -3.2371918460547797e-15  -3.7291347002338861e-14
 -9.2749999999999986e+00  -1.4356126621648524e-11  -6.7031103905804540e-11  -3.3154269243494403e-10  -3.3424090041587970e-15  -3.8402586987720156e-14
 -9.2500000000000000e+00  -1.4303645290977855e-11  -6.7021252304695756e-11  -3.3118155319446023e-10  -3.4509500334566814e-15  -3.9545563353145117e-14
 -9.2249999999999996e+00  -1.4251103763822854e-11  -6.7010997809446142e-11  -3.3081819640391407e-10  -3.5629172576631246e-15  -4.0721144198104776e-14
 -9.1999999999999993e+00  -1.4198501174796375e-11  -6.7000337858370849e-11  -3.3045260757554104e-10  -3.6784160752246047e-15  -4.1930220281301124e-14
 -9.1749999999999989e+00  -1.4145836673993879e-11  -6.6989269933001975e-11  -3.3008477255163869e-10  -3.7975550496448574e-15  -4.3173705581124006e-14
 -9.1499999999999986e+00  -1.4093109428005439e-11  -6.6977791560478812e-11  -3.2971467752154102e-10  -3.9204460024094383e-15  -4.4452537869102473e-14
 -9.1250000000000000e+00  -1.4040318620952904e-11  -6.6965900315991086e-11  -3.2934230903897792e-10  -4.0472041085809576e-15  -4.5767679296584385e-14
 -9.0999999999999996e+00  -1.3987463455553543e-11  -6.6953593825278587e-11  -3.2896765403984038e-10  -4.1779479951431967e-15  -4.7120116994952025e-14
 -9.0749999999999993e+00  -1.3934543154210601e-11  -6.6940869767188325e-11  -3.2859069986036024e-10  -4.3127998421688620e-15  -4.8510863689628952e-14
 -9.0499999999999989e+00  -1.3881556960130955e-11  -6.6927725876289053e-11  -3.2821143425570333e-10  -4.4518854868927501e-15  -4.9940958328187049e-14
 -9.0249999999999986e+00  -1.3828504138469551e-11  -6.6914159945542670e-11  -3.2782984541897926e-10  -4.5953345307705866e-15  -5.1411466722831853e-14
 -9.0000000000000000e+00  -1.3775383977500536e-11  -6.6900169829032189e-11  -3.2744592200066397e-10  -4.7432804496071512e-15  -5.2923482207558033e-14
 -8.9749999999999996e+00  -1.3722195789814014e-11  -6.6885753444745184e-11  -3.2705965312842179e-10  -4.8958607068433476e-15  -5.4478126310312682e-14
 -8.9499999999999993e+00  -1.3668938913538707e-11  -6.6870908777411706e-11  -3.2667102842733543e-10  -5.0532168700867868e-15  -5.6076549440429919e-14
 -8.9249999999999989e+00  -1.3615612713590703e-11  -6.6855633881398432e-11  -3.2628003804054443e-10  -5.2154947309790724e-15  -5.7719931591671098e-14
 -8.8999999999999986e+00  -1.3562216582948098e-11  -6.6839926883658096e-11  -3.2588667265029310e-10  -5.3828444284939010e-15  -5.9409483061192175e-14
 -8.8750000000000000e+00  -1.3508749943950818e-11  -6.6823785986732937e-11  -3.2549092349937925e-10  -5.5554205757608719e-15  -6.1146445184747374e-14
 -8.8499999999999996e+00  -1.3455212249625515e-11  -6.6807209471811877e-11  -3.2509278241300505e-10  -5.7333823905160330e-15  -6.2932091088479105e-14
 -8.8249999999999993e+00  -1.3401602985034527e-11  -6.6790195701839898e-11  -3.2469224182101516e-10  -5.9168938292780872e-15  -6.4767726457600115e-14
 -8.7999999999999989e+00  -1.3347921668649265e-11  -6.6772743124679298e-11  -3.2428929478053222e-10  -6.1061237253565052e-15  -6.6654690322324754e-14
 -8.7749999999999986e+00  -1.3294167853746707e-11  -6.6754850276321723e-11  -3.2388393499897194e-10  -6.3012459307985958e-15  -6.8594355861391408e-14
 -8.7500000000000000e+00  -1.3240341129828769e-11  -6.6736515784149596e-11  -3.2347615685743617e-10  -6.5024394623855478e-15  -7.0588131223523442e-14
 -8.7249999999999996e+00  -1.3186441124064090e-11  -6.6717738370246110e-11  -3.2306595543448078e-10  -6.7098886517899200e-15  -7.2637460367175419e-14
 -8.6999999999999993e+00  -1.3132467502751087e-11  -6.6698516854751702e-11  -3.2265332653024318e-10  -6.9237833000131622e-15  -7.4743823918946888e-14
 -8.6749999999999989e+00  -1.3078419972801464e-11  -6.6678850159265463e-11  -3.2223826669092265e-10  -7.1443188362195217e-15  -7.6908740050998504e-14
 -8.6499999999999986e+00  -1.3024298283243709e-11  -6.6658737310290744e-11  -3.2182077323360773e-10  -7.3716964810920581e-15  -7.9133765377869091e-14
 -8.6250000000000000e+00  -1.2970102226744960e-11  -6.6638177442721142e-11  -3.2140084427142954e-10  -7.6061234148353758e-15  -8.1420495873055538e-14
 -8.5999999999999996e+00  -1.2915831641150804e-11  -6.6617169803366534e-11  -3.2097847873904098e-10  -7.8478129499538346e-15  -8.3770567805728580e-14
 -8.5749999999999993e+00  -1.2861486411041415e-11  -6.6595713754516203e-11  -3.2055367641839873e-10  -8.0969847089404257e-15  -8.6185658697991875e-14
 -8.5499999999999989e+00  -1.2807066469303037e-11  -6.6573808777536163e-11  -3.2012643796483865e-10  -8.3538648070122244e-15  -8.8667488303068230e-14
 -8.5249999999999986e+00  -1.2752571798712908e-11  -6.6551454476498107e-11  -3.1969676493342029e-10  -8.6186860400312866e-15  -9.1217819604794952e-14
 -8.5000000000000000e+00  -1.2698002433536383e-11  -6.6528650581836256e-11  -3.1926465980552613e-10  -8.8916880777583124e-15  -9.3838459838860816e-14
 -8.4749999999999996e+00  -1.2643358461134700e-11  -6.6505396954030236e-11  -3.1883012601569648e-10  -9.1731176625845551e-15  -9.6531261536165975e-14
 -8.4499999999999993e+00  -1.2588640023582425e-11  -6.6481693587310928e-11  -3.1839316797869110e-10  -9.4632288138942379e-15  -9.9298123588719113e-14
 -8.4249999999999989e+00  -1.2533847319292193e-11  -6.6457540613385544e-11  -3.1795379111674496e-10  -9.7622830382169440e-15  -1.0214099233851964e-13
 -8.3999999999999986e+00  -1.2478980604645071e-11  -6.6432938305177792e-11  -3.1751200188700049e-10  -1.0070549545325458e-14  -1.0506186268979967e-13
 -8.3750000000000000e+00  -1.2424040195624562e-11  -6.6407887080579833e-11  -3.1706780780909059e-10  -1.0388305470449006e-14  -1.0806277924510284e-13
 -8.3499999999999996e+00  -1.2369026469451715e-11  -6.6382387506210336e-11  -3.1662121749283970e-10  -1.0715836102767506e-14  -1.1114583746559673e-13
 -8.3249999999999993e+00  -1.2313939866219448e-11  -6.6356440301175030e-11  -3.1617224066606295e-10  -1.1053435120362678e-14  -1.1431318485607595e-13
 -8.3000000000000007e+00  -1.2258780890523361e-11  -6.6330046340824810e-11  -3.1572088820242461e-10  -1.1401404831803585e-14  -1.1756702217508872e-13
 -8.2749999999999986e+00  -1.2203550113086490e-11  -6.6303206660505292e-11  -3.1526717214932816e-10  -1.1760056424551408e-14  -1.2090960467064787e-13
 -8.2500000000000000e+00  -1.2148248172375693e-11  -6.6275922459293910e-11  -3.1481110575580638e-10  -1.2129710220370084e-14  -1.2434324334196126e-13
 -8.2249999999999996e+00  -1.2092875776207117e-11  -6.6248195103719210e-11  -3.1435270350038205e-10  -1.2510695937936183e-14  -1.2787030622763888e-13
 -8.1999999999999993e+00  -1.2037433703337135e-11  -6.6220026131455279e-11  -3.1389198111885160e-10  -1.2903352962848493e-14  -1.3149321972085444e-13
 -8.1750000000000007e+00  -1.1981922805035932e-11  -6.6191417254985174e-11  -3.1342895563195582e-10  -1.3308030625240237e-14  -1.3521446991191736e-13
 -8.1499999999999986e+00  -1.1926344006640267e-11  -6.6162370365226806e-11  -3.1296364537289568e-10  -1.3725088485201638e-14  -1.3903660395870831e-13
 -8.1250000000000000e+00  -1.1870698309082121e-11  -6.6132887535114151e-11  -3.1249607001464826e-10  -1.4154896626231090e-14  -1.4296223148548150e-13
 -8.0999999999999996e+00  -1.1814986790389532e-11  -6.6102971023127103e-11  -3.1202625059703880e-10  -1.4597835956931297e-14  -1.4699402601047121e-13
 -8.0749999999999993e+00  -1.1759210607155891e-11  -6.6072623276761727e-11  -3.1155420955351909e-10  -1.5054298521182328e-14  -1.5113472640282924e-13
 -8.0500000000000007e+00  -1.1703370995973920e-11  -6.6041846935933413e-11  -3.1107997073760532e-10  -1.5524687817018909e-14  -1.5538713836932991e-13
 -8.0249999999999986e+00  -1.1647469274829722e-11  -6.6010644836304024e-11  -3.1060355944891457e-10  -1.6009419124454814e-14  -1.5975413597136419e-13
 -8.0000000000000000e+00  -1.1591506844452600e-11  -6.5979020012523842e-11  -3.1012500245874593e-10  -1.6508919842497280e-14  -1.6423866317269221e-13
 -7.9749999999999996e+00  -1.1535485189616304e-11  -6.5946975701380162e-11  -3.0964432803515098e-10  -1.7023629835604217e-14  -1.6884373541845472e-13
 -7.9499999999999993e+00  -1.1479405880387044e-11  -6.5914515344842767e-11  -3.0916156596743114e-10  -1.7554001789841381e-14  -1.7357244124592722e-13
 -7.9249999999999998e+00  -1.1423270573313745e-11  -6.5881642592996463e-11  -3.0867674759000651e-10  -1.8100501579006251e-14  -1.7842794392752518e-13
 -7.8999999999999995e+00  -1.1367081012554660e-11  -6.5848361306850353e-11  -3.0818990580557811e-10  -1.8663608640990169e-14  -1.8341348314655383e-13
 -7.8750000000000000e+00  -1.1310839030935184e-11  -6.5814675561012252e-11  -3.0770107510751736e-10  -1.9243816364658169e-14  -1.8853237670619854e-13
 -7.8499999999999996e+00  -1.1254546550931497e-11  -6.5780589646217679e-11  -3.0721029160141372e-10  -1.9841632487532404e-14  -1.9378802227225078e-13
 -7.8249999999999993e+00  -1.1198205585573929e-11  -6.5746108071701458e-11  -3.0671759302569911e-10  -2.0457579504576636e-14  -1.9918389915009585e-13
 -7.7999999999999998e+00  -1.1141818239264429e-11  -6.5711235567399960e-11  -3.0622301877127951e-10  -2.1092195088380023e-14  -2.0472357009642870e-13
 -7.7749999999999995e+00  -1.1085386708501749e-11  -6.5675977085971696e-11  -3.0572660990008742e-10  -2.1746032521052953e-14  -2.1041068316622460e-13
 -7.7500000000000000e+00  -1.1028913282508168e-11  -6.5640337804623591e-11  -3.0522840916247843e-10  -2.2419661138152070e-14  -2.1624897359545290e-13
 -7.7249999999999996e+00  -1.0972400343750839e-11  -6.5604323126729194e-11  -3.0472846101337784e-10  -2.3113666784962110e-14  -2.2224226572004440e-13
 -7.6999999999999993e+00  -1.0915850368350966e-11  -6.5567938683224585e-11  -3.0422681162709197e-10  -2.3828652285468870e-14  -2.2839447493160261e-13
 -7.6749999999999998e+00  -1.0859265926373760e-11  -6.5531190333768625e-11  -3.0372350891069131e-10  -2.4565237924367205e-14  -2.3470960967035542e-13
 -7.6499999999999995e+00  -1.0802649681991703e-11  -6.5494084167651833e-11  -3.0321860251586671e-10  -2.5324061942457715e-14  -2.4119177345584617e-13
 -7.6250000000000000e+00  -1.0746004393513512e-11  -6.5456626504438871e-11  -3.0271214384916142e-10  -2.6105781045794320e-14  -2.4784516695585771e-13
 -7.5999999999999996e+00  -1.0689332913270720e-11  -6.5418823894329019e-11  -3.0220418608047167e-10  -2.6911070928953728e-14  -2.5467409009405067e-13
 -7.5749999999999993e+00  -1.0632638187354186e-11  -6.5380683118217653e-11  -3.0169478414971586e-10  -2.7740626812808695e-14  -2.6168294419680348e-13
 -7.5499999999999998e+00  -1.0575923255191992e-11  -6.5342211187443154e-11  -3.0118399477156125e-10  -2.8595163997196526e-14  -2.6887623417973853e-13
 -7.5249999999999995e+00  -1.0519191248960119e-11  -6.5303415343201705e-11  -3.0067187643809484e-10  -2.9475418428883854e-14  -2.7625857077440031e-13
 -7.5000000000000000e+00  -1.0462445392817376e-11  -6.5264303055611984e-11  -3.0015848941932688e-10  -3.0382147285240161e-14  -2.8383467279556194e-13
 -7.4749999999999996e+00  -1.0405689001955405e-11  -6.5224882022412545e-11  -2.9964389576140791e-10  -3.1316129574041549e-14  -2.9160936944960996e-13
 -7.4499999999999993e+00  -1.0348925481454525e-11  -6.5185160167273104e-11  -2.9912815928243695e-10  -3.2278166749840309e-14  -2.9958760268448035e-13
 -7.4249999999999998e+00  -1.0292158324935976e-11  -6.5145145637700416e-11  -2.9861134556574052e-10  -3.3269083347343308e-14  -3.0777442958157337e-13
 -7.3999999999999995e+00  -1.0235391113000606e-11  -6.5104846802519896e-11  -2.9809352195048673e-10  -3.4289727632256096e-14  -3.1617502479009204e-13
 -7.3750000000000000e+00  -1.0178627511444234e-11  -6.5064272248912518e-11  -2.9757475751951276e-10  -3.5340972270061475e-14  -3.2479468300423475e-13
 -7.3499999999999996e+00  -1.0121871269239293e-11  -6.5023430778987365e-11  -2.9705512308422468e-10  -3.6423715013212213e-14  -3.3363882148365346e-13
 -7.3249999999999993e+00  -1.0065126216272515e-11  -6.4982331405868588e-11  -2.9653469116643935e-10  -3.7538879407230166e-14  -3.4271298261758039e-13
 -7.2999999999999998e+00  -1.0008396260827776e-11  -6.4940983349276073e-11  -2.9601353597702358e-10  -3.8687415516218979e-14  -3.5202283653302876e-13
 -7.2749999999999995e+00  -9.9516853868034632e-12  -6.4899396030578286e-11  -2.9549173339119301e-10  -3.9870300668305536e-14  -3.6157418374742168e-13
 -7.2500000000000000e+00  -9.8949976506530304e-12  -6.4857579067295241e-11  -2.9496936092032178e-10  -4.1088540221545327e-14  -3.7137295786603955e-13
 -7.2249999999999996e+00  -9.8383371780376664e-12  -6.4815542267029826e-11  -2.9444649768011875e-10  -4.2343168350835320e-14  -3.8142522832462012e-13
 -7.1999999999999993e+00  -9.7817081601797383e-12  -6.4773295620805055e-11  -2.9392322435502246e-10  -4.3635248856393988e-14  -3.9173720317744575e-13
 -7.1749999999999998e+00  -9.7251148499053338e-12  -6.4730849295784495e-11  -2.9339962315866274e-10  -4.4965875994381531e-14  -4.0231523193122112e-13
 -7.1499999999999995e+00  -9.6685615573641101e-12  -6.4688213627353003e-11  -2.9287577779023460e-10  -4.6336175330251212e-14  -4.1316580842505981e-13
 -7.1250000000000000e+00  -9.6120526454143857e-12  -6.4645399110534418e-11  -2.9235177338662824e-10  -4.7747304615433172e-14  -4.2429557375683154e-13
 -7.0999999999999996e+00  -9.5555925246614262e-12  -6.4602416390722175e-11  -2.9182769647015791e-10  -4.9200454687971150e-14  -4.3571131925613540e-13
 -7.0749999999999993e+00  -9.4991856481366104e-12  -6.4559276253699774e-11  -2.9130363489173015e-10  -5.0696850397746250e-14  -4.4741998950411677e-13
 -7.0499999999999998e+00  -9.4428365056050124e-12  -6.4515989614926693e-11  -2.9077967776928835e-10  -5.2237751556940211e-14  -4.5942868540034736e-13
 -7.0249999999999995e+00  -9.3865496174888434e-12  -6.4472567508065732e-11  -2.9025591542137344e-10  -5.3824453916405569e-14  -4.7174466727693657e-13
 -7.0000000000000000e+00  -9.3303295283942876e-12  -6.4429021072727995e-11  -2.8973243929563643e-10  -5.5458290168627598e-14  -4.8437535806002875e-13
 -6.9749999999999996e+00  -9.2741808002290503e-12  -6.4385361541411244e-11  -2.8920934189214260e-10  -5.7140630977981406e-14  -4.9732834647881039e-13
 -6.9499999999999993e+00  -9.2181080048977669e-12  -6.4341600225607502e-11  -2.8868671668129832e-10  -5.8872886039005464e-14  -5.1061139032212646e-13
 -6.9249999999999998e+00  -9.1621157165627671e-12  -6.4297748501056002e-11  -2.8816465801624242e-10  -6.0656505163429003e-14  -5.2423241974274907e-13
 -6.8999999999999995e+00  -9.1062085034570965e-12  -6.4253817792117174e-11  -2.8764326103953199e-10  -6.2492979396712931e-14  -5.3819954060934204e-13
 -6.8750000000000000e+00  -9.0503909192370818e-12  -6.4209819555243974e-11  -2.8712262158396213e-10  -6.4383842164882243e-14  -5.5252103790610837e-13
 -6.8499999999999996e+00  -8.9946674938617227e-12  -6.4165765261526981e-11  -2.8660283606735626e-10  -6.6330670452446350e-14  -5.6720537918007010e-13
 -6.8249999999999993e+00  -8.9390427239861393e-12  -6.4121666378289481e-11  -2.8608400138116362e-10  -6.8335086012226489e-14  -5.8226121803590118e-13
 -6.7999999999999998e+00  -8.8835210628564509e-12  -6.4077534349709925e-11  -2.8556621477270645e-10  -7.0398756607928492e-14  -5.9769739767818205e-13
 -6.7749999999999995e+00  -8.8281069096932234e-12  -6.4033380576448207e-11  -2.8504957372091261e-10  -7.2523397290323485e-14  -6.1352295450091719e-13
 -6.7500000000000000e+00  -8.7728045985510471e-12  -6.3989216394253696e-11  -2.8453417580537787e-10  -7.4710771707916656e-14  -6.2974712172408778e-13
 -6.7249999999999996e+00  -8.7176183866419686e-12  -6.3945053051533032e-11  -2.8402011856860410e-10  -7.6962693453012837e-14  -6.4637933307699220e-13
 -6.7000000000000002e+00  -8.6625524421105216e-12  -6.3900901685856098e-11  -2.8350749937126251e-10  -7.9281027444105657e-14  -6.6342922652805441e-13
 -6.6749999999999998e+00  -8.6076108312483135e-12  -6.3856773299379635e-11  -2.8299641524032953e-10  -8.1667691345544830e-14  -6.8090664806074327e-13
 -6.6499999999999995e+00  -8.5527975051364021e-12  -6.3812678733168129e-11  -2.8248696270995471e-10  -8.4124657025458422e-14  -6.9882165549518839e-13
 -6.6250000000000000e+00  -8.4981162857040568e-12  -6.3768628640393006e-11  -2.8197923765492070e-10  -8.6653952052934344e-14  -7.1718452235502069e-13
 -6.5999999999999996e+00  -8.4435708511927494e-12  -6.3724633458391694e-11  -2.8147333511655919e-10  -8.9257661235488310e-14  -7.3600574177889976e-13
 -6.5750000000000002e+00  -8.3891647210140522e-12  -6.3680703379568528e-11  -2.8096934912098852e-10  -9.1937928197878505e-14  -7.5529603047616482e-13
 -6.5499999999999998e+00  -8.3349012399912364e-12  -6.3636848321120912e-11  -2.8046737248955322e-10  -9.4696957003344406e-14  -7.7506633272591463e-13
 -6.5249999999999995e+00  -8.2807835619742078e-12  -6.3593077893575385e-11  -2.7996749664134267e-10  -9.7537013818387636e-14  -7.9532782441883641e-13
 -6.5000000000000000e+00  -8.2268146328181581e-12  -6.3549401368119037e-11  -2.7946981138768037e-10  -1.0046042862223167e-13  -8.1609191714096771e-13
 -6.4749999999999996e+00  -8.1729971727166132e-12  -6.3505827642713362e-11  -2.7897440471847900e-10  -1.0346959696213353e-13  -8.3737026229854562e-13
 -6.4500000000000002e+00  -8.1193336578799406e-12  -6.3462365206978692e-11  -2.7848136258036181e-10  -1.0656698175574983e-13  -8.5917475528301262e-13
 -6.4249999999999998e+00  -8.0658263015510562e-12  -6.3419022105838383e-11  -2.7799076864646260e-10  -1.0975511514178907e-13  -8.8151753967515700e-13
 -6.3999999999999995e+00  -8.0124770343506590e-12  -6.3375805901914009e-11  -2.7750270407782496e-10  -1.1303660038021821e-13  -9.0441101148730673e-13
 -6.3750000000000000e+00  -7.9592874839448216e-12  -6.3332723636664158e-11  -2.7701724727633040e-10  -1.1641411380332247e-13  -9.2786782344239762e-13
 -6.3499999999999996e+00  -7.9062589540284864e-12  -6.3289781790261349e-11  -2.7653447362909569e-10  -1.1989040681895470e-13  -9.5190088928866551e-13
 -6.3250000000000002e+00  -7.8533924026190906e-12  -6.3246986240203214e-11  -2.7605445524428927e-10  -1.2346830796734308e-13  -9.7652338814860260e-13
 -6.2999999999999998e+00  -7.8006884196552103e-12  -6.3204342218655680e-11  -2.7557726067832862e-10  -1.2715072503286650e-13  -1.0017487689007439e-12
 -6.2749999999999995e+00  -7.7481472038958356e-12  -6.3161854268528252e-11  -2.7510295465443195e-10  -1.3094064721224229e-13  -1.0275907545927555e-12
 -6.2500000000000000e+00  -7.6957685391167378e-12  -6.3119526198283046e-11  -2.7463159777250880e-10  -1.3484114734061026e-13  -1.0540633468841667e-12
 -6.2249999999999996e+00  -7.6435517696011455e-12  -6.3077361035482066e-11  -2.7416324621038883e-10  -1.3885538417704020e-13  -1.0811808305170333e-12
 -6.2000000000000002e+00  -7.5914957749229572e-12  -6.3035360979078793e-11  -2.7369795141640092e-10  -1.4298660475102768e-13  -1.1089577778126668e-12
 -6.1749999999999998e+00  -7.5395989440214698e-12  -6.2993527350462875e-11  -2.7323575979332857e-10  -1.4723814677158973e-13  -1.1374090531924910e-12
 -6.1499999999999995e+00  -7.4878591485676801e-12  -6.2951860543268937e-11  -2.7277671237378366e-10  -1.5161344110061397e-13  -1.1665498177209469e-12
 -6.1250000000000000e+00  -7.4362737156229472e-12  -6.2910359971963275e-11  -2.7232084448705314e-10  -1.5611601429216179e-13  -1.1963955336682632e-12
 -6.0999999999999996e+00  -7.3848393995919882e-12  -6.2869024019224315e-11  -2.7186818541749066e-10  -1.6074949119947384e-13  -1.2269619690907865e-12
 -6.0750000000000002e+00  -7.3335523534732209e-12  -6.2827849982135694e-11  -2.7141875805454155e-10  -1.6551759765147547e-13  -1.2582652024264474e-12
 -6.0499999999999998e+00  -7.2824080994103967e-12  -6.2786834017213621e-11  -2.7097257853450547e-10  -1.7042416320062733e-13  -1.2903216271027794e-12
 -6.0249999999999995e+00  -7.2314014985506666e-12  -6.2745971084292700e-11  -2.7052965587415931e-10  -1.7547312394402319e-13  -1.3231479561548059e-12
 -6.0000000000000000e+00  -7.1805267202151851e-12  -6.2705254889297918e-11  -2.7008999159637824e-10  -1.8066852541968933e-13  -1.3567612268499661e-12
 -5.9749999999999996e+00  -7.1297772103898929e-12  -6.2664677825932654e-11  -2.6965357934791638e-10  -1.8601452558009415e-13  -1.3911788053170821e-12
 -5.9500000000000002e+00  -7.0791456595447782e-12  -6.2624230916316353e-11  -2.6922040450952235e-10  -1.9151539784493848e-13  -1.4264183911762649e-12
 -5.9249999999999998e+00  -7.0286239697914160e-12  -6.2583903750608067e-11  -2.6879044379858424e-10  -1.9717553423535362e-13  -1.4624980221664582e-12
 -5.8999999999999995e+00  -6.9782032213896633e-12  -6.2543684425655322e-11  -2.6836366486452119e-10  -2.0299944859169697e-13  -1.4994360787671914e-12
 -5.8750000000000000e+00  -6.9278736386156466e-12  -6.2503559482711570e-11  -2.6794002587715433e-10  -2.0899177987720385e-13  -1.5372512888109521e-12
 -5.8499999999999996e+00  -6.8776245550045479e-12  -6.2463513844268137e-11  -2.6751947510831616e-10  -2.1515729556981168e-13  -1.5759627320823830e-12
 -5.8250000000000002e+00  -6.8274443779826206e-12  -6.2423530750049857e-11  -2.6710195050697020e-10  -2.2150089514455235e-13  -1.6155898449003929e-12
 -5.7999999999999998e+00  -6.7773205529044242e-12  -6.2383591692227356e-11  -2.6668737926813960e-10  -2.2802761364897268e-13  -1.6561524246790284e-12
 -5.7749999999999995e+00  -6.7272395265122599e-12  -6.2343676349902056e-11  -2.6627567739596018e-10  -2.3474262537412067e-13  -1.6976706344628316e-12
 -5.7500000000000000e+00  -6.6771867098362780e-12  -6.2303762522923583e-11  -2.6586674926119684e-10  -2.4165124762370932e-13  -1.7401650074321475e-12
 -5.7249999999999996e+00  -6.6271464405547934e-12  -6.2263826065102383e-11  -2.6546048715358325e-10  -2.4875894458415549e-13  -1.7836564513737223e-12
 -5.7000000000000002e+00  -6.5771019448356665e-12  -6.2223840816884075e-11  -2.6505677082936421e-10  -2.5607133129826602e-13  -1.8281662531116585e-12
 -5.6749999999999998e+00  -6.5270352986808191e-12  -6.2183778537555530e-11  -2.6465546705444306e-10  -2.6359417774543586e-13  -1.8737160828936319e-12
 -5.6499999999999995e+00  -6.4769273887971319e-12  -6.2143608837055592e-11  -2.6425642914355709e-10  -2.7133341303130897e-13  -1.9203279987270298e-12
 -5.6250000000000000e+00  -6.4267578730180284e-12  -6.2103299107467495e-11  -2.6385949649592282e-10  -2.7929512968994610e-13  -1.9680244506594545e-12
 -5.5999999999999996e+00  -6.3765051403015322e-12  -6.2062814454272961e-11  -2.6346449412781890e-10  -2.8748558810163818e-13  -2.0168282849977882e-12
 -5.5750000000000002e+00  -6.3261462703313546e-12  -6.2022117627451375e-11  -2.6307123220258950e-10  -2.9591122102960778e-13  -2.0667627484598034e-12
 -5.5499999999999998e+00  -6.2756569927488308e-12  -6.1981168952510965e-11  -2.6267950555857592e-10  -3.0457863827893829e-13  -2.1178514922520043e-12
 -5.5249999999999995e+00  -6.2250116460446324e-12  -6.1939926261541938e-11  -2.6228909323550348e-10  -3.1349463148118457e-13  -2.1701185760671733e-12
 -5.5000000000000000e+00  -6.1741831361398700e-12  -6.1898344824385015e-11  -2.6189975799986576e-10  -3.2266617900822557e-13  -2.2235884719947908e-12
 -5.4749999999999996e+00  -6.1231428946874977e-12  -6.1856377280011497e-11  -2.6151124586987572e-10  -3.3210045101903706e-13  -2.2782860683372307e-12
 -5.4500000000000002e+00  -6.0718608371255400e-12  -6.1813973568214574e-11  -2.6112328564056409e-10  -3.4180481464318369e-13  -2.3342366733243414e-12
 -5.4249999999999998e+00  -6.0203053205146793e-12  -6.1771080861714214e-11  -2.6073558840963104e-10  -3.5178683930495323e-13  -2.3914660187187247e-12
 -5.3999999999999995e+00  -5.9684431011932542e-12  -6.1727643498780984e-11  -2.6034784710466698e-10  -3.6205430219218636e-13  -2.4500002633037078e-12
 -5.3750000000000000e+00  -5.9162392922835740e-12  -6.1683602916486766e-11  -2.5995973601238310e-10  -3.7261519387399125e-13  -2.5098659962456617e-12
 -5.3499999999999996e+00  -5.8636573210839123e-12  -6.1638897584693336e-11  -2.5957091031050058e-10  -3.8347772407166924e-13  -2.5710902403220125e-12
 -5.3250000000000002e+00  -5.8106588863810403e-12  -6.1593462940891683e-11  -2.5918100560296959e-10  -3.9465032758732703e-13  -2.6337004550059018e-12
 -5.2999999999999998e+00  -5.7572039157187100e-12  -6.1547231326007888e-11  -2.5878963745920012e-10  -4.0614167039479991e-13  -2.6977245393981248e-12
 -5.2749999999999995e+00  -5.7032505226574627e-12  -6.1500131921293422e-11  -2.5839640095799902e-10  -4.1796065589766775e-13  -2.7631908349965485e-12
 -5.2500000000000000e+00  -5.6487549640616663e-12  -6.1452090686419401e-11  -2.5800087023692385e-10  -4.3011643135930835e-13  -2.8301281282928343e-12
 -5.2249999999999996e+00  -5.5936715974494751e-12  -6.1403030298896900e-11  -2.5760259804777199e-10  -4.4261839451010261e-13  -2.8985656531858709e-12
 -5.2000000000000002e+00  -5.5379528384414566e-12  -6.1352870094946650e-11  -2.5720111531893459e-10  -4.5547620033708036e-13  -2.9685330932008838e-12
 -5.1749999999999998e+00  -5.4815491183434806e-12  -6.1301526011942937e-11  -2.5679593072535494e-10  -4.6869976806148188e-13  -3.0400605835027182e-12
 -5.1499999999999995e+00  -5.4244088418989538e-12  -6.1248910532558278e-11  -2.5638653026683702e-10  -4.8229928830989147e-13  -3.1131787126913376e-12
 -5.1250000000000000e+00  -5.3664783452452877e-12  -6.1194932630736127e-11  -2.5597237685545801e-10  -4.9628523048480489e-13  -3.1879185243670416e-12
 -5.0999999999999996e+00  -5.3077018541087486e-12  -6.1139497719620012e-11  -2.5555290991284365e-10  -5.1066835034069233e-13  -3.2643115184524211e-12
 -5.0750000000000002e+00  -5.2480214422709008e-12  -6.1082507601568022e-11  -2.5512754497806596e-10  -5.2545969777182887e-13  -3.3423896522574927e-12
 -5.0499999999999998e+00  -5.1873769903391685e-12  -6.1023860420382472e-11  -2.5469567332692854e-10  -5.4067062481838237e-13  -3.4221853412738562e-12
 -5.0249999999999995e+00  -5.1257061448529476e-12  -6.0963450615884010e-11  -2.5425666160340495e-10  -5.5631279389748359e-13  -3.5037314596831641e-12
 -5.0000000000000000e+00  -5.0629442777550865e-12  -6.0901168880960141e-11  -2.5380985146399086e-10  -5.7239818626622864e-13  -3.5870613405644875e-12
 -4.9749999999999996e+00  -4.9990244462575744e-12  -6.0836902121217530e-11  -2.5335455923573454e-10  -5.8893911072381442e-13  -3.6722087757845314e-12
 -4.9500000000000002e+00  -4.9338773531283406e-12  -6.0770533417367088e-11  -2.5289007558870151e-10  -6.0594821256025790e-13  -3.7592080155539175e-12
 -4.9249999999999998e+00  -4.8674313074243535e-12  -6.0701941990470186e-11  -2.5241566522362504e-10  -6.2343848275941241e-13  -3.8480937676320112e-12
 -4.8999999999999995e+00  -4.7996121856942131e-12  -6.0631003170173146e-11  -2.5193056657548796e-10  -6.4142326746426293e-13  -3.9389011961619664e-12
 -4.8750000000000000e+00  -4.7303433936711173e-12  -6.0557588366055854e-11  -2.5143399153377051e-10  -6.5991627771276330e-13  -4.0316659201168507e-12
 -4.8499999999999996e+00  -4.6595458284747825e-12  -6.0481565042219246e-11  -2.5092512518009152e-10  -6.7893159945276775e-13  -4.1264240113367865e-12
 -4.8250000000000002e+00  -4.5871378413381452e-12  -6.0402796695234181e-11  -2.5040312554395242e-10  -6.9848370384490359e-13  -4.2232119921361600e-12
 -4.7999999999999998e+00  -4.5130352008719695e-12  -6.0321142835572533e-11  -2.4986712337728795e-10  -7.1858745786254672e-13  -4.3220668324589244e-12
 -4.7749999999999995e+00  -4.4371510568773393e-12  -6.0236458972639096e-11  -2.4931622194850411e-10  -7.3925813519836859e-13  -4.4230259465589655e-12
 -4.7500000000000000e+00  -4.3593959047127140e-12  -6.0148596603520188e-11  -2.4874949685667334e-10  -7.6051142748726452e-13  -4.5261271891814460e-12
 -4.7249999999999996e+00  -4.2796775502187376e-12  -6.0057403205562154e-11  -2.4816599586653366e-10  -7.8236345585579531e-13  -4.6314088512197942e-12
 -4.7000000000000002e+00  -4.1979010752001946e-12  -5.9962722232890116e-11  -2.4756473876492137e-10  -8.0483078280862987e-13  -4.7389096548218235e-12
 -4.6749999999999998e+00  -4.1139688034605814e-12  -5.9864393116973869e-11  -2.4694471723924455e-10  -8.2793042446282953e-13  -4.8486687479170876e-12
 -4.6499999999999995e+00  -4.0277802673804252e-12  -5.9762251271345222e-11  -2.4630489477858025e-10  -8.5167986314118279e-13  -4.9607256981362025e-12
 -4.6250000000000000e+00  -3.9392321750262363e-12  -5.9656128100565935e-11  -2.4564420659795842e-10  -8.7609706033616700e-13  -5.0751204860913782e-12
 -4.5999999999999996e+00  -3.8482183777719790e-12  -5.9545851013543163e-11  -2.4496155958636458e-10  -9.0120047005650038e-13  -5.1918934979857744e-12
 -4.5750000000000002e+00  -3.7546298384100336e-12  -5.9431243441284503e-11  -2.4425583227896952e-10  -9.2700905256864335e-13  -5.3110855175176541e-12
 -4.5499999999999998e+00  -3.6583545997235879e-12  -5.9312124859180377e-11  -2.4352587485406628e-10  -9.5354228854600331e-13  -5.4327377170434947e-12
 -4.5250000000000004e+00  -3.5592777534865526e-12  -5.9188310813897951e-11  -2.4277050915516542e-10  -9.8082019363899944e-13  -5.5568916479622958e-12
 -4.5000000000000000e+00  -3.4572814098516415e-12  -5.9059612954965512e-11  -2.4198852873866845e-10  -1.0088633334795740e-12  -5.6835892302812953e-12
 -4.4749999999999996e+00  -3.3522446670810427e-12  -5.8925839071122119e-11  -2.4117869894751223e-10  -1.0376928391341317e-12  -5.8128727413211544e-12
 -4.4500000000000002e+00  -3.2440435815678581e-12  -5.8786793131502616e-11  -2.4033975701114073e-10  -1.0673304230193430e-12  -5.9447848035163282e-12
 -4.4249999999999998e+00  -3.1325511380899259e-12  -5.8642275331722799e-11  -2.3947041217213402e-10  -1.0977983952956469e-12  -6.0793683712639495e-12
 -4.4000000000000004e+00  -3.0176372202306249e-12  -5.8492082144925853e-11  -2.3856934583978675e-10  -1.1291196807537362e-12  -6.2166667167718508e-12
 -4.3750000000000000e+00  -2.8991685808943538e-12  -5.8336006377844714e-11  -2.3763521177090227e-10  -1.1613178362097421e-12  -6.3567234148536216e-12
 -4.3499999999999996e+00  -2.7770088128367064e-12  -5.8173837231931805e-11  -2.3666663627802845e-10  -1.1944170684252524e-12  -6.4995823266156015e-12
 -4.3250000000000002e+00  -2.6510183191216870e-12  -5.8005360369601506e-11  -2.3566221846533580e-10  -1.2284422525687341e-12  -6.6452875819775113e-12
 -4.2999999999999998e+00  -2.5210542834103384e-12  -5.7830357985626395e-11  -2.3462053049230129e-10  -1.2634189512353568e-12  -6.7938835609650950e-12
 -4.2750000000000004e+00  -2.3869706399766739e-12  -5.7648608883723681e-11  -2.3354011786533306e-10  -1.2993734340426162e-12  -6.9454148737094807e-12
 -4.2500000000000000e+00  -2.2486180433382374e-12  -5.7459888558363529e-11  -2.3241949975743769e-10  -1.3363326978195739e-12  -7.0999263390841485e-12
 -4.2249999999999996e+00  -2.1058438373795075e-12  -5.7263969281826304e-11  -2.3125716935600334e-10  -1.3743244874079072e-12  -7.2574629619062747e-12
 -4.2000000000000002e+00  -1.9584920238371836e-12  -5.7060620196531816e-11  -2.3005159423874226e-10  -1.4133773170933404e-12  -7.4180699086248128e-12
 -4.1749999999999998e+00  -1.8064032300065818e-12  -5.6849607412659258e-11  -2.2880121677780959e-10  -1.4535204926863715e-12  -7.5817924814130436e-12
 -4.1500000000000004e+00  -1.6494146755184244e-12  -5.6630694111073124e-11  -2.2750445457208896e-10  -1.4947841342715334e-12  -7.7486760905782761e-12
 -4.1250000000000000e+00  -1.4873601380249595e-12  -5.6403640651566376e-11  -2.2615970090761194e-10  -1.5371991996447091e-12  -7.9187662251960624e-12
 -4.0999999999999996e+00  -1.3200699176235323e-12  -5.6168204686429436e-11  -2.2476532524605645e-10  -1.5807975084582710e-12  -8.0921084218706346e-12
 -4.0750000000000002e+00  -1.1473707998346562e-12  -5.5924141279350233e-11  -2.2331967374125094e-10  -1.6256117670940149e-12  -8.2687482315171279e-12
 -4.0500000000000007e+00  -9.6908601694014294e-13  -5.5671203029648896e-11  -2.2182106978359435e-10  -1.6716755942839955e-12  -8.4487311840547075e-12
 -4.0250000000000004e+00  -7.8503520747485084e-13  -5.5409140201848083e-11  -2.2026781457229005e-10  -1.7190235474994679e-12  -8.6321027508928097e-12
 -4.0000000000000000e+00  -5.9503437365329588e-13  -5.5137700860579264e-11  -2.1865818771528090e-10  -1.7676911501281271e-12  -8.8189083050852575e-12
 -3.9749999999999996e+00  -3.9889583649965487e-13  -5.4856631010823967e-11  -2.1699044785677021e-10  -1.8177149194597779e-12  -9.0091930790191624e-12
 -3.9499999999999993e+00  -1.9642818843630642e-13  -5.4565674743489292e-11  -2.1526283333220839e-10  -1.8691323955003797e-12  -9.2030021194970775e-12
 -3.9250000000000007e+00   1.2563756927529095e-14  -5.4264574386317327e-11  -2.1347356285063358e-10  -1.9219821706341362e-12  -9.4003802400618912e-12
 -3.9000000000000004e+00   2.2827901807975449e-13  -5.3953070660129795e-11  -2.1162083620426039e-10  -1.9763039201528769e-12  -9.6013719704043176e-12
 -3.8750000000000000e+00   4.5092050224948481e-13  -5.3630902840411105e-11  -2.0970283500522657e-10  -2.0321384336714339e-12  -9.8060215026826795e-12
 -3.8499999999999996e+00   6.8069506571400198e-13  -5.3297808924236493e-11  -2.0771772344942836e-10  -2.0895276474469734e-12  -1.0014372634573587e-11
 -3.8249999999999993e+00   9.1781357808706102e-13  -5.2953525802555634e-11  -2.0566364910740498e-10  -2.1485146776193716e-12  -1.0226468708860635e-11
 -3.8000000000000007e+00   1.1624909909236295e-12  -5.2597789437847767e-11  -2.0353874374226469e-10  -2.2091438543885795e-12  -1.0442352549355608e-11
 -3.7750000000000004e+00   1.4149464109931810e-12  -5.2230335047170158e-11  -2.0134112415469056e-10  -2.2714607571435856e-12  -1.0662066392933605e-11
 -3.7500000000000000e+00   1.6754031785913106e-12  -5.1850897290629677e-11  -1.9906889305511405e-10  -2.3355122505559733e-12  -1.0885651817449160e-11
 -3.7249999999999996e+00   1.9440889512779260e-12  -5.1459210465315886e-11  -1.9672013996320641e-10  -2.4013465216491463e-12  -1.1113149665285348e-11
 -3.6999999999999993e+00   2.2212357934492566e-12  -5.1055008704744340e-11  -1.9429294213490875e-10  -2.4690131178520585e-12  -1.1344599962271889e-11
 -3.6750000000000007e+00   2.5070802721709664e-12  -5.0638026183870725e-11  -1.9178536551730223e-10  -2.5385629860436586e-12  -1.1580041831690954e-11
 -3.6500000000000004e+00   2.8018635597202147e-12  -5.0207997329749781e-11  -1.8919546573171375e-10  -2.6100485125911944e-12  -1.1819513403071053e-11
 -3.6250000000000000e+00   3.1058315433059015e-12  -4.9764657037928051e-11  -1.8652128908555845e-10  -2.6835235643820325e-12  -1.2063051715450096e-11
 -3.5999999999999996e+00   3.4192349424589027e-12  -4.9307740894676802e-11  -1.8376087361353881e-10  -2.7590435308445960e-12  -1.2310692614767667e-11
 -3.5749999999999993e+00   3.7423294346070569e-12  -4.8836985405190223e-11  -1.8091225014895320e-10  -2.8366653669493613e-12  -1.2562470645024603e-11
 -3.5500000000000007e+00   4.0753757893739635e-12  -4.8352128227895419e-11  -1.7797344342601832e-10  -2.9164476371755998e-12  -1.2818418932824406e-11
 -3.5250000000000004e+00   4.4186400121658068e-12  -4.7852908415044108e-11  -1.7494247321427239e-10  -2.9984505604234789e-12  -1.3078569064885882e-11
 -3.5000000000000000e+00   4.7723934976364465e-12  -4.7339066659782048e-11  -1.7181735548631208e-10  -3.0827360558443069e-12  -1.3342950958089833e-11
 -3.4749999999999996e+00   5.1369131936482808e-12  -4.6810345549920719e-11  -1.6859610362031902e-10  -3.1693677895539280e-12  -1.3611592721594211e-11
 -3.4499999999999993e+00   5.5124817763744722e-12  -4.6266489828667245e-11  -1.6527672963905626e-10  -3.2584112221854799e-12  -1.3884520510522098e-11
 -3.4250000000000007e+00   5.8993878372176482e-12  -4.5707246662603113e-11  -1.6185724548726093e-10  -3.3499336572277876e-12  -1.4161758370694850e-11
 -3.4000000000000004e+00   6.2979260822504151e-12  -4.5132365917239829e-11  -1.5833566434963169e-10  -3.4440042900844874e-12  -1.4443328073848792e-11
 -3.3750000000000000e+00   6.7083975449147450e-12  -4.4541600440521040e-11  -1.5471000201190601e-10  -3.5406942577763487e-12  -1.4729248942737821e-11
 -3.3499999999999996e+00   7.1311098127499251e-12  -4.3934706354685605e-11  -1.5097827826784714e-10  -3.6400766891950798e-12  -1.5019537665486191e-11
 -3.3249999999999993e+00   7.5663772689526113e-12  -4.3311443356954765e-11  -1.4713851837531829e-10  -3.7422267558009951e-12  -1.5314208098515168e-11
 -3.3000000000000007e+00   8.0145213496074374e-12  -4.2671575029560105e-11  -1.4318875456500904e-10  -3.8472217226390258e-12  -1.5613271057324627e-11
 -3.2750000000000004e+00   8.4758708174627783e-12  -4.2014869159686938e-11  -1.3912702760580197e-10  -3.9551409995275634e-12  -1.5916734094365262e-11
 -3.2500000000000000e+00   8.9507620531631751e-12  -4.1341098069970145e-11  -1.3495138843123237e-10  -4.0660661922521596e-12  -1.6224601263189484e-11
 -3.2249999999999996e+00   9.4395393648881387e-12  -4.0650038960247948e-11  -1.3065989983199529e-10  -4.1800811535710465e-12  -1.6536872868018483e-11
 -3.1999999999999993e+00   9.9425553173858519e-12  -3.9941474261352785e-11  -1.2625063822000223e-10  -4.2972720338113875e-12  -1.6853545197810130e-11
 -3.1750000000000007e+00   1.0460171081429978e-11  -3.9215192001798450e-11  -1.2172169547008599e-10  -4.4177273308038070e-12  -1.7174610243856191e-11
 -3.1500000000000004e+00   1.0992756804767862e-11  -3.8470986188308950e-11  -1.1707118084610108e-10  -4.5415379388678216e-12  -1.7500055399879106e-11
 -3.1250000000000000e+00   1.1540692005669120e-11  -3.7708657201228168e-11  -1.1229722301886902e-10  -4.6687971965217149e-12  -1.7829863143536732e-11
 -3.0999999999999996e+00   1.2104365990224094e-11  -3.6928012205950619e-11  -1.0739797218418297e-10  -4.7996009325469217e-12  -1.8164010698179402e-11
 -3.0749999999999993e+00   1.2684178294582098e-11  -3.6128865581622522e-11  -1.0237160228991628e-10  -4.9340475099885312e-12  -1.8502469673636389e-11
 -3.0500000000000007e+00   1.3280539153358978e-11  -3.5311039368480487e-11  -9.7216313382178962e-11  -5.0722378676194408e-12  -1.8845205684739115e-11
 -3.0250000000000004e+00   1.3893869995482151e-11  -3.4474363735322331e-11  -9.1930334081442431e-11  -5.2142755583357076e-12  -1.9192177946215706e-11
 -3.0000000000000000e+00   1.4524603968777848e-11  -3.3618677468741716e-11  -8.6511924200611726e-11  -5.3602667838836939e-12  -1.9543338842516702e-11
 -2.9749999999999996e+00   1.5173186494639839e-11  -3.2743828485906327e-11  -8.0959377518169904e-11  -5.5103204252453089e-12  -1.9898633471054249e-11
 -2.9499999999999993e+00   1.5840075854149407e-11  -3.1849674372818598e-11  -7.5271024720765545e-11  -5.6645480679249924e-12  -2.0257999157257838e-11
 -2.9250000000000007e+00   1.6525743807043251e-11  -3.0936082950170032e-11  -6.9445236530955234e-11  -5.8230640212903295e-12  -2.0621364939768677e-11
 -2.9000000000000004e+00   1.7230676244946666e-11  -3.0002932869084683e-11  -6.3480427037273331e-11  -5.9859853310162439e-12  -2.0988651024012662e-11
 -2.8750000000000000e+00   1.7955373880303224e-11  -2.9050114239246350e-11  -5.7375057245376075e-11  -6.1534317835696265e-12  -2.1359768202309394e-11
 -2.8499999999999996e+00   1.8700352972437290e-11  -2.8077529292117841e-11  -5.1127638870710361e-11  -6.3255259015458169e-12  -2.1734617238592039e-11
 -2.8249999999999993e+00   1.9466146092179822e-11  -2.7085093082190234e-11  -4.4736738395002262e-11  -6.5023929285292729e-12  -2.2113088215731609e-11
 -2.8000000000000007e+00   2.0253302926469157e-11  -2.6072734229446610e-11  -3.8200981410848292e-11  -6.6841608019966574e-12  -2.2495059843379957e-11
 -2.7750000000000004e+00   2.1062391124303306e-11  -2.5040395706489097e-11  -3.1519057280842697e-11  -6.8709601126099545e-12  -2.2880398724170315e-11
 -2.7500000000000000e+00   2.1893997185366285e-11  -2.3988035674061251e-11  -2.4689724139990551e-11  -7.0629240480583307e-12  -2.3268958576043613e-11
 -2.7249999999999996e+00   2.2748727392573616e-11  -2.2915628369001012e-11  -1.7711814272655703e-11  -7.2601883193986583e-12  -2.3660579408405280e-11
 -2.6999999999999993e+00   2.3627208789677227e-11  -2.1823165048983116e-11  -1.0584239897982711e-11  -7.4628910676136876e-12  -2.4055086649763259e-11
 -2.6750000000000007e+00   2.4530090204932312e-11  -2.0710654998755861e-11  -3.3059994006265145e-12  -7.6711727478519714e-12  -2.4452290224455592e-11
 -2.6500000000000004e+00   2.5458043321651966e-11  -1.9578126602945092e-11   4.1238159532663110e-12  -7.8851759885322267e-12  -2.4851983576049026e-11
 -2.6250000000000000e+00   2.6411763796252429e-11  -1.8425628490890132e-11   1.1706014771543493e-11  -8.1050454221847040e-12  -2.5253942634981702e-11
 -2.5999999999999996e+00   2.7391972424114929e-11  -1.7253230759391541e-11   1.9441297716142807e-11  -8.3309274845603436e-12  -2.5657924728037958e-11
 -2.5749999999999993e+00   2.8399416353248300e-11  -1.6061026279690672e-11   2.7330249057115250e-11  -8.5629701781625897e-12  -2.6063667427286461e-11
 -2.5500000000000007e+00   2.9434870345320398e-11  -1.4849132095464594e-11   3.5373327545810827e-11  -8.8013227959434682e-12  -2.6470887336189800e-11
 -2.5250000000000004e+00   3.0499138083121155e-11  -1.3617690919108107e-11   4.3570856548112655e-11  -9.0461356004519790e-12  -2.6879278810712078e-11
 -2.5000000000000000e+00   3.1593053522911552e-11  -1.2366872734085573e-11   5.1923013373986211e-11  -9.2975594532256275e-12  -2.7288512613417556e-11
 -2.4749999999999996e+00   3.2717482289383707e-11  -1.1096876511668088e-11   6.0429817734717352e-11  -9.5557453886719087e-12  -2.7698234498778342e-11
 -2.4499999999999993e+00   3.3873323110086341e-11  -9.8079320509239007e-12   6.9091119254049988e-11  -9.8208441260921061e-12  -2.8108063728202061e-11
 -2.4250000000000007e+00   3.5061509285134280e-11  -8.5003019513988492e-12   7.7906583954005770e-11  -1.0093005512851874e-11  -2.8517591513664159e-11
 -2.4000000000000004e+00   3.6283010186793844e-11  -7.1742837285047010e-12   8.6875679630491107e-11  -1.0372377890998166e-11  -2.8926379389296911e-11
 -2.3750000000000000e+00   3.7538832782084915e-11  -5.8302120822211119e-12   9.5997660027891675e-11  -1.0659107378857348e-11  -2.9333957510865215e-11
 -2.3499999999999996e+00   3.8830023169831660e-11  -4.4684613303037961e-12   1.0527154771575287e-10  -1.0953337058321969e-11  -2.9739822883764387e-11
 -2.3249999999999993e+00   4.0157668121583218e-11  -3.0894480177684191e-12   1.1469611556439420e-10  -1.1255206057641664e-11  -3.0143437521029480e-11
 -2.3000000000000007e+00   4.1522896613467658e-11  -1.6936337149744850e-12   1.2426986670996518e-10  -1.1564848518575450e-11  -3.0544226533870085e-11
 -2.2750000000000004e+00   4.2926881333281515e-11  -2.8152801715128018e-13   1.3399101289310149e-10  -1.1882392435738114e-11  -3.0941576158467207e-11
 -2.2500000000000000e+00   4.4370840143890631e-11   1.1463082413298030e-12   1.4385745104908590e-10  -1.2207958354883409e-11  -3.1334831724217132e-11
 -2.2249999999999996e+00   4.5856037480255542e-11   2.5892595442482068e-12   1.5386673802139042e-10  -1.2541657915714420e-11  -3.1723295570314534e-11
 -2.1999999999999993e+00   4.7383785653013433e-11   4.0466520084260845e-12   1.6401606326484139e-10  -1.2883592223601771e-11  -3.2106224919569343e-11
 -2.1750000000000007e+00   4.8955446026458418e-11   5.5177494421149675e-12   1.7430221939961116e-10  -1.3233850033332056e-11  -3.2482829720689075e-11
 -2.1500000000000004e+00   5.0572430032855750e-11   7.0017491328159586e-12   1.8472157047305505e-10  -1.3592505726713723e-11  -3.2852270472974152e-11
 -2.1250000000000000e+00   5.2236199978188342e-11   8.4977773507454217e-12   1.9527001778339186e-10  -1.3959617064552976e-11  -3.3213656050516022e-11
 -2.0999999999999996e+00   5.3948269586531646e-11   1.0004884554720238e-11   2.0594296311774756e-10  -1.4335222692200642e-11  -3.3566041546608150e-11
 -2.0749999999999993e+00   5.5710204221138590e-11   1.1522040288157890e-11   2.1673526925760521e-10  -1.4719339376593043e-11  -3.3908426163232370e-11
 -2.0500000000000007e+00   5.7523620709826335e-11   1.3048127754250414e-11   2.2764121760777768e-10  -1.5111958951504456e-11  -3.4239751175226995e-11
 -2.0250000000000004e+00   5.9390186690211231e-11   1.4581938061275036e-11   2.3865446281130237e-10  -1.5513044946646272e-11  -3.4558898004135262e-11
 -2.0000000000000000e+00   6.1311619376539792e-11   1.6122164131563358e-11   2.4976798422293074e-10  -1.5922528875351253e-11  -3.4864686442836279e-11
 -1.9749999999999996e+00   6.3289683634101316e-11   1.7667394270999769e-11   2.6097403412906837e-10  -1.6340306154949541e-11  -3.5155873078931519e-11
 -1.9499999999999993e+00   6.5326189229256337e-11   1.9216105400213519e-11   2.7226408262320244e-10  -1.6766231633673220e-11  -3.5431149972554082e-11
 -1.9250000000000007e+00   6.7422987102737781e-11   2.0766655954047346e-11   2.8362875907428547e-10  -1.7200114698138311e-11  -3.5689143652831287e-11
 -1.9000000000000004e+00   6.9581964490842426e-11   2.2317278462634174e-11   2.9505779016270388e-10  -1.7641713936291238e-11  -3.5928414506699114e-11
 -1.8750000000000000e+00   7.1805038693191972e-11   2.3866071835725635e-11   3.0653993450600911e-10  -1.8090731332346230e-11  -3.6147456644153865e-11
 -1.8499999999999996e+00   7.4094149256688578e-11   2.5410993382054036e-11   3.1806291395646088e-10  -1.8546805972888572e-11  -3.6344698335325280e-11
 -1.8249999999999993e+00   7.6451248312934253e-11   2.6949850607765512e-11   3.2961334172677329e-10  -1.9009507247222953e-11  -3.6518503126918634e-11
 -1.8000000000000007e+00   7.8878288770596105e-11   2.8480292852657270e-11   3.4117664759168580e-10  -1.9478327530495045e-11  -3.6667171758511248e-11
 -1.7750000000000004e+00   8.1377210024939857e-11   2.9999802840432287e-11   3.5273700052375152e-10  -1.9952674345442988e-11  -3.6788945012747908e-11
 -1.7500000000000000e+00   8.3949920804100229e-11   3.1505688239818932e-11   3.6427722925491083e-10  -2.0431862008227374e-11  -3.6882007647429756e-11
 -1.7249999999999996e+00   8.6598278725869642e-11   3.2995073357568144e-11   3.7577874141405791e-10  -2.0915102776078791e-11  -3.6944493571504300e-11
 -1.6999999999999993e+00   8.9324066090362919e-11   3.4464891112414655e-11   3.8722144207802658e-10  -2.1401497529973135e-11  -3.6974492440592329e-11
 -1.6750000000000007e+00   9.2128961383676842e-11   3.5911875471423503e-11   3.9858365279234798e-10  -2.1890026044726377e-11  -3.6970057860335320e-11
 -1.6500000000000004e+00   9.5014505916847533e-11   3.7332554567043098e-11   4.0984203237166583e-10  -2.2379536922353333e-11  -3.6929217396747167e-11
 -1.6250000000000000e+00   9.7982064974799558e-11   3.8723244754865138e-11   4.2097150108031929e-10  -2.2868737292840793e-11  -3.6849984600932942e-11
 -1.5999999999999996e+00   1.0103278280404141e-10   4.0080045918625713e-11   4.3194517012302955e-10  -2.3356182420215846e-11  -3.6730373259789023e-11
 -1.5749999999999993e+00   1.0416753072890876e-10   4.1398838380245281e-11   4.4273427874439631e-10  -2.3840265391472262e-11  -3.6568414083156058e-11
 -1.5500000000000007e+00   1.0738684765853677e-10   4.2675281828287462e-11   4.5330814164283518e-10  -2.4319207111979114e-11  -3.6362174029609291e-11
 -1.5250000000000004e+00   1.1069087223604502e-10   4.3904816737326574e-11   4.6363410984610371e-10  -2.4791046883694431e-11  -3.6109778455596528e-11
 -1.5000000000000000e+00   1.1407926589467337e-10   4.5082668812060562e-11   4.7367754866489824e-10  -2.5253633901839295e-11  -3.5809436243643711e-11
 -1.4749999999999996e+00   1.1755112613148534e-10   4.6203857051662453e-11   4.8340183682722648e-10  -2.5704620071269995e-11  -3.5459468022257339e-11
 -1.4499999999999993e+00   1.2110488939822868e-10   4.7263206089115434e-11   4.9276839138320202e-10  -2.6141454614714108e-11  -3.5058337530191711e-11
 -1.4250000000000007e+00   1.2473822315335752e-10   4.8255363513461103e-11   5.0173672343499233e-10  -2.6561381019711322e-11  -3.4604686098076090e-11
 -1.4000000000000004e+00   1.2844790683325124e-10   4.9174822925242249e-11   5.1026453015964417e-10  -2.6961436947041844e-11  -3.4097370118278573e-11
 -1.3750000000000000e+00   1.3222970180006987e-10   5.0015953500926235e-11   5.1830782891450287e-10  -2.7338457797060973e-11  -3.3535501246944479e-11
 -1.3499999999999996e+00   1.3607821072524960e-10   5.0773036843413513e-11   5.2582113939738420e-10  -2.7689084696818009e-11  -3.2918488928713486e-11
 -1.3250000000000011e+00   1.3998672738825571e-10   5.1440311864183430e-11   5.3275771981810351e-10  -2.8009777723770395e-11  -3.2246084654151864e-11
 -1.3000000000000007e+00   1.4394707852539810e-10   5.2012028368307768e-11   5.3906986275645850e-10  -2.8296835213355865e-11  -3.1518427153562554e-11
 -1.2750000000000004e+00   1.4794946016535893e-10   5.2482509885663067e-11   5.4470925575851549e-10  -2.8546419998081134e-11  -3.0736087501967083e-11
 -1.2500000000000000e+00   1.5198227184237946e-10   5.2846226099036929e-11   5.4962741067769474e-10  -2.8754593384081277e-11  -2.9900112865045059e-11
 -1.2249999999999996e+00   1.5603195318073055e-10   5.3097874951809741e-11   5.5377616422014094e-10  -2.8917357575175391e-11  -2.9012067364627718e-11
 -1.2000000000000011e+00   1.6008282857682836e-10   5.3232474165615899e-11   5.5710825003429296e-10  -2.9030707091791709e-11  -2.8074068299085005e-11
 -1.1750000000000007e+00   1.6411696703074482e-10   5.3245461456347796e-11   5.5957793994088209e-10  -2.9090689490977744e-11  -2.7088815737227120e-11
 -1.1500000000000004e+00   1.6811406553538274e-10   5.3132802204954008e-11   5.6114174851281800e-10  -2.9093475364507153e-11  -2.6059613337197406e-11
 -1.1250000000000000e+00   1.7205136572919998e-10   5.2891102725268427e-11   5.6175919121387219e-10  -2.9035437169514446e-11  -2.4990378151116315e-11
 -1.0999999999999996e+00   1.7590361463572075e-10   5.2517726592204620e-11   5.6139358178468248e-10  -2.8913235931330736e-11  -2.3885637191232913e-11
 -1.0750000000000011e+00   1.7964308109755934e-10   5.2010910779852994e-11   5.6001284969865913e-10  -2.8723914261509984e-11  -2.2750508683496899e-11
 -1.0500000000000007e+00   1.8323963978507374e-10   5.1369877653748186e-11   5.5759035356486838e-10  -2.8464993477112269e-11  -2.1590666246135785e-11
 -1.0250000000000004e+00   1.8666093422478363e-10   5.0594938222074592e-11   5.5410566169155454e-10  -2.8134571925091681e-11  -2.0412284723134724e-11
 -1.0000000000000000e+00   1.8987262895693822e-10   4.9687581546266863e-11   5.4954526709199450e-10  -2.7731420956993261e-11  -1.9221967082633647e-11
 -9.7499999999999964e-01   1.9283875852909284e-10   4.8650544919854024e-11   5.4390320152695312e-10  -2.7255074425807297e-11  -1.8026652648569362e-11
 -9.5000000000000107e-01   1.9552217745692480e-10   4.7487859424280434e-11   5.3718151226998761e-10  -2.6705907159882771e-11  -1.6833507939959144e-11
 -9.2500000000000071e-01   1.9788511052411348e-10   4.6204865832387323e-11   5.2939056664899334e-10  -2.6085197682697363e-11  -1.5649802492417741e-11
 -9.0000000000000036e-01   1.9988979696959925e-10   4.4808196605046930e-11   5.2054915344105270e-10  -2.5395170561039769e-11  -1.4482773154412323e-11
 -8.7500000000000000e-01   2.0149921549911563e-10   4.3305720932896267e-11   5.1068435706281702e-10  -2.4639014230698958e-11  -1.3339481391228640e-11
 -8.4999999999999964e-01   2.0267787010063447e-10   4.1706451389052146e-11   4.9983119011853203e-10  -2.3820870993537455e-11  -1.2226668986794569e-11
 -8.2500000000000107e-01   2.0339260993289149e-10   4.0020412705811128e-11   4.8803198183094903e-10  -2.2945797090777928e-11  -1.1150618102629284e-11
 -8.0000000000000071e-01   2.0361345079036869e-10   3.8258475343242974e-11   4.7533553343683957e-10  -2.2019692278301500e-11  -1.0117021844900273e-11
 -7.7500000000000036e-01   2.0331436155486665e-10   3.6432158710798648e-11   4.6179606572818430e-10  -2.1049200059701568e-11  -9.1308712456588792e-12
 -7.5000000000000000e-01   2.0247397728225805e-10   3.4553410936652522e-11   4.4747199730609373e-10  -2.0041581532233656e-11  -8.1963638661929873e-12
 -7.2499999999999964e-01   2.0107620162559110e-10   3.2634373750108232e-11   4.3242460346962558e-10  -1.9004567505515620e-11  -7.3168381125678937e-12
 -7.0000000000000107e-01   1.9911066537018818e-10   3.0687142168495299e-11   4.1671661378268038e-10  -1.7946194994085246e-11  -6.4947358996342136e-12
 -6.7500000000000071e-01   1.9657301481969822e-10   2.8723529128902221e-11   4.0041081033727928e-10  -1.6874635212399127e-11  -5.7315946363054463e-12
 -6.5000000000000036e-01   1.9346501313356539e-10   2.6754844914600529e-11   3.8356868808534298e-10  -1.5798020704863057e-11  -5.0280677851063525e-12
 -6.2500000000000000e-01   1.8979444867011823e-10   2.4791700215887824e-11   3.6624923338719587e-10  -1.4724279171857439e-11  -4.3839716330284039e-12
 -5.9999999999999964e-01   1.8557485591230794e-10   2.2843840035941665e-11   3.4850786768734331e-10  -1.3660980918984070e-11  -3.7983545438663153e-12
 -5.7500000000000107e-01   1.8082506554306258e-10   2.0920013571588371e-11   3.3039559097880485e-10  -1.2615205737778170e-11  -3.2695839557543968e-12
 -5.5000000000000071e-01   1.7556860966665028e-10   1.9027882876676531e-11   3.1195834574714592e-10  -1.1593433549727981e-11  -2.7954458059137208e-12
 -5.2500000000000036e-01   1.6983301522709653e-10   1.7173970774786926e-11   2.9323660778582192e-10  -1.0601461470593991e-11  -2.3732509201516670e-12
 -5.0000000000000000e-01   1.6364902285304171e-10   1.5363646334150029e-11   2.7426519694819881e-10  -9.6443482455910187e-12  -1.9999431615353199e-12
 -4.7499999999999964e-01   1.5704976951540691e-10   1.3601144415397122e-11   2.5507328960477812e-10  -8.7263854205155196e-12  -1.6722047169786838e-12
 -4.5000000000000107e-01   1.5006997171626013e-10   1.1889614459881846e-11   2.3568460601423572e-10  -7.8510932700707299e-12  -1.3865547148822712e-12
 -4.2500000000000071e-01   1.4274514190735347e-10   1.0231192848629727e-11   2.1611774031593599e-10  -7.0212384809684341e-12  -1.1394383063226147e-12
 -4.0000000000000036e-01   1.3511086511778671e-10   8.6270928179269496e-12   1.9638659837040423e-10  -6.2388699175138697e-12  -9.2730430773300090e-13
 -3.7500000000000000e-01   1.2720215607738051e-10   7.0777060097685000e-12   1.7650090888323380e-10  -5.5053684741927169e-12  -7.4667041229673321e-13
 -3.4999999999999964e-01   1.1905291015455607e-10   5.5827101761334707e-12   1.5646677562251755e-10  -4.8215070042417345e-12  -5.9417577066708637e-13
 -3.2500000000000107e-01   1.1069545478123706e-10   4.1411782432893750e-12   1.3628724245892451e-10  -4.1875165455184089e-12  -4.6662138348728463e-13
 -3.0000000000000071e-01   1.0216020216078911e-10   2.7516847741023032e-12   1.1596284779630797e-10  -3.6031554759228896e-12  -3.6099922500345376e-13
 -2.7500000000000036e-01   9.3475399233395443e-11   1.4124067520119110e-12   9.5492150168052028e-11  -3.0677787510761928e-12  -2.7451133327115996e-13
 -2.5000000000000000e-01   8.4666967233067912e-11   1.2121647581442101e-13   7.4872211889086977e-11  -2.5804049451197412e-12  -2.0458027517289537e-13
 -2.2499999999999964e-01   7.5758420701267940e-11  -1.1242348561795464e-12   5.4099032300926158e-11  -2.1397793811495156e-12  -1.4885244825963740e-13
 -2.0000000000000107e-01   6.6770854432006133e-11  -2.3264436110458375e-12   3.3167926179800662e-11  -1.7444321640212095e-12  -1.0519564377809267e-13
 -1.7500000000000071e-01   5.7722986374698562e-11  -3.4879904056724195e-12   1.2073846344713934e-11  -1.3927303911749301e-12  -7.1692193046981928e-14
 -1.5000000000000036e-01   4.8631244758019407e-11  -4.6114867530179769e-12  -9.1883480391787334e-12  -1.0829242039904132e-12  -4.6628876640217246e-14
 -1.2500000000000000e-01   3.9509888361241568e-11  -5.6995311344473351e-12  -3.0623674835192401e-11  -8.1318664835841229e-13  -2.8484612811264585e-14
 -9.9999999999999645e-02   3.0371150128481925e-11  -6.7546737021823562e-12  -5.2236859134958868e-11  -5.8164753931611102e-13  -1.5916775273881219e-14
 -7.5000000000001066e-02   2.1225395975459553e-11  -7.7793885719481103e-12  -7.4032202144889208e-11  -3.8642167829743216e-13  -7.7468373053732724e-15
 -5.0000000000000711e-02   1.2081290562077285e-11  -8.7760529616905683e-12  -9.6013486969519160e-11  -2.2563188746474327e-13  -2.9459162202263473e-15
 -2.5000000000000355e-02   2.9459611541236476e-12  -9.7469327125882255e-12  -1.1818392600202815e-10  -9.7427543044934996e-14  -6.2069610407319456e-16
  0.0000000000000000e+00  -6.1748425670954114e-12  -1.0694171635848187e-11  -1.4054612081753132e-10   0.0000000000000000e+00   0.0000000000000000e+00
