# Columns: x, rho, u, p, lamdatime_step 20000
# time   1.0000000000000000e+02
 -1.2074999999999999e+01  -4.7531999987987128e-11  -3.1234927426622025e-11  -4.6818045264936341e-10   1.9686524616692067e-16   2.8980750409710914e-15
 -1.2049999999999999e+01  -4.7531999987987128e-11  -3.1234927426622025e-11  -4.6818045264936341e-10   1.9686524616692067e-16   2.8980750409710914e-15
 -1.2024999999999999e+01  -4.7531999987987128e-11  -3.1234927426622025e-11  -4.6818045264936341e-10   1.9686524616692067e-16   2.8980750409710914e-15
 -1.2000000000000000e+01  -4.7531999987987128e-11  -3.1234927426622025e-11  -4.6818045264936341e-10   1.9686524616692067e-16   2.8980750409710914e-15
 -1.1975000000000000e+01  -4.7567780525060941e-11  -3.1212307996455514e-11  -4.6833350662692817e-10   2.0445503960539982e-16   3.0031796533255907e-15
 -1.1949999999999999e+01  -4.7590948951963643e-11  -3.1200849435159905e-11  -4.6841171175201001e-10   2.1021102530631452e-16   3.0825982478800116e-15
 -1.1924999999999999e+01  -4.7618437806392099e-11  -3.1182801531812256e-11  -4.6853456699579595e-10   2.1653069763272724e-16   3.1696522423888429e-15
 -1.1899999999999999e+01  -4.7644080876494994e-11  -3.1168650096851350e-11  -4.6863075116049417e-10   2.2313822901528208e-16   3.2604682629095259e-15
 -1.1875000000000000e+01  -4.7670346133776193e-11  -3.1152236977945390e-11  -4.6874131950129887e-10   2.2990533177644847e-16   3.3532567992380714e-15
 -1.1850000000000000e+01  -4.7695811922953800e-11  -3.1137116097789342e-11  -4.6884205461021963e-10   2.3692190860276558e-16   3.4492523094691575e-15
 -1.1824999999999999e+01  -4.7721389043964073e-11  -3.1121217733594997e-11  -4.6894709416224451e-10   2.4417205121446996e-16   3.5482162791143571e-15
 -1.1799999999999999e+01  -4.7746526773282966e-11  -3.1105796058309143e-11  -4.6904851103672545e-10   2.5166568302617347e-16   3.6502703084927321e-15
 -1.1774999999999999e+01  -4.7771594067184245e-11  -3.1090199368959639e-11  -4.6915146442873934e-10   2.5941225182740486e-16   3.7555279155539493e-15
 -1.1750000000000000e+01  -4.7796417856270020e-11  -3.1074897721414804e-11  -4.6925355219084845e-10   2.6741930375674806e-16   3.8640754214611513e-15
 -1.1725000000000000e+01  -4.7821133507793367e-11  -3.1059691796601655e-11  -4.6935667876139135e-10   2.7569567594819983e-16   3.9760162632571705e-15
 -1.1699999999999999e+01  -4.7845679202936241e-11  -3.1044733727621886e-11  -4.6945997475701688e-10   2.8425025084863303e-16   4.0914535628740025e-15
 -1.1674999999999999e+01  -4.7870080161810150e-11  -3.1029913230817632e-11  -4.6956380041841561e-10   2.9309220232133291e-16   4.2104935506154035e-15
 -1.1649999999999999e+01  -4.7894277729108615e-11  -3.1015203446240918e-11  -4.6966732917117442e-10   3.0223102222567731e-16   4.3332458850125302e-15
 -1.1625000000000000e+01  -4.7918226818312976e-11  -3.1000454825405903e-11  -4.6976992676222888e-10   3.1167649868543963e-16   4.4598233091570597e-15
 -1.1600000000000000e+01  -4.7941842046196456e-11  -3.0985521551730393e-11  -4.6987038908031964e-10   3.2143873669791580e-16   4.5903418954904340e-15
 -1.1574999999999999e+01  -4.7965039871666136e-11  -3.0970210255696884e-11  -4.6996753802519705e-10   3.3152816590916280e-16   4.7249211087014964e-15
 -1.1549999999999999e+01  -4.7987735638092086e-11  -3.0954355206717774e-11  -4.7006017969683552e-10   3.4195555048072627e-16   4.8636838966398204e-15
 -1.1524999999999999e+01  -4.8009879563836109e-11  -3.0937846236092355e-11  -4.7014761318523439e-10   3.5273200053935653e-16   5.0067568012682200e-15
 -1.1500000000000000e+01  -4.8031480158542389e-11  -3.0920705457984794e-11  -4.7022996161911058e-10   3.6386898409731004e-16   5.1542700741969956e-15
 -1.1475000000000000e+01  -4.8052635930992963e-11  -3.0903137544204813e-11  -4.7030862042657886e-10   3.7537834027572902e-16   5.3063578083093300e-15
 -1.1449999999999999e+01  -4.8073546984663432e-11  -3.0885563419807480e-11  -4.7038642126644541e-10   3.8727229341203869e-16   5.4631580795490955e-15
 -1.1424999999999999e+01  -4.8094502901892780e-11  -3.0868589396762459e-11  -4.7046746074706857e-10   3.9956346765654826e-16   5.6248130933437962e-15
 -1.1399999999999999e+01  -4.8115831898602846e-11  -3.0852903873933304e-11  -4.7055638161821713e-10   4.1226490124412937e-16   5.7914693243552217e-15
 -1.1375000000000000e+01  -4.8137815105860203e-11  -3.0839095929301127e-11  -4.7065716095222423e-10   4.2539005951645226e-16   5.9632776367679814e-15
 -1.1350000000000000e+01  -4.8160578748203459e-11  -3.0827430571307362e-11  -4.7077158584448590e-10   4.3895284595815474e-16   6.1403933748801039e-15
 -1.1324999999999999e+01  -4.8183993282098361e-11  -3.0817636848609116e-11  -4.7089782750806541e-10   4.5296761178257230e-16   6.3229764305643250e-15
 -1.1299999999999999e+01  -4.8207612474393134e-11  -3.0808780624034833e-11  -4.7102958000871669e-10   4.6744916866325743e-16   6.5111913467495670e-15
 -1.1274999999999999e+01  -4.8230679024828571e-11  -3.0799276149879145e-11  -4.7115613975459704e-10   4.8241281524775830e-16   6.7052075937029419e-15
 -1.1250000000000000e+01  -4.8252201675769246e-11  -3.0787047716187837e-11  -4.7126349560802753e-10   4.9787435340019368e-16   6.9051997110810348e-15
 -1.1225000000000000e+01  -4.8271081529628193e-11  -3.0769793998835981e-11  -4.7133611441994777e-10   5.1384974284590062e-16   7.1113428251171013e-15
 -1.1199999999999999e+01  -4.8286245607892479e-11  -3.0745266581177006e-11  -4.7135882761067947e-10   5.3035272161874774e-16   7.3237821713868045e-15
 -1.1174999999999999e+01  -4.8296751587445876e-11  -3.0711484723532976e-11  -4.7131830686741501e-10   5.4738718917606794e-16   7.5425357746956374e-15
 -1.1149999999999999e+01  -4.8301866705322525e-11  -3.0666901919684638e-11  -4.7120418087328600e-10   5.6494869037888751e-16   7.7675141779988988e-15
 -1.1125000000000000e+01  -4.8301148131300325e-11  -3.0610596326572405e-11  -4.7101019471093517e-10   5.8305906117420577e-16   7.9989638828612184e-15
 -1.1100000000000000e+01  -4.8294468073362083e-11  -3.0542297862362762e-11  -4.7073454220027318e-10   6.0173355784889964e-16   8.2370452154789278e-15
 -1.1074999999999999e+01  -4.8281954683696633e-11  -3.0462277050724447e-11  -4.7037903628603334e-10   6.2098900528224629e-16   8.4819371431428759e-15
 -1.1049999999999999e+01  -4.8263897657447749e-11  -3.0371140218677085e-11  -4.6994777385113973e-10   6.4084301827375188e-16   8.7338270979961607e-15
 -1.1024999999999999e+01  -4.8240653431332770e-11  -3.0269634918587719e-11  -4.6944579515428795e-10   6.6131350074357275e-16   8.9929045052038604e-15
 -1.1000000000000000e+01  -4.8212583597439436e-11  -3.0158518611707643e-11  -4.6887821337624347e-10   6.8241895364533999e-16   9.2593646786764813e-15
 -1.0975000000000000e+01  -4.8180032453013755e-11  -3.0038513008680131e-11  -4.6824989717289589e-10   7.0417841158458019e-16   9.5334079320707962e-15
 -1.0949999999999999e+01  -4.8143335401376417e-11  -2.9910320868517924e-11  -4.6756558944714615e-10   7.2661146398874434e-16   9.8152397813958765e-15
 -1.0924999999999999e+01  -4.8102839138453198e-11  -2.9774668739944307e-11  -4.6683019274001639e-10   7.4973827685131736e-16   1.0105071150407551e-14
 -1.0899999999999999e+01  -4.8058917043859257e-11  -2.9632338922167124e-11  -4.6604898682449262e-10   7.7357960764886349e-16   1.0403118486138873e-14
 -1.0875000000000000e+01  -4.8011969920265079e-11  -2.9484171166177485e-11  -4.6522763916492259e-10   7.9815682476402026e-16   1.0709603929886437e-14
 -1.0850000000000000e+01  -4.7962411630755962e-11  -2.9331032499854257e-11  -4.6437200186915339e-10   8.2349192664379872e-16   1.1024755481553698e-14
 -1.0824999999999999e+01  -4.7910645512872074e-11  -2.9173767883988564e-11  -4.6348777824131212e-10   8.4960756095480328e-16   1.1348807160510651e-14
 -1.0799999999999999e+01  -4.7857040020572693e-11  -2.9013149170707987e-11  -4.6258017841414344e-10   8.7652704351088700e-16   1.1681999159901323e-14
 -1.0774999999999999e+01  -4.7801910551533158e-11  -2.8849837067741626e-11  -4.6165366242260219e-10   9.0427437679885333e-16   1.2024577992192377e-14
 -1.0750000000000000e+01  -4.7745510889015022e-11  -2.8684363211451088e-11  -4.6071181920205107e-10   9.3287426830653231e-16   1.2376796628736995e-14
 -1.0725000000000000e+01  -4.7688033870837364e-11  -2.8517131580694345e-11  -4.5975737603541926e-10   9.6235214892730709e-16   1.2738914637030231e-14
 -1.0699999999999999e+01  -4.7629618359420937e-11  -2.8348433096279495e-11  -4.5879229708388780e-10   9.9273419173582482e-16   1.3111198319526230e-14
 -1.0674999999999999e+01  -4.7570358798348240e-11  -2.8178465641575600e-11  -4.5781791848671429e-10   1.0240473313430763e-15   1.3493920856686767e-14
 -1.0649999999999999e+01  -4.7510314368037541e-11  -2.8007353239122285e-11  -4.5683507779520534e-10   1.0563192839350406e-15   1.3887362455504638e-14
 -1.0625000000000000e+01  -4.7449516228317747e-11  -2.7835161221833790e-11  -4.5584421636114096e-10   1.0895785680044197e-15   1.4291810503483153e-14
 -1.0600000000000000e+01  -4.7387972784019048e-11  -2.7661907262317219e-11  -4.5484545377598389e-10   1.1238545257409150e-15   1.4707559727473837e-14
 -1.0574999999999999e+01  -4.7325673794638626e-11  -2.7487569981654368e-11  -4.5383864596858369e-10   1.1591773450541801e-15   1.5134912356892759e-14
 -1.0549999999999999e+01  -4.7262594324792214e-11  -2.7312097223856380e-11  -4.5282344105272486e-10   1.1955780822378114e-15   1.5574178291291703e-14
 -1.0524999999999999e+01  -4.7198699162382787e-11  -2.7135415309306224e-11  -4.5179934178818647e-10   1.2330886853239776e-15   1.6025675272793104e-14
 -1.0500000000000000e+01  -4.7133947742360356e-11  -2.6957439346014579e-11  -4.5076577519098358e-10   1.2717420182075501e-15   1.6489729064263717e-14
 -1.0475000000000000e+01  -4.7068299116923646e-11  -2.6778083637361983e-11  -4.4972216280142781e-10   1.3115718856137787e-15   1.6966673634022882e-14
 -1.0449999999999999e+01  -4.7001716294453629e-11  -2.6597270767162402e-11  -4.4866798202841195e-10   1.3526130589608897e-15   1.7456851347569333e-14
 -1.0424999999999999e+01  -4.6934169355596896e-11  -2.6414938123575200e-11  -4.4760281020578035e-10   1.3949013031303626e-15   1.7960613166301285e-14
 -1.0399999999999999e+01  -4.6865637049118221e-11  -2.6231041239416800e-11  -4.4652634715595219e-10   1.4384734041238692e-15   1.8478318852767430e-14
 -1.0375000000000000e+01  -4.6796106923116526e-11  -2.6045554065609687e-11  -4.4543841704635197e-10   1.4833671975621327e-15   1.9010337181686637e-14
 -1.0350000000000000e+01  -4.6725574326848174e-11  -2.5858466879964376e-11  -4.4433895427802403e-10   1.5296215979743621e-15   1.9557046155902204e-14
 -1.0324999999999999e+01  -4.6654040752458558e-11  -2.5669782814109198e-11  -4.4322798004127851e-10   1.5772766288376518e-15   2.0118833226583993e-14
 -1.0299999999999999e+01  -4.6581511970807829e-11  -2.5479513949615579e-11  -4.4210557595968628e-10   1.6263734533435337e-15   2.0696095517230804e-14
 -1.0274999999999999e+01  -4.6507996297806523e-11  -2.5287677687696126e-11  -4.4097185957879208e-10   1.6769544058928073e-15   2.1289240051328738e-14
 -1.0250000000000000e+01  -4.6433503173081108e-11  -2.5094293773106240e-11  -4.3982696427026358e-10   1.7290630243305152e-15   2.1898683983665212e-14
 -1.0225000000000000e+01  -4.6358042098116005e-11  -2.4899382070892301e-11  -4.3867102421816105e-10   1.7827440829506679e-15   2.2524854835512153e-14
 -1.0199999999999999e+01  -4.6281621897433126e-11  -2.4702961019626162e-11  -4.3750416397223396e-10   1.8380436262971953e-15   2.3168190733851222e-14
 -1.0174999999999999e+01  -4.6204250237097775e-11  -2.4505046623496374e-11  -4.3632649163926969e-10   1.8950090037957283e-15   2.3829140654903490e-14
 -1.0149999999999999e+01  -4.6125933343451295e-11  -2.4305651863660736e-11  -4.3513809490525034e-10   1.9536889052440327e-15   2.4508164672137629e-14
 -1.0125000000000000e+01  -4.6046675888024585e-11  -2.4104786457549175e-11  -4.3393903940701243e-10   2.0141333971896401e-15   2.5205734208931854e-14
 -1.0100000000000000e+01  -4.5966481022679653e-11  -2.3902456932676690e-11  -4.3272936922791577e-10   2.0763939602282469e-15   2.5922332296118055e-14
 -1.0074999999999999e+01  -4.5885350552776130e-11  -2.3698666989385563e-11  -4.3150910934503214e-10   2.1405235272531560e-15   2.6658453834591274e-14
 -1.0049999999999999e+01  -4.5803285226521985e-11  -2.3493418106759768e-11  -4.3027826971910537e-10   2.2065765226938865e-15   2.7414605863252591e-14
 -1.0024999999999999e+01  -4.5720285103186188e-11  -2.3286710313553418e-11  -4.2903685049962493e-10   2.2746089027754252e-15   2.8191307832469653e-14
 -1.0000000000000000e+01  -4.5636349950561221e-11  -2.3078543020263639e-11  -4.2778484764356788e-10   2.3446781968372638e-15   2.8989091883315839e-14
 -9.9749999999999996e+00  -4.5551479619262007e-11  -2.2868915802625505e-11  -4.2652225820674045e-10   2.4168435497391030e-15   2.9808503132699537e-14
 -9.9499999999999993e+00  -4.5465674349755547e-11  -2.2657829044217437e-11  -4.2524908468408604e-10   2.4911657653839037e-15   3.0650099964525955e-14
 -9.9249999999999989e+00  -4.5378934984696437e-11  -2.2445284380788400e-11  -4.2396533801116365e-10   2.5677073513811268e-15   3.1514454326934317e-14
 -9.8999999999999986e+00  -4.5291263079006326e-11  -2.2231284930507997e-11  -4.2267103911983855e-10   2.6465325648709889e-15   3.2402152035623523e-14
 -9.8750000000000000e+00  -4.5202660917838458e-11  -2.2015835331390013e-11  -4.2136621919153541e-10   2.7277074595289664e-15   3.3313793083254238e-14
 -9.8499999999999996e+00  -4.5113131464409754e-11  -2.1798941631925528e-11  -4.2005091891883371e-10   2.8112999337718727e-15   3.4249991954932731e-14
 -9.8249999999999993e+00  -4.5022678264383265e-11  -2.1580611090788845e-11  -4.1872518715266492e-10   2.8973797801857044e-15   3.5211377949769434e-14
 -9.7999999999999989e+00  -4.4931305331963959e-11  -2.1360851938293343e-11  -4.1738907929088699e-10   2.9860187361996016e-15   3.6198595508543607e-14
 -9.7749999999999986e+00  -4.4839017037382319e-11  -2.1139673140777470e-11  -4.1604265568641953e-10   3.0772905360311215e-15   3.7212304547515779e-14
 -9.7500000000000000e+00  -4.4745818008519272e-11  -2.0917084194610538e-11  -4.1468598025527158e-10   3.1712709639334780e-15   3.8253180798483610e-14
 -9.7249999999999996e+00  -4.4651713053085100e-11  -2.0693094963235927e-11  -4.1331911937513953e-10   3.2680379087731132e-15   3.9321916155146384e-14
 -9.6999999999999993e+00  -4.4556707103083711e-11  -2.0467715560867867e-11  -4.1194214109906929e-10   3.3676714199708511e-15   4.0419219025892436e-14
 -9.6749999999999989e+00  -4.4460805180457477e-11  -2.0240956280523621e-11  -4.1055511466856468e-10   3.4702537648381002e-15   4.1545814693095873e-14
 -9.6499999999999986e+00  -4.4364012381412158e-11  -2.0012827561152588e-11  -4.0915811029079702e-10   3.5758694873435602e-15   4.2702445679047231e-14
 -9.6250000000000000e+00  -4.4266333876347319e-11  -1.9783339987421401e-11  -4.0775119913644886e-10   3.6846054683448505e-15   4.3889872118621583e-14
 -9.5999999999999996e+00  -4.4167774922055362e-11  -1.9552504315169230e-11  -4.0633445351101263e-10   3.7965509873196143e-15   4.5108872138783325e-14
 -9.5749999999999993e+00  -4.4068340882643842e-11  -1.9320331515108178e-11  -4.0490794714941931e-10   3.9117977856328011e-15   4.6360242245041072e-14
 -9.5499999999999989e+00  -4.3968037255473558e-11  -1.9086832827010461e-11  -4.0347175558157468e-10   4.0304401313759794e-15   4.7644797714947864e-14
 -9.5249999999999986e+00  -4.3866869698419328e-11  -1.8852019816651541e-11  -4.0202595651658414e-10   4.1525748858154931e-15   4.8963372998745268e-14
 -9.5000000000000000e+00  -4.3764844055091273e-11  -1.8615904428475073e-11  -4.0057063019812222e-10   4.2783015714887728e-15   5.0316822127266632e-14
 -9.4749999999999996e+00  -4.3661966375350391e-11  -1.8378499028399729e-11  -3.9910585969324229e-10   4.4077224419806342e-15   5.1706019127125520e-14
 -9.4499999999999993e+00  -4.3558242929444191e-11  -1.8139816433270169e-11  -3.9763173109095259e-10   4.5409425534222170e-15   5.3131858443324250e-14
 -9.4249999999999989e+00  -4.3453680215201609e-11  -1.7899869925777346e-11  -3.9614833360262130e-10   4.6780698377479819e-15   5.4595255369327723e-14
 -9.3999999999999986e+00  -4.3348284958754180e-11  -1.7658673255830665e-11  -3.9465575957080911e-10   4.8192151777495805e-15   5.6097146484678707e-14
 -9.3750000000000000e+00  -4.3242064110019616e-11  -1.7416240630967720e-11  -3.9315410440400884e-10   4.9644924839644227e-15   5.7638490100208548e-14
 -9.3499999999999996e+00  -4.3135024834603281e-11  -1.7172586699269145e-11  -3.9164346646069677e-10   5.1140187734392312e-15   5.9220266710916439e-14
 -9.3249999999999993e+00  -4.3027174503838047e-11  -1.6927726528376663e-11  -3.9012394690702121e-10   5.2679142504097612e-15   6.0843479456589531e-14
 -9.2999999999999989e+00  -4.2918520684462105e-11  -1.6681675583753645e-11  -3.8859564956933528e-10   5.4263023889369249e-15   6.2509154590217857e-14
 -9.2749999999999986e+00  -4.2809071129044653e-11  -1.6434449708508562e-11  -3.8705868079726683e-10   5.5893100175426329e-15   6.4218341954281344e-14
 -9.2500000000000000e+00  -4.2698833767827215e-11  -1.6186065106178905e-11  -3.8551314934676851e-10   5.7570674058870133e-15   6.5972115464957457e-14
 -9.2249999999999996e+00  -4.2587816702247232e-11  -1.5936538327031562e-11  -3.8395916628691838e-10   5.9297083535340063e-15   6.7771573604347045e-14
 -9.1999999999999993e+00  -4.2476028200102854e-11  -1.5685886257793264e-11  -3.8239684492988977e-10   6.1073702808477104e-15   6.9617839920753869e-14
 -9.1749999999999989e+00  -4.2363476692123312e-11  -1.5434126114318315e-11  -3.8082630078076128e-10   6.2901943220670962e-15   7.1512063537100495e-14
 -9.1499999999999986e+00  -4.2250170769612995e-11  -1.5181275436498045e-11  -3.7924765150247110e-10   6.4783254206056477e-15   7.3455419667539975e-14
 -9.1250000000000000e+00  -4.2136119182812310e-11  -1.4927352084665196e-11  -3.7766101689086735e-10   6.6719124266209407e-15   7.5449110142295417e-14
 -9.0999999999999996e+00  -4.2021330839638320e-11  -1.4672374236787772e-11  -3.7606651885509139e-10   6.8711081969059645e-15   7.7494363940820087e-14
 -9.0749999999999993e+00  -4.1905814804512886e-11  -1.4416360385841222e-11  -3.7446428139915420e-10   7.0760696971474142e-15   7.9592437733290970e-14
 -9.0499999999999989e+00  -4.1789580297039584e-11  -1.4159329336859750e-11  -3.7285443060133683e-10   7.2869581066032911e-15   8.1744616430508674e-14
 -9.0249999999999986e+00  -4.1672636690348395e-11  -1.3901300203287617e-11  -3.7123709458884583e-10   7.5039389252479907e-15   8.3952213742225200e-14
 -9.0000000000000000e+00  -4.1554993508984479e-11  -1.3642292402372442e-11  -3.6961240350598054e-10   7.7271820834351105e-15   8.6216572743927258e-14
 -8.9749999999999996e+00  -4.1436660426278441e-11  -1.3382325649469745e-11  -3.6798048947492014e-10   7.9568620541339815e-15   8.8539066452152464e-14
 -8.9499999999999993e+00  -4.1317647261189320e-11  -1.3121419951239858e-11  -3.6634148654900648e-10   8.1931579677866381e-15   9.0921098408305011e-14
 -8.9249999999999989e+00  -4.1197963974659966e-11  -1.2859595597821176e-11  -3.6469553065908498e-10   8.4362537298408606e-15   9.3364103271020452e-14
 -8.8999999999999986e+00  -4.1077620665563335e-11  -1.2596873154143600e-11  -3.6304275955400982e-10   8.6863381410135839e-15   9.5869547417098553e-14
 -8.8750000000000000e+00  -4.0956627566341405e-11  -1.2333273450595325e-11  -3.6138331273675054e-10   8.9436050203372983e-15   9.8438929550995795e-14
 -8.8499999999999996e+00  -4.0834995038444393e-11  -1.2068817573267249e-11  -3.5971733139762351e-10   9.2082533310473910e-15   1.0107378132291015e-13
 -8.8249999999999993e+00  -4.0712733567670229e-11  -1.1803526853985751e-11  -3.5804495834605925e-10   9.4804873093628008e-15   1.0377566795541862e-13
 -8.7999999999999989e+00  -4.0589853759484886e-11  -1.1537422860299725e-11  -3.5636633794204315e-10   9.7605165962189511e-15   1.0654618887868414e-13
 -8.7749999999999986e+00  -4.0466366334379652e-11  -1.1270527385541850e-11  -3.5468161602802474e-10   1.0048556372010145e-14   1.0938697837421429e-13
 -8.7500000000000000e+00  -4.0342282123296568e-11  -1.1002862439027257e-11  -3.5299093986173354e-10   1.0344827494399015e-14   1.1229970622714614e-13
 -8.7249999999999996e+00  -4.0217612063130304e-11  -1.0734450236407337e-11  -3.5129445805001693e-10   1.0649556639250836e-14   1.1528607838701884e-13
 -8.6999999999999993e+00  -4.0092367192299488e-11  -1.0465313190164702e-11  -3.4959232048360290e-10   1.0962976444755049e-14   1.1834783763702525e-13
 -8.6749999999999989e+00  -3.9966558646370591e-11  -1.0195473900212950e-11  -3.4788467827254367e-10   1.1285325658789669e-14   1.2148676427165600e-13
 -8.6499999999999986e+00  -3.9840197653713483e-11  -9.9249551445575092e-12  -3.4617168368204627e-10   1.1616849289593239e-14   1.2470467678272027e-13
 -8.6250000000000000e+00  -3.9713295531170379e-11  -9.6537798699803486e-12  -3.4445349006842900e-10   1.1957798759803284e-14   1.2800343255365896e-13
 -8.5999999999999996e+00  -3.9585863679722587e-11  -9.3819711827141916e-12  -3.4273025181498180e-10   1.2308432063921992e-14   1.3138492856206621e-13
 -8.5749999999999993e+00  -3.9457913580146240e-11  -9.1095523390898527e-12  -3.4100212426760505e-10   1.2669013929274143e-14   1.3485110209036372e-13
 -8.5499999999999989e+00  -3.9329456788654402e-11  -8.8365467361488579e-12  -3.3926926367018861e-10   1.3039815980518905e-14   1.3840393144452186e-13
 -8.5249999999999986e+00  -3.9200504932527587e-11  -8.5629779022277629e-12  -3.3753182709975620e-10   1.3421116907776558e-14   1.4204543668070207e-13
 -8.5000000000000000e+00  -3.9071069705738961e-11  -8.2888694875256944e-12  -3.3578997240146725e-10   1.3813202638437954e-14   1.4577768033974275e-13
 -8.4749999999999996e+00  -3.8941162864583195e-11  -8.0142452546745961e-12  -3.3404385812359537e-10   1.4216366512717056e-14   1.4960276818932442e-13
 -8.4499999999999993e+00  -3.8810796223319165e-11  -7.7391290693325068e-12  -3.3229364345262999e-10   1.4630909463011022e-14   1.5352284997367271e-13
 -8.4249999999999989e+00  -3.8679981649839879e-11  -7.4635448908293768e-12  -3.3053948814868891e-10   1.5057140197136897e-14   1.5754012017068565e-13
 -8.3999999999999986e+00  -3.8548731061383344e-11  -7.1875167628922135e-12  -3.2878155248143281e-10   1.5495375385502914e-14   1.6165681875624788e-13
 -8.3750000000000000e+00  -3.8417056420298355e-11  -6.9110688044796096e-12  -3.2701999716667787e-10   1.5945939852286609e-14   1.6587523197561602e-13
 -8.3499999999999996e+00  -3.8284969729879999e-11  -6.6342252007568567e-12  -3.2525498330391663e-10   1.6409166770679894e-14   1.7019769312162650e-13
 -8.3249999999999993e+00  -3.8152483030288372e-11  -6.3570101942382346e-12  -3.2348667231493142e-10   1.6885397862269480e-14   1.7462658331953587e-13
 -8.3000000000000007e+00  -3.8019608394563454e-11  -6.0794480761253877e-12  -3.2171522588368990e-10   1.7374983600616645e-14   1.7916433231825006e-13
 -8.2749999999999986e+00  -3.7886357924748978e-11  -5.8015631778666013e-12  -3.1994080589769337e-10   1.7878283419103909e-14   1.8381341928771198e-13
 -8.2500000000000000e+00  -3.7752743748135122e-11  -5.5233798629585922e-12  -3.1816357439092232e-10   1.8395665923111858e-14   1.8857637362215779e-13
 -8.2249999999999996e+00  -3.7618778013629688e-11  -5.2449225190100274e-12  -3.1638369348851160e-10   1.8927509106591307e-14   1.9345577574895815e-13
 -8.1999999999999993e+00  -3.7484472888267661e-11  -4.9662155500883594e-12  -3.1460132535329369e-10   1.9474200573098700e-14   1.9845425794276233e-13
 -8.1750000000000007e+00  -3.7349840553868122e-11  -4.6872833693669809e-12  -3.1281663213433602e-10   2.0036137761358299e-14   2.0357450514460956e-13
 -8.1499999999999986e+00  -3.7214893203846604e-11  -4.4081503920908748e-12  -3.1102977591758457e-10   2.0613728175413232e-14   2.0881925578563801e-13
 -8.1250000000000000e+00  -3.7079643040191398e-11  -4.1288410288773851e-12  -3.0924091867873352e-10   2.1207389619434101e-14   2.1419130261506765e-13
 -8.0999999999999996e+00  -3.6944102270612099e-11  -3.8493796793694900e-12  -3.0745022223843512e-10   2.1817550437242585e-14   2.1969349353200885e-13
 -8.0749999999999993e+00  -3.6808283105869545e-11  -3.5697907262606126e-12  -3.0565784821997902e-10   2.2444649756620197e-14   2.2532873242075027e-13
 -8.0500000000000007e+00  -3.6672197757296216e-11  -3.2900985297089080e-12  -3.0386395800956691e-10   2.3089137738456931e-14   2.3109997998901898e-13
 -8.0249999999999986e+00  -3.6535858434517107e-11  -3.0103274221630252e-12  -3.0206871271932397e-10   2.3751475830806567e-14   2.3701025460879876e-13
 -8.0000000000000000e+00  -3.6399277343381382e-11  -2.7305017036192576e-12  -3.0027227315318951e-10   2.4432137027905541e-14   2.4306263315918514e-13
 -7.9749999999999996e+00  -3.6262466684114040e-11  -2.4506456373296539e-12  -2.9847479977581786e-10   2.5131606134216012e-14   2.4926025187077057e-13
 -7.9499999999999993e+00  -3.6125438649697909e-11  -2.1707834459820943e-12  -2.9667645268463164e-10   2.5850380033549193e-14   2.5560630717099644e-13
 -7.9249999999999998e+00  -3.5988205424495210e-11  -1.8909393083712997e-12  -2.9487739158515973e-10   2.6588967963327450e-14   2.6210405652991080e-13
 -7.8999999999999995e+00  -3.5850779183119649e-11  -1.6111373565835037e-12  -2.9307777576981047e-10   2.7347891794039073e-14   2.6875681930571481e-13
 -7.8750000000000000e+00  -3.5713172089569076e-11  -1.3314016737148597e-12  -2.9127776410022237e-10   2.8127686313938764e-14   2.7556797758945261e-13
 -7.8499999999999996e+00  -3.5575396296628266e-11  -1.0517562921434737e-12  -2.8947751499332694e-10   2.8928899519043982e-14   2.8254097704816022e-13
 -7.8249999999999993e+00  -3.5437463945552147e-11  -7.7222519237605945e-13  -2.8767718641126603e-10   2.9752092908480726e-14   2.8967932776579919e-13
 -7.7999999999999998e+00  -3.5299387166038903e-11  -4.9283230248796102e-13  -2.8587693585529741e-10   3.0597841785220124e-14   2.9698660508117995e-13
 -7.7749999999999995e+00  -3.5161178076502270e-11  -2.1360149817659548e-13  -2.8407692036381993e-10   3.1466735562254392e-14   3.0446645042212347e-13
 -7.7500000000000000e+00  -3.5022848784652409e-11   6.5443396554482976e-14  -2.8227729651464709e-10   3.2359378074252737e-14   3.1212257213502502e-13
 -7.7249999999999996e+00  -3.4884411388394521e-11   3.4427860806010380e-13  -2.8047822043166149e-10   3.3276387894737611e-14   3.1995874630896770e-13
 -7.6999999999999993e+00  -3.4745877977054845e-11   6.2288041104921891e-13  -2.7867984779598146e-10   3.4218398658816733e-14   3.2797881759347403e-13
 -7.6749999999999998e+00  -3.4607260632942176e-11   9.0122512589468742e-13  -2.7688233386175480e-10   3.5186059391503345e-14   3.3618670000894305e-13
 -7.6499999999999995e+00  -3.4468571433253870e-11   1.1792891152383336e-12  -2.7508583347670940e-10   3.6180034841655620e-14   3.4458637774879148e-13
 -7.6250000000000000e+00  -3.4329822452335110e-11   1.4570487798750744e-12  -2.7329050110757969e-10   3.7201005821560746e-14   3.5318190597226129e-13
 -7.5999999999999996e+00  -3.4191025764300052e-11   1.7344805538980862e-12  -2.7149649087053100e-10   3.8249669552184576e-14   3.6197741158679655e-13
 -7.5749999999999993e+00  -3.4052193446022947e-11   2.0115608990892956e-12  -2.6970395656669698e-10   3.9326740014104948e-14   3.7097709401886332e-13
 -7.5499999999999998e+00  -3.3913337580507259e-11   2.2882662985393935e-12  -2.6791305172294070e-10   4.0432948304142189e-14   3.8018522597202778e-13
 -7.5249999999999995e+00  -3.3774470260640752e-11   2.5645732494813066e-12  -2.6612392963795529e-10   4.1569042997693707e-14   3.8960615417104632e-13
 -7.5000000000000000e+00  -3.3635603593344390e-11   2.8404582553218777e-12  -2.6433674343381123e-10   4.2735790516776604e-14   3.9924430009068193e-13
 -7.4749999999999996e+00  -3.3496749704122276e-11   3.1158978168583593e-12  -2.6255164611305276e-10   4.3933975503773705e-14   4.0910416066787994e-13
 -7.4499999999999993e+00  -3.3357920742019961e-11   3.3908684226646304e-12  -2.6076879062144932e-10   4.5164401200877576e-14   4.1919030899592366e-13
 -7.4249999999999998e+00  -3.3219128884998201e-11   3.6653465386339357e-12  -2.5898832991649928e-10   4.6427889835214598e-14   4.2950739499907217e-13
 -7.3999999999999995e+00  -3.3080386345729262e-11   3.9393085966646047e-12  -2.5721041704178700e-10   4.7725283009628823e-14   4.4006014608616149e-13
 -7.3750000000000000e+00  -3.2941705377822060e-11   4.2127309824770412e-12  -2.5543520520728390e-10   4.9057442099097427e-14   4.5085336778157710e-13
 -7.3499999999999996e+00  -3.2803098282482687e-11   4.4855900225491609e-12  -2.5366284787568481e-10   5.0425248652741287e-14   4.6189194433192992e-13
 -7.3249999999999993e+00  -3.2664577415616381e-11   4.7578619701597381e-12  -2.5189349885486742e-10   5.1829604801386048e-14   4.7318083928670153e-13
 -7.2999999999999998e+00  -3.2526155195376888e-11   5.0295229905280310e-12  -2.5012731239655736e-10   5.3271433670623817e-14   4.8472509605107751e-13
 -7.2749999999999995e+00  -3.2387844110168767e-11   5.3005491450403801e-12  -2.4836444330128024e-10   5.4751679799309811e-14   4.9652983840905808e-13
 -7.2500000000000000e+00  -3.2249656727108154e-11   5.5709163745533756e-12  -2.4660504702967865e-10   5.6271309563428491e-14   5.0860027101493636e-13
 -7.2249999999999996e+00  -3.2111605700946824e-11   5.8406004817655565e-12  -2.4484927982026393e-10   5.7831311605245845e-14   5.2094167985109568e-13
 -7.1999999999999993e+00  -3.1973703783463909e-11   6.1095771126501776e-12  -2.4309729881366577e-10   5.9432697267657658e-14   5.3355943265002356e-13
 -7.1749999999999998e+00  -3.1835963833329414e-11   6.3778217369421747e-12  -2.4134926218344002e-10   6.1076501033629894e-14   5.4645897927833695e-13
 -7.1499999999999995e+00  -3.1698398826443456e-11   6.6453096276735563e-12  -2.3960532927349197e-10   6.2763780970622501e-14   5.5964585208058206e-13
 -7.1250000000000000e+00  -3.1561021866754807e-11   6.9120158397514946e-12  -2.3786566074216566e-10   6.4495619179866398e-14   5.7312566618041273e-13
 -7.0999999999999996e+00  -3.1423846197561824e-11   7.1779151875748076e-12  -2.3613041871304888e-10   6.6273122250357590e-14   5.8690411973671238e-13
 -7.0749999999999993e+00  -3.1286885213298390e-11   7.4429822216857611e-12  -2.3439976693253092e-10   6.8097421717414706e-14   6.0098699415210381e-13
 -7.0499999999999998e+00  -3.1150152471807460e-11   7.7071912044541777e-12  -2.3267387093415141e-10   6.9969674525635047e-14   6.1538015423122254e-13
 -7.0249999999999995e+00  -3.1013661707103836e-11   7.9705160847927433e-12  -2.3095289820976995e-10   7.1891063496067179e-14   6.3008954828600194e-13
 -7.0000000000000000e+00  -3.0877426842627630e-11   8.2329304719032422e-12  -2.2923701838757643e-10   7.3862797797402055e-14   6.4512120818513499e-13
 -6.9749999999999996e+00  -3.0741462004989236e-11   8.4944076080547336e-12  -2.2752640341695919e-10   7.5886113420970187e-14   6.6048124934477041e-13
 -6.9499999999999993e+00  -3.0605781538206286e-11   8.7549203403951009e-12  -2.2582122776024171e-10   7.7962273659314096e-14   6.7617587065740356e-13
 -6.9249999999999998e+00  -3.0470400018432315e-11   9.0144410918000483e-12  -2.2412166859128646e-10   8.0092569588083954e-14   6.9221135435577681e-13
 -6.8999999999999995e+00  -3.0335332269176387e-11   9.2729418307633697e-12  -2.2242790600096317e-10   8.2278320550990215e-14   7.0859406580853992e-13
 -6.8750000000000000e+00  -3.0200593377012686e-11   9.5303940403347254e-12  -2.2074012320946690e-10   8.4520874647524126e-14   7.2533045324427886e-13
 -6.8499999999999996e+00  -3.0066198707777681e-11   9.7867686861122676e-12  -2.1905850678546248e-10   8.6821609223134807e-14   7.4242704740039298e-13
 -6.8249999999999993e+00  -2.9932163923252589e-11   1.0042036183298895e-11  -2.1738324687202531e-10   8.9181931361532067e-14   7.5989046109320708e-13
 -6.7999999999999998e+00  -2.9798504998327499e-11   1.0296166362833086e-11  -2.1571453741933443e-10   9.1603278378757994e-14   7.7772738870554503e-13
 -6.7749999999999995e+00  -2.9665238238643756e-11   1.0549128436604813e-11  -2.1405257642407595e-10   9.4087118318650260e-14   7.9594460558790753e-13
 -6.7500000000000000e+00  -2.9532380298710065e-11   1.0800890961770517e-11  -2.1239756617549783e-10   9.6634950449287770e-14   8.1454896736920242e-13
 -6.7249999999999996e+00  -2.9399948200486582e-11   1.1051421804182490e-11  -2.1074971350804389e-10   9.9248305759990454e-14   8.3354740917291058e-13
 -6.7000000000000002e+00  -2.9267959352431077e-11   1.1300688100949256e-11  -2.0910923006049011e-10   1.0192874745840980e-13   8.5294694473436984e-13
 -6.6749999999999998e+00  -2.9136431569000422e-11   1.1548656222145562e-11  -2.0747633254149582e-10   1.0467787146722265e-13   8.7275466541476027e-13
 -6.6499999999999995e+00  -2.9005383090599347e-11   1.1795291731692934e-11  -2.0585124300146379e-10   1.0749730691990693e-13   8.9297773910720295e-13
 -6.6250000000000000e+00  -2.8874832603967754e-11   1.2040559347433662e-11  -2.0423418911059579e-10   1.1038871665504695e-13   9.1362340903024840e-13
 -6.5999999999999996e+00  -2.8744799262996909e-11   1.2284422900423377e-11  -2.0262540444301502e-10   1.1335379770858086e-13   9.3469899240385612e-13
 -6.5750000000000002e+00  -2.8615302709964528e-11   1.2526845293467359e-11  -2.0102512876682598e-10   1.1639428180337408e-13   9.5621187900286844e-13
 -6.5499999999999998e+00  -2.8486363097177095e-11   1.2767788458930944e-11  -1.9943360833995437e-10   1.1951193583545146e-13   9.7816952958271649e-13
 -6.5249999999999995e+00  -2.8358001109006794e-11   1.3007213315854331e-11  -1.9785109621160317e-10   1.2270856235620019e-13   1.0005794741720496e-12
 -6.5000000000000000e+00  -2.8230237984309745e-11   1.3245079726406450e-11  -1.9627785252914433e-10   1.2598600004979988e-13   1.0234493102267169e-12
 -6.4749999999999996e+00  -2.8103095539210538e-11   1.3481346451713422e-11  -1.9471414485024942e-10   1.2934612420510410e-13   1.0467867006394144e-12
 -6.4500000000000002e+00  -2.7976596190237743e-11   1.3715971107100242e-11  -1.9316024846005309e-10   1.3279084718114961e-13   1.0705993715991208e-12
 -6.4249999999999998e+00  -2.7850762977793610e-11   1.3948910116786156e-11  -1.9161644669312670e-10   1.3632211886542214e-13   1.0948951102942414e-12
 -6.3999999999999995e+00  -2.7725619589940077e-11   1.4180118668077630e-11  -1.9008303126002079e-10   1.3994192712396347e-13   1.1196817624532327e-12
 -6.3750000000000000e+00  -2.7601190386481574e-11   1.4409550665105300e-11  -1.8856030257811860e-10   1.4365229824234877e-13   1.1449672297162558e-12
 -6.3499999999999996e+00  -2.7477500423324348e-11   1.4637158682154188e-11  -1.8704857010652616e-10   1.4745529735651824e-13   1.1707594668312577e-12
 -6.3250000000000002e+00  -2.7354575477090479e-11   1.4862893916639014e-11  -1.8554815268470838e-10   1.5135302887238355e-13   1.1970664786676323e-12
 -6.2999999999999998e+00  -2.7232442069963744e-11   1.5086706141779427e-11  -1.8405937887456260e-10   1.5534763687307847e-13   1.2238963170404525e-12
 -6.2749999999999995e+00  -2.7111127494742946e-11   1.5308543659032807e-11  -1.8258258730560447e-10   1.5944130551266221e-13   1.2512570773380539e-12
 -6.2500000000000000e+00  -2.6990659840077174e-11   1.5528353250345159e-11  -1.8111812702292107e-10   1.6363625939501645e-13   1.2791568949455058e-12
 -6.2249999999999996e+00  -2.6871068015855918e-11   1.5746080130283796e-11  -1.7966635783753009e-10   1.6793476393662041e-13   1.3076039414563583e-12
 -6.2000000000000002e+00  -2.6752381778725767e-11   1.5961667898118651e-11  -1.7822765067876134e-10   1.7233912571181098e-13   1.3366064206647661e-12
 -6.1749999999999998e+00  -2.6634631757703668e-11   1.6175058489922391e-11  -1.7680238794825968e-10   1.7685169277907110e-13   1.3661725643299235e-12
 -6.1499999999999995e+00  -2.6517849479855446e-11   1.6386192130762414e-11  -1.7539096387518725e-10   1.8147485498680923e-13   1.3963106277044861e-12
 -6.1250000000000000e+00  -2.6402067396007020e-11   1.6595007287060908e-11  -1.7399378487218485e-10   1.8621104425701857e-13   1.4270288848184261e-12
 -6.0999999999999996e+00  -2.6287318906453980e-11   1.6801440619202627e-11  -1.7261126989163382e-10   1.9106273484512352e-13   1.4583356235095687e-12
 -6.0750000000000002e+00  -2.6173638386634211e-11   1.7005426934472850e-11  -1.7124385078173821e-10   1.9603244357423570e-13   1.4902391401917766e-12
 -6.0499999999999998e+00  -2.6061061212726087e-11   1.7206899140411558e-11  -1.6989197264192793e-10   2.0112273004194918e-13   1.5227477343515097e-12
 -6.0249999999999995e+00  -2.5949623787133946e-11   1.7405788198672950e-11  -1.6855609417706206e-10   2.0633619679771817e-13   1.5558697027632604e-12
 -6.0000000000000000e+00  -2.5839363563820602e-11   1.7602023079482959e-11  -1.6723668804989301e-10   2.1167548948876333e-13   1.5896133334141174e-12
 -5.9749999999999996e+00  -2.5730319073445226e-11   1.7795530716790527e-11  -1.6593424123122953e-10   2.1714329697234537e-13   1.6239868991274041e-12
 -5.9500000000000002e+00  -2.5622529948263715e-11   1.7986235964211348e-11  -1.6464925534722171e-10   2.2274235139214857e-13   1.6589986508751447e-12
 -5.9249999999999998e+00  -2.5516036946747175e-11   1.8174061551865926e-11  -1.6338224702316821e-10   2.2847542821640037e-13   1.6946568107687885e-12
 -5.8999999999999995e+00  -2.5410881977872280e-11   1.8358928044217308e-11  -1.6213374822322713e-10   2.3434534623523804e-13   1.7309695647173709e-12
 -5.8750000000000000e+00  -2.5307108125036423e-11   1.8540753799016702e-11  -1.6090430658539331e-10   2.4035496751472250e-13   1.7679450547420477e-12
 -5.8499999999999996e+00  -2.5204759669548731e-11   1.8719454927468432e-11  -1.5969448575108430e-10   2.4650719730475761e-13   1.8055913709355765e-12
 -5.8250000000000002e+00  -2.5103882113646840e-11   1.8894945255728108e-11  -1.5850486568866305e-10   2.5280498389806024e-13   1.8439165430551310e-12
 -5.7999999999999998e+00  -2.5004522202988094e-11   1.9067136287851098e-11  -1.5733604301020510e-10   2.5925131843717688e-13   1.8829285317364659e-12
 -5.7749999999999995e+00  -2.4906727948562361e-11   1.9235937170311005e-11  -1.5618863128080194e-10   2.6584923466640566e-13   1.9226352193172167e-12
 -5.7500000000000000e+00  -2.4810548647972268e-11   1.9401254658211194e-11  -1.5506326131967214e-10   2.7260180862532845e-13   1.9630444002567420e-12
 -5.7249999999999996e+00  -2.4716034906025883e-11   1.9562993083313564e-11  -1.5396058149234327e-10   2.7951215828051062e-13   2.0041637711397145e-12
 -5.7000000000000002e+00  -2.4623238654585309e-11   1.9721054324012735e-11  -1.5288125799314586e-10   2.8658344309174997e-13   2.0460009202502559e-12
 -5.6749999999999998e+00  -2.4532213171613701e-11   1.9875337777384915e-11  -1.5182597511725054e-10   2.9381886350909623e-13   2.0885633167031592e-12
 -5.6499999999999995e+00  -2.4443013099362421e-11   2.0025740333443226e-11  -1.5079543552146680e-10   3.0122166039667938e-13   2.1318582991184032e-12
 -5.6250000000000000e+00  -2.4355694461638756e-11   2.0172156351733207e-11  -1.4979036047300900e-10   3.0879511437919982e-13   2.1758930638248340e-12
 -5.5999999999999996e+00  -2.4270314680093874e-11   2.0314477640404314e-11  -1.4881149008542247e-10   3.1654254510673467e-13   2.2206746525785618e-12
 -5.5750000000000002e+00  -2.4186932589469997e-11   2.0452593437894099e-11  -1.4785958354085690e-10   3.2446731043331816e-13   2.2662099397812893e-12
 -5.5499999999999998e+00  -2.4105608451744758e-11   2.0586390397363902e-11  -1.4693541929786206e-10   3.3257280550453000e-13   2.3125056191834450e-12
 -5.5249999999999995e+00  -2.4026403969110364e-11   2.0715752574025777e-11  -1.4603979528387568e-10   3.4086246174911062e-13   2.3595681900566476e-12
 -5.5000000000000000e+00  -2.3949382295724679e-11   2.0840561415500913e-11  -1.4517352907156988e-10   3.4933974576938492e-13   2.4074039428196703e-12
 -5.4749999999999996e+00  -2.3874608048170629e-11   2.0960695755351013e-11  -1.4433745803821469e-10   3.5800815812502756e-13   2.4560189441017314e-12
 -5.4500000000000002e+00  -2.3802147314560272e-11   2.1076031809924613e-11  -1.4353243950721677e-10   3.6687123200445363e-13   2.5054190212265566e-12
 -5.4249999999999998e+00  -2.3732067662219420e-11   2.1186443178660296e-11  -1.4275935087098989e-10   3.7593253177784179e-13   2.5556097461002987e-12
 -5.3999999999999995e+00  -2.3664438143888735e-11   2.1291800847988826e-11  -1.4201908969431506e-10   3.8519565142552338e-13   2.6065964184860340e-12
 -5.3750000000000000e+00  -2.3599329302377351e-11   2.1391973198975739e-11  -1.4131257379735189e-10   3.9466421283516841e-13   2.6583840486471640e-12
 -5.3499999999999996e+00  -2.3536813173604882e-11   2.1486826018845528e-11  -1.4064074131746484e-10   4.0434186396089400e-13   2.7109773393416549e-12
 -5.3250000000000002e+00  -2.3476963287968055e-11   2.1576222516527768e-11  -1.4000455074903571e-10   4.1423227683709775e-13   2.7643806671486815e-12
 -5.2999999999999998e+00  -2.3419854669968592e-11   2.1660023342364326e-11  -1.3940498096044014e-10   4.2433914543947742e-13   2.8185980631088274e-12
 -5.2749999999999995e+00  -2.3365563836039556e-11   2.1738086612115027e-11  -1.3884303118737903e-10   4.3466618338534001e-13   2.8736331926585947e-12
 -5.2500000000000000e+00  -2.3314168790507667e-11   2.1810267935397582e-11  -1.3831972100176518e-10   4.4521712146493122e-13   2.9294893348395552e-12
 -5.2249999999999996e+00  -2.3265749019630178e-11   2.1876420448695681e-11  -1.3783609025538133e-10   4.5599570499512624e-13   2.9861693607620730e-12
 -5.2000000000000002e+00  -2.3220385483645529e-11   2.1936394853066409e-11  -1.3739319899753993e-10   4.6700569098640672e-13   3.0436757113031046e-12
 -5.1749999999999998e+00  -2.3178160606778240e-11   2.1990039456675507e-11  -1.3699212736599615e-10   4.7825084511361924e-13   3.1020103740171481e-12
 -5.1499999999999995e+00  -2.3139158265139338e-11   2.2037200222286341e-11  -1.3663397545038229e-10   4.8973493848055890e-13   3.1611748592389785e-12
 -5.1250000000000000e+00  -2.3103463772464992e-11   2.2077720819824581e-11  -1.3631986312745618e-10   5.0146174416793852e-13   3.2211701753563632e-12
 -5.0999999999999996e+00  -2.3071163863637341e-11   2.2111442684137443e-11  -1.3605092986747964e-10   5.1343503355381265e-13   3.2819968032305265e-12
 -5.0750000000000002e+00  -2.3042346675933209e-11   2.2138205078061718e-11  -1.3582833451107020e-10   5.2565857239499296e-13   3.3436546697416497e-12
 -5.0499999999999998e+00  -2.3017101727947637e-11   2.2157845160911575e-11  -1.3565325501589711e-10   5.3813611665743818e-13   3.4061431204362447e-12
 -5.0249999999999995e+00  -2.2995519896141119e-11   2.2170198062491153e-11  -1.3552688817262288e-10   5.5087140808302917e-13   3.4694608912527930e-12
 -5.0000000000000000e+00  -2.2977693388961369e-11   2.2175096962733256e-11  -1.3545044928952544e-10   5.6386816947951832e-13   3.5336060793015449e-12
 -4.9749999999999996e+00  -2.2963715718492230e-11   2.2172373177059686e-11  -1.3542517184526950e-10   5.7713009971980877e-13   3.5985761126739204e-12
 -4.9500000000000002e+00  -2.2953681669584173e-11   2.2161856247553479e-11  -1.3545230710933053e-10   5.9066086843603561e-13   3.6643677192564572e-12
 -4.9249999999999998e+00  -2.2947687266423338e-11   2.2143374040027667e-11  -1.3553312372961463e-10   6.0446411039322014e-13   3.7309768945237862e-12
 -4.8999999999999995e+00  -2.2945829736497960e-11   2.2116752847069039e-11  -1.3566890728685580e-10   6.1854341952650516e-13   3.7983988682846059e-12
 -4.8750000000000000e+00  -2.2948207471923556e-11   2.2081817497129049e-11  -1.3586095981541655e-10   6.3290234262521198e-13   3.8666280703541673e-12
 -4.8499999999999996e+00  -2.2954919988090408e-11   2.2038391469727885e-11  -1.3611059929015648e-10   6.4754437264610740e-13   3.9356580951262316e-12
 -4.8250000000000002e+00  -2.2966067879599426e-11   2.1986297016830581e-11  -1.3641915907908272e-10   6.6247294163741887e-13   4.0054816650170465e-12
 -4.7999999999999998e+00  -2.2981752773454706e-11   2.1925355290447446e-11  -1.3678798736153814e-10   6.7769141325419790e-13   4.0760905927533184e-12
 -4.7749999999999995e+00  -2.3002077279483748e-11   2.1855386476504176e-11  -1.3721844651173147e-10   6.9320307484467036e-13   4.1474757424756897e-12
 -4.7500000000000000e+00  -2.3027144937958708e-11   2.1776209935019222e-11  -1.3771191244746359e-10   7.0901112908619535e-13   4.2196269896287527e-12
 -4.7249999999999996e+00  -2.3057060164394697e-11   2.1687644346618767e-11  -1.3826977394395339e-10   7.2511868514836883e-13   4.2925331796081132e-12
 -4.7000000000000002e+00  -2.3091928191503465e-11   2.1589507865412302e-11  -1.3889343191271566e-10   7.4152874935968492e-13   4.3661820851345295e-12
 -4.6749999999999998e+00  -2.3131855008283396e-11   2.1481618278244187e-11  -1.3958429864549609e-10   7.5824421535295988e-13   4.4405603623246923e-12
 -4.6499999999999995e+00  -2.3176947296228935e-11   2.1363793170328443e-11  -1.4034379702331842e-10   7.7526785366347505e-13   4.5156535054277290e-12
 -4.6250000000000000e+00  -2.3227312362645218e-11   2.1235850097266499e-11  -1.4117335969075392e-10   7.9260230075245606e-13   4.5914458001960376e-12
 -4.5999999999999996e+00  -2.3283058071055927e-11   2.1097606763439882e-11  -1.4207442819557487e-10   8.1025004742710523e-13   4.6679202758586013e-12
 -4.5750000000000002e+00  -2.3344292768694284e-11   2.0948881206761768e-11  -1.4304845209400558e-10   8.2821342662692696e-13   4.7450586556645639e-12
 -4.5499999999999998e+00  -2.3411125211069525e-11   2.0789491989763447e-11  -1.4409688802184006e-10   8.4649460054452424e-13   4.8228413059643507e-12
 -4.5250000000000004e+00  -2.3483664483603062e-11   2.0619258396984026e-11  -1.4522119873174648e-10   8.6509554704738716e-13   4.9012471837952627e-12
 -4.5000000000000000e+00  -2.3562019920330100e-11   2.0438000638624092e-11  -1.4642285209713126e-10   8.8401804536547282e-13   4.9802537829381434e-12
 -4.4749999999999996e+00  -2.3646301019664304e-11   2.0245540060416311e-11  -1.4770332008298810e-10   9.0326366100752204e-13   5.0598370784113392e-12
 -4.4500000000000002e+00  -2.3736617357224364e-11   2.0041699359658186e-11  -1.4906407768420898e-10   9.2283372986713006e-13   5.1399714693679082e-12
 -4.4249999999999998e+00  -2.3833078495722604e-11   1.9826302807345124e-11  -1.5050660183188445e-10   9.4272934147754360e-13   5.2206297203617721e-12
 -4.4000000000000004e+00  -2.3935793891916444e-11   1.9599176476334552e-11  -1.5203237026817074e-10   9.6295132137198483e-13   5.3017829009483445e-12
 -4.3750000000000000e+00  -2.4044872800624467e-11   1.9360148475465022e-11  -1.5364286039034834e-10   9.8350021250404010e-13   5.3834003235849735e-12
 -4.3499999999999996e+00  -2.4160424175808686e-11   1.9109049189547125e-11  -1.5533954806474506e-10   1.0043762556802192e-12   5.4654494797965263e-12
 -4.3250000000000002e+00  -2.4282556568724988e-11   1.8845711525136986e-11  -1.5712390641124097e-10   1.0255793689542668e-12   5.5478959745714105e-12
 -4.2999999999999998e+00  -2.4411378023143060e-11   1.8569971161996305e-11  -1.5899740455911794e-10   1.0471091259301033e-12   5.6307034589534351e-12
 -4.2750000000000004e+00  -2.4546995967636348e-11   1.8281666810137276e-11  -1.6096150637505722e-10   1.0689647329174475e-12   5.7138335607950868e-12
 -4.2500000000000000e+00  -2.4689517104941157e-11   1.7980640472345349e-11  -1.6301766916412697e-10   1.0911450048811635e-12   5.7972458136381219e-12
 -4.2249999999999996e+00  -2.4839047298382488e-11   1.7666737712066955e-11  -1.6516734234464277e-10   1.1136483401222135e-12   5.8808975836877838e-12
 -4.2000000000000002e+00  -2.4995691455361807e-11   1.7339807926545076e-11  -1.6741196609781600e-10   1.1364726936247531e-12   5.9647439948475281e-12
 -4.1749999999999998e+00  -2.5159553407898933e-11   1.6999704625080449e-11  -1.6975296999313826e-10   1.1596155490003622e-12   6.0487378517818346e-12
 -4.1500000000000004e+00  -2.5330735790216996e-11   1.6646285712292902e-11  -1.7219177159048014e-10   1.1830738889566854e-12   6.1328295609756228e-12
 -4.1250000000000000e+00  -2.5509339913355320e-11   1.6279413776252968e-11  -1.7472977501990967e-10   1.2068441642138042e-12   6.2169670497598650e-12
 -4.0999999999999996e+00  -2.5695465636790168e-11   1.5898956381351271e-11  -1.7736836954025853e-10   1.2309222607875011e-12   6.3010956832742806e-12
 -4.0750000000000002e+00  -2.5889211237037995e-11   1.5504786365770350e-11  -1.8010892807748766e-10   1.2553034655541787e-12   6.3851581793396116e-12
 -4.0500000000000007e+00  -2.6090673273209308e-11   1.5096782143421342e-11  -1.8295280574391631e-10   1.2799824300075553e-12   6.4690945212137638e-12
 -4.0250000000000004e+00  -2.6299946449474258e-11   1.4674828010206492e-11  -1.8590133833939746e-10   1.3049531321123483e-12   6.5528418682082705e-12
 -4.0000000000000000e+00  -2.6517123474392944e-11   1.4238814454467197e-11  -1.8895584083552931e-10   1.3302088361549926e-12   6.6363344641439948e-12
 -3.9749999999999996e+00  -2.6742294917054535e-11   1.3788638471476485e-11  -1.9211760584400170e-10   1.3557420504859692e-12   6.7195035436278948e-12
 -3.9499999999999993e+00  -2.6975549059959298e-11   1.3324203881835008e-11  -1.9538790207018012e-10   1.3815444830425522e-12   6.8022772361358596e-12
 -3.9250000000000007e+00  -2.7216971748566246e-11   1.2845421653629733e-11  -1.9876797275302498e-10   1.4076069945347074e-12   6.8845804678904715e-12
 -3.9000000000000004e+00  -2.7466646237417194e-11   1.2352210228215773e-11  -2.0225903409244398e-10   1.4339195491704495e-12   6.9663348615267419e-12
 -3.8750000000000000e+00  -2.7724653032734296e-11   1.1844495849482904e-11  -2.0586227366516611e-10   1.4604711627902043e-12   7.0474586335436981e-12
 -3.8499999999999996e+00  -2.7991069731373415e-11   1.1322212896470374e-11  -2.0957884883021266e-10   1.4872498482725834e-12   7.1278664895452190e-12
 -3.8249999999999993e+00  -2.8265970855999226e-11   1.0785304219195982e-11  -2.1340988512502504e-10   1.5142425580664639e-12   7.2074695172795832e-12
 -3.8000000000000007e+00  -2.8549427686330398e-11   1.0233721477568524e-11  -2.1735647465328960e-10   1.5414351236963441e-12   7.2861750774941850e-12
 -3.7750000000000004e+00  -2.8841508086283852e-11   9.6674254832556405e-12  -2.2141967446547681e-10   1.5688121920796010e-12   7.3638866926296500e-12
 -3.7500000000000000e+00  -2.9142276326825675e-11   9.0863865443830099e-12  -2.2560050493308380e-10   1.5963571584854989e-12   7.4405039333862849e-12
 -3.7249999999999996e+00  -2.9451792904313867e-11   8.4905848129449221e-12  -2.2989994811753911e-10   1.6240520959565719e-12   7.5159223032055465e-12
 -3.6999999999999993e+00  -2.9770114354092800e-11   7.8800106348106093e-12  -2.3431894613469362e-10   1.6518776810032783e-12   7.5900331207201630e-12
 -3.6750000000000007e+00  -3.0097293059072411e-11   7.2546649022154535e-12  -2.3885839951578625e-10   1.6798131153726319e-12   7.6627234002386540e-12
 -3.6500000000000004e+00  -3.0433377052996036e-11   6.6145594086309961e-12  -2.4351916556572816e-10   1.7078360436808091e-12   7.7338757303435764e-12
 -3.6250000000000000e+00  -3.0778409818068845e-11   5.9597172059126858e-12  -2.4830205671950859e-10   1.7359224666884801e-12   7.8033681506979068e-12
 -3.5999999999999996e+00  -3.1132430076585131e-11   5.2901729636294743e-12  -2.5320783889747934e-10   1.7640466499858531e-12   7.8710740271706914e-12
 -3.5749999999999993e+00  -3.1495471576155147e-11   4.6059733304842716e-12  -2.5823722986022379e-10   1.7921810278420691e-12   7.9368619254117947e-12
 -3.5500000000000007e+00  -3.1867562868092672e-11   3.9071772977392564e-12  -2.6339089756366905e-10   1.8202961019606939e-12   8.0005954830261257e-12
 -3.5250000000000004e+00  -3.2248727078481230e-11   3.1938565645645874e-12  -2.6866945851504535e-10   1.8483603348695792e-12   8.0621332805206943e-12
 -3.5000000000000000e+00  -3.2638981671390246e-11   2.4660959052333676e-12  -2.7407347613024407e-10   1.8763400376592990e-12   8.1213287112231087e-12
 -3.4749999999999996e+00  -3.3038338203662342e-11   1.7239935380894357e-12  -2.7960345909307422e-10   1.9041992517697092e-12   8.1780298503982709e-12
 -3.4499999999999993e+00  -3.3446802070638808e-11   9.6766149621749208e-13  -2.8525985971686058e-10   1.9318996245089605e-12   8.2320793238208971e-12
 -3.4250000000000007e+00  -3.3864372242131666e-11   1.9722599974727413e-13  -2.9104307230877667e-10   1.9594002779734676e-12   8.2833141760958194e-12
 -3.4000000000000004e+00  -3.4291040987888162e-11  -5.8717217027566209e-13  -2.9695343153725346e-10   1.9866576710209513e-12   8.3315657390558603e-12
 -3.3750000000000000e+00  -3.4726793591725185e-11  -1.3853772965201168e-12  -3.0299121080275657e-10   2.0136254539317478e-12   8.3766595006087178e-12
 -3.3499999999999996e+00  -3.5171608053438275e-11  -2.1972183485699627e-12  -3.0915662061218172e-10   2.0402543153761308e-12   8.4184149744502968e-12
 -3.3249999999999993e+00  -3.5625454777510585e-11  -3.0225086047689990e-12  -3.1544980695707344e-10   2.0664918212874541e-12   8.4566455711126556e-12
 -3.3000000000000007e+00  -3.6088296247562653e-11  -3.8610452727891555e-12  -3.2187084969584389e-10   2.0922822452225870e-12   8.4911584708705321e-12
 -3.2750000000000004e+00  -3.6560086685391347e-11  -4.7126091090102098e-12  -3.2841976094013740e-10   2.1175663897723925e-12   8.5217544990918105e-12
 -3.2500000000000000e+00  -3.7040771693348245e-11  -5.5769640368106629e-12  -3.3509648344546967e-10   2.1422813985660186e-12   8.5482280046848314e-12
 -3.2249999999999996e+00  -3.7530287878700752e-11  -6.4538567638843949e-12  -3.4190088900626596e-10   2.1663605583936206e-12   8.5703667423698608e-12
 -3.1999999999999993e+00  -3.8028562458504411e-11  -7.3430163987166603e-12  -3.4883277685542839e-10   2.1897330909529334e-12   8.5879517595834478e-12
 -3.1750000000000007e+00  -3.8535512843390849e-11  -8.2441540663766858e-12  -3.5589187206858066e-10   2.2123239337060374e-12   8.6007572889141519e-12
 -3.1500000000000004e+00  -3.9051046198542585e-11  -9.1569625238124942e-12  -3.6307782397318186e-10   2.2340535093138721e-12   8.6085506470664234e-12
 -3.1250000000000000e+00  -3.9575058979981458e-11  -1.0081115774868003e-11  -3.7039020456275924e-10   2.2548374830978165e-12   8.6110921414572569e-12
 -3.0999999999999996e+00  -4.0107436444142698e-11  -1.1016268685283606e-11  -3.7782850691659391e-10   2.2745865079601544e-12   8.6081349856685652e-12
 -3.0749999999999993e+00  -4.0648052128538733e-11  -1.1962056597989854e-11  -3.8539214362530527e-10   2.2932059561789234e-12   8.5994252251076723e-12
 -3.0500000000000007e+00  -4.1196767301136865e-11  -1.2918094949060717e-11  -3.9308044522292344e-10   2.3105956374777382e-12   8.5847016743701990e-12
 -3.0250000000000004e+00  -4.1753430375880338e-11  -1.3883978884759408e-11  -4.0089265862621664e-10   2.3266495027582129e-12   8.5636958679548744e-12
 -3.0000000000000000e+00  -4.2317876291572413e-11  -1.4859282880186676e-11  -4.0882794558226522e-10   2.3412553328720697e-12   8.5361320261493411e-12
 -2.9749999999999996e+00  -4.2889925851117535e-11  -1.5843560360130997e-11  -4.1688538112553576e-10   2.3542944118024878e-12   8.5017270380916251e-12
 -2.9499999999999993e+00  -4.3469385017870268e-11  -1.6836343322822300e-11  -4.2506395204603476e-10   2.3656411836204683e-12   8.4601904642142757e-12
 -2.9250000000000007e+00  -4.4056044165580690e-11  -1.7837141967408668e-11  -4.3336255537049874e-10   2.3751628925826773e-12   8.4112245604991846e-12
 -2.9000000000000004e+00  -4.4649677278142683e-11  -1.8845444326110523e-11  -4.4177999685903153e-10   2.3827192057434540e-12   8.3545243272118154e-12
 -2.8750000000000000e+00  -4.5250041095048529e-11  -1.9860715902160195e-11  -4.5031498952012225e-10   2.3881618174664090e-12   8.2897775850460064e-12
 -2.8499999999999996e+00  -4.5856874198126490e-11  -2.0882399314809928e-11  -4.5896615214759406e-10   2.3913340352415929e-12   8.2166650818957847e-12
 -2.8249999999999993e+00  -4.6469896034787663e-11  -2.1909913952890032e-11  -4.6773200788374604e-10   2.3920703462440428e-12   8.1348606337810835e-12
 -2.8000000000000007e+00  -4.7088805872631826e-11  -2.2942655638624076e-11  -4.7661098281377293e-10   2.3901959641102833e-12   8.0440313037910992e-12
 -2.7750000000000004e+00  -4.7713281679858456e-11  -2.3979996303663061e-11  -4.8560140459749372e-10   2.3855263554629634e-12   7.9438376232745174e-12
 -2.7500000000000000e+00  -4.8342978925496132e-11  -2.5021283679588219e-11  -4.9470150114550868e-10   2.3778667457825082e-12   7.8339338599016748e-12
 -2.7249999999999996e+00  -4.8977529293001070e-11  -2.6065841005456691e-11  -5.0390939934814423e-10   2.3670116043109525e-12   7.7139683376518817e-12
 -2.6999999999999993e+00  -4.9616539300280945e-11  -2.7112966755329831e-11  -5.1322312386696861e-10   2.3527441077799369e-12   7.5835838142415885e-12
 -2.6750000000000007e+00  -5.0259588818672780e-11  -2.8161934389135007e-11  -5.2264059600026643e-10   2.3348355828854462e-12   7.4424179220075591e-12
 -2.6500000000000004e+00  -5.0906229482842749e-11  -2.9211992130673367e-11  -5.3215963263570251e-10   2.3130449275901646e-12   7.2901036787957015e-12
 -2.6250000000000000e+00  -5.1555982982980231e-11  -3.0262362777103629e-11  -5.4177794530547409e-10   2.2871180115245122e-12   7.1262700759821737e-12
 -2.5999999999999996e+00  -5.2208339230027946e-11  -3.1312243544811791e-11  -5.5149313936160398e-10   2.2567870559845253e-12   6.9505427513704516e-12
 -2.5749999999999993e+00  -5.2862754384025080e-11  -3.2360805957225707e-11  -5.6130271329167745e-10   2.2217699942943163e-12   6.7625447553672251e-12
 -2.5500000000000007e+00  -5.3518648734941749e-11  -3.3407195780858092e-11  -5.7120405819831175e-10   2.1817698136193371e-12   6.5618974195422335e-12
 -2.5250000000000004e+00  -5.4175404424652345e-11  -3.4450533016670725e-11  -5.8119445746900739e-10   2.1364738796911391e-12   6.3482213374224370e-12
 -2.5000000000000000e+00  -5.4832362997935668e-11  -3.5489911954754422e-11  -5.9127108666680237e-10   2.0855532463431290e-12   6.1211374681591465e-12
 -2.4749999999999996e+00  -5.5488822769605209e-11  -3.6524401301323002e-11  -6.0143101367637695e-10   2.0286619522690023e-12   5.8802683745363796e-12
 -2.4499999999999993e+00  -5.6144035994069628e-11  -3.7553044388135311e-11  -6.1167119914498320e-10   1.9654363080116272e-12   5.6252396076574631e-12
 -2.4250000000000007e+00  -5.6797205822809437e-11  -3.8574859475697653e-11  -6.2198849726285612e-10   1.8954941768817059e-12   5.3556812515511862e-12
 -2.4000000000000004e+00  -5.7447483034441468e-11  -3.9588840162972111e-11  -6.3237965693363607e-10   1.8184342543057213e-12   5.0712296418730642e-12
 -2.3750000000000000e+00  -5.8093962521242961e-11  -4.0593955917834439e-11  -6.4284132339187717e-10   1.7338353510260571e-12   4.7715292738342440e-12
 -2.3499999999999996e+00  -5.8735679515239238e-11  -4.1589152744202536e-11  -6.5337004033196481e-10   1.6412556866390839e-12   4.4562349154603630e-12
 -2.3249999999999993e+00  -5.9371605536245824e-11  -4.2573354003605324e-11  -6.6396225262079164e-10   1.5402322011774581e-12   4.1250139432523770e-12
 -2.3000000000000007e+00  -6.0000644043626626e-11  -4.3545461410995031e-11  -6.7461430967539828e-10   1.4302798938409034e-12   3.7775489182745725e-12
 -2.2750000000000004e+00  -6.0621625773020724e-11  -4.4504356226836934e-11  -6.8532246959652581e-10   1.3108911995772505e-12   3.4135404216108886e-12
 -2.2500000000000000e+00  -6.1233303738944887e-11  -4.5448900669950658e-11  -6.9608290415971484e-10   1.1815354160365051e-12   3.0327101689835135e-12
 -2.2249999999999996e+00  -6.1834347884053225e-11  -4.6377939578240250e-11  -7.0689170477726412e-10   1.0416581954912517e-12   2.6348044250853561e-12
 -2.1999999999999993e+00  -6.2423339355995786e-11  -4.7290302347343646e-11  -7.1774488955705710e-10   8.9068111866480811e-13   2.2195977388016190e-12
 -2.1750000000000007e+00  -6.2998764393348304e-11  -4.8184805180365825e-11  -7.2863841159802333e-10   7.2800137006414393e-13   1.7868970209377001e-12
 -2.1500000000000004e+00  -6.3559007803083820e-11  -4.9060253685236110e-11  -7.3956816867680888e-10   5.5299153740913608e-13   1.3365459862740051e-12
 -2.1250000000000000e+00  -6.4102346013646193e-11  -4.9915445859849776e-11  -7.5053001449606798e-10   3.6499956111593621e-13   8.6842998166450024e-13
 -2.0999999999999996e+00  -6.4626939690010568e-11  -5.0749175509009307e-11  -7.6151977168160574e-10   1.6334886356324569e-13   3.8248122140358758e-13
 -2.0749999999999993e+00  -6.5130825900353026e-11  -5.1560236141257059e-11  -7.7253324673327725e-10  -5.2661307921017723e-14  -1.2131554989094839e-13
 -2.0500000000000007e+00  -6.5611909828310260e-11  -5.2347425397961335e-11  -7.8356624715293476e-10  -2.8375528573757917e-13  -6.4291694820567350e-13
 -2.0250000000000004e+00  -6.6067956030539696e-11  -5.3109550071443140e-11  -7.9461460099155125e-10  -5.3068009056861466e-13  -1.1822143785005906e-12
 -2.0000000000000000e+00  -6.6496579246688587e-11  -5.3845431773453208e-11  -8.0567417907659727e-10  -7.9420419432201436e-13  -1.7390269873364230e-12
 -1.9749999999999996e+00  -6.6895234778296149e-11  -5.4553913319847910e-11  -8.1674092019935836e-10  -1.0751158817560615e-12  -2.3130941308212215e-12
 -1.9499999999999993e+00  -6.7261208464998452e-11  -5.5233865901762488e-11  -8.2781085955951894e-10  -1.3742211483100539e-12  -2.9040673544405182e-12
 -1.9250000000000007e+00  -6.7591606301162120e-11  -5.5884197117799377e-11  -8.3888016078021918e-10  -1.6923410643814751e-12  -3.5115018883243025e-12
 -1.9000000000000004e+00  -6.7883343754297263e-11  -5.6503859945557335e-11  -8.4994515181989025e-10  -2.0303085285207352e-12  -4.1348476702337059e-12
 -1.8750000000000000e+00  -6.8133134868940026e-11  -5.7091862733992618e-11  -8.6100236511618611e-10  -2.3889643238267049e-12  -4.7734399193022485e-12
 -1.8499999999999996e+00  -6.8337481266884209e-11  -5.7647280300336016e-11  -8.7204858230064880e-10  -2.7691523833251410e-12  -5.4264892966488290e-12
 -1.8249999999999993e+00  -6.8492661187521450e-11  -5.8169266216230260e-11  -8.8308088381836828e-10  -3.1717141614517445e-12  -6.0930717047231272e-12
 -1.8000000000000007e+00  -6.8594718751553663e-11  -5.8657066366957502e-11  -8.9409670377236921e-10  -3.5974820001577549e-12  -6.7721177959968893e-12
 -1.7750000000000004e+00  -6.8639453678511696e-11  -5.9110033864559744e-11  -9.0509389028482701e-10  -4.0472713699015325e-12  -7.4624022837328712e-12
 -1.7500000000000000e+00  -6.8622411744478107e-11  -5.9527645389669230e-11  -9.1607077162293192e-10  -4.5218718582713092e-12  -8.1625331733980841e-12
 -1.7249999999999996e+00  -6.8538876332371446e-11  -5.9909519027191743e-11  -9.2702622827207472e-10  -5.0220367727031792e-12  -8.8709410631666631e-12
 -1.6999999999999993e+00  -6.8383861504348253e-11  -6.0255433646721728e-11  -9.3795977104812132e-10  -5.5484712193511642e-12  -9.5858686961570617e-12
 -1.6750000000000007e+00  -6.8152107115547942e-11  -6.0565349858663405e-11  -9.4887162521819097e-10  -6.1018185184288400e-12  -1.0305360985761634e-11
 -1.6500000000000004e+00  -6.7838076591690134e-11  -6.0839432550290887e-11  -9.5976282043912698e-10  -6.6826448182544720e-12  -1.1027255778719176e-11
 -1.6250000000000000e+00  -6.7435958110886555e-11  -6.1078074971054421e-11  -9.7063528611757876e-10  -7.2914217769805990e-12  -1.1749175668332727e-11
 -1.5999999999999996e+00  -6.6939670063055119e-11  -6.1281924291848713e-11  -9.8149195153748401e-10  -7.9285071939888410e-12  -1.2468521222073892e-11
 -1.5749999999999993e+00  -6.6342871808584465e-11  -6.1451908507113125e-11  -9.9233684978151444e-10  -8.5941234938372461e-12  -1.3182466043031634e-11
 -1.5500000000000007e+00  -6.5638980920645984e-11  -6.1589264479886227e-11  -1.0031752240843483e-09  -9.2883339963608615e-12  -1.3887954142114306e-11
 -1.5250000000000004e+00  -6.4821198270888631e-11  -6.1695566846663938e-11  -1.0140136347895149e-09  -1.0011016949176905e-11  -1.4581700155910096e-11
 -1.5000000000000000e+00  -6.3882542502717864e-11  -6.1772757399618830e-11  -1.0248600645310824e-09  -1.0761837355755629e-11  -1.5260193001295955e-11
 -1.4749999999999996e+00  -6.2815895624403345e-11  -6.1823174447236598e-11  -1.0357240186218691e-09  -1.1540216705825677e-11  -1.5919703609109542e-11
 -1.4499999999999993e+00  -6.1614061637645649e-11  -6.1849581520028969e-11  -1.0466166168997073e-09  -1.2345300807625080e-11  -1.6556297421396979e-11
 -1.4250000000000007e+00  -6.0269840284346632e-11  -6.1855194635800847e-11  -1.0575506724661772e-09  -1.3175926035638754e-11  -1.7165852364840130e-11
 -1.4000000000000004e+00  -5.8776118129448645e-11  -6.1843707170228216e-11  -1.0685407518589597e-09  -1.4030584444799681e-11  -1.7744083020789184e-11
 -1.3750000000000000e+00  -5.7125979280247033e-11  -6.1819311196055036e-11  -1.0796032102498107e-09  -1.4907388363715950e-11  -1.8286571692646216e-11
 -1.3499999999999996e+00  -5.5312838046439927e-11  -6.1786713962892500e-11  -1.0907561942878719e-09  -1.5804035265153708e-11  -1.8788807015963442e-11
 -1.3250000000000011e+00  -5.3330595738294821e-11  -6.1751147996830409e-11  -1.1020196042606886e-09  -1.6717773919847028e-11  -1.9246230656624985e-11
 -1.3000000000000007e+00  -5.1173823544612109e-11  -6.1718373115386712e-11  -1.1134150063892993e-09  -1.7645373065445308e-11  -1.9654292488693379e-11
 -1.2750000000000004e+00  -4.8837972984161180e-11  -6.1694668492853133e-11  -1.1249654853963423e-09  -1.8583094058724561e-11  -2.0008514427154009e-11
 -1.2500000000000000e+00  -4.6319614736581250e-11  -6.1686812791895922e-11  -1.1366954270968212e-09  -1.9526669215020300e-11  -2.0304562804488409e-11
 -1.2249999999999996e+00  -4.3616705682951176e-11  -6.1702050321390143e-11  -1.1486302207916076e-09  -2.0471287758774296e-11  -2.0538328818985823e-11
 -1.2000000000000011e+00  -4.0728882677334478e-11  -6.1748041213592335e-11  -1.1607958718445480e-09  -2.1411591492955434e-11  -2.0706016146374223e-11
 -1.1750000000000007e+00  -3.7657779893467286e-11  -6.1832793764266571e-11  -1.1732185161581229e-09  -2.2341682417947175e-11  -2.0804234300074211e-11
 -1.1500000000000004e+00  -3.4407364528701249e-11  -6.1964577376597507e-11  -1.1859238304935188e-09  -2.3255144563056696e-11  -2.0830095762309533e-11
 -1.1250000000000000e+00  -3.0984283212741667e-11  -6.2151815021241256e-11  -1.1989363358555836e-09  -2.4145082203912758e-11  -2.0781314311126811e-11
 -1.0999999999999996e+00  -2.7398208715224518e-11  -6.2402954792830346e-11  -1.2122785955880416e-09  -2.5004176393869523e-11  -2.0656301370545708e-11
 -1.0750000000000011e+00  -2.3662173580989231e-11  -6.2726321019679908e-11  -1.2259703154370575e-09  -2.5824761307122186e-11  -2.0454256657219514e-11
 -1.0500000000000007e+00  -1.9792874316802402e-11  -6.3129946464829105e-11  -1.2400273595771057e-09  -2.6598921252960722e-11  -2.0175248942010929e-11
 -1.0250000000000004e+00  -1.5810926951230087e-11  -6.3621388418266483e-11  -1.2544607042528412e-09  -2.7318608364732948e-11  -1.9820282451172192e-11
 -1.0000000000000000e+00  -1.1741052503475315e-11  -6.4207532871535989e-11  -1.2692753589123133e-09  -2.7975779902783014e-11  -1.9391344364438553e-11
 -9.7499999999999964e-01  -7.6121694983835521e-12  -6.4894392407014489e-11  -1.2844692929510797e-09  -2.8562552871385470e-11  -1.8891429087032942e-11
 -9.5000000000000107e-01  -3.4573705557996655e-12  -6.5686904815841328e-11  -1.3000324137424727e-09  -2.9071372297405988e-11  -1.8324535526846937e-11
 -9.2500000000000071e-01   6.8623834619325421e-13  -6.6588740646731572e-11  -1.3159456476475910e-09  -2.9495188144524424e-11  -1.7695634521281119e-11
 -9.0000000000000036e-01   4.7778537616512683e-12  -6.7602128733489320e-11  -1.3321801792613275e-09  -2.9827634559277524e-11  -1.7010604822088221e-11
 -8.7500000000000000e-01   8.7734578901475713e-12  -6.8727709102811616e-11  -1.3486969043719617e-09  -3.0063204100127440e-11  -1.6276137612749723e-11
 -8.4999999999999964e-01   1.2626473062779435e-11  -6.9964422396800029e-11  -1.3654461482674492e-09  -3.0197408929141777e-11  -1.5499611310033239e-11
 -8.2500000000000107e-01   1.6288581956601405e-11  -7.1309443969731341e-11  -1.3823676926897692e-09  -3.0226920775165261e-11  -1.4688940257931370e-11
 -8.0000000000000071e-01   1.9710696806357048e-11  -7.2758169113014920e-11  -1.3993911419293504e-09  -3.0149681901132366e-11  -1.3852402696680826e-11
 -7.7500000000000036e-01   2.2844049363881925e-11  -7.4304253482407685e-11  -1.4164366417950537e-09  -2.9964980366469069e-11  -1.2998454907497297e-11
 -7.5000000000000000e-01   2.5641362483113007e-11  -7.5939709889715342e-11  -1.4334159455646571e-09  -2.9673484540229765e-11  -1.2135539529617221e-11
 -7.2499999999999964e-01   2.8058055160031014e-11  -7.7655059398536179e-11  -1.4502338000684101e-09  -2.9277233989466360e-11  -1.1271896587816402e-11
 -7.0000000000000107e-01   3.0053426754354522e-11  -7.9439531409323288e-11  -1.4667896046617785e-09  -2.8779586369460870e-11  -1.0415385677888213e-11
 -6.7500000000000071e-01   3.1591763858668523e-11  -8.1281304437507748e-11  -1.4829792779784809e-09  -2.8185122555882303e-11  -9.5733270258679510e-12
 -6.5000000000000036e-01   3.2643315373587649e-11  -8.3167776868921172e-11  -1.4986972538276618e-09  -2.7499514738078629e-11  -8.7523678288593450e-12
 -6.2500000000000000e-01   3.3185087817911380e-11  -8.5085855353023824e-11  -1.5138385197867622e-09  -2.6729364301540274e-11  -7.9583785320730674e-12
 -5.9999999999999964e-01   3.3201423252547883e-11  -8.7022247811582040e-11  -1.5283006106910643e-09  -2.5882017872283052e-11  -7.1963816770544891e-12
 -5.7500000000000107e-01   3.2684335460584058e-11  -8.8963748335547393e-11  -1.5419854743434967e-09  -2.4965370751096102e-11  -6.4705138714233161e-12
 -5.5000000000000071e-01   3.1633594901919210e-11  -9.0897502443087680e-11  -1.5548011376541248e-09  -2.3987667088996569e-11  -5.7840194764444427e-12
 -5.2500000000000036e-01   3.0056567998030270e-11  -9.2811243109375599e-11  -1.5666631167619511e-09  -2.2957305588599822e-11  -5.1392729499479271e-12
 -5.0000000000000000e-01   2.7967830102708017e-11  -9.4693490420251097e-11  -1.5774955328007317e-09  -2.1882658373125060e-11  -4.5378255335634007e-12
 -4.7499999999999964e-01   2.5388582916032281e-11  -9.6533710383816571e-11  -1.5872319140189093e-09  -2.0771909108996274e-11  -3.9804711916589694e-12
 -4.5000000000000107e-01   2.2345915306235630e-11  -9.8322431099609067e-11  -1.5958156832332984e-09  -1.9632914686099553e-11  -3.4673263942402819e-12
 -4.2500000000000071e-01   1.8871951150059149e-11  -1.0005131691465292e-10  -1.6032003456739088e-09  -1.8473092934913973e-11  -2.9979184388126837e-12
 -4.0000000000000036e-01   1.5002928937121169e-11  -1.0171320322754273e-10  -1.6093494051780295e-09  -1.7299337149989083e-11  -2.5712774447209443e-12
 -3.7500000000000000e-01   1.0778255907309674e-11  -1.0330209614030399e-10  -1.6142360458990827e-09  -1.6117956713241244e-11  -2.1860278283885535e-12
 -3.4999999999999964e-01   6.2395750444562488e-12  -1.0481314217250222e-10  -1.6178426221371576e-09  -1.4934641941530475e-11  -1.8404758777205658e-12
 -3.2500000000000107e-01   1.4298770991828258e-12  -1.0624257376743592e-10  -1.6201600008700572e-09  -1.3754450450179157e-11  -1.5326908970794075e-12
 -3.0000000000000071e-01  -3.6073172615231321e-12  -1.0758763639974386e-10  -1.6211868005971465e-09  -1.2581811819475697e-11  -1.2605782165894128e-12
 -2.7500000000000036e-01  -8.8286873722911573e-12  -1.0884650282334281e-10  -1.6209285668460432e-09  -1.1420547139322171e-11  -1.0219430979685417e-12
 -2.5000000000000000e-01  -1.4191743697438619e-11  -1.1001817947898197e-10  -1.6193969199194150e-09  -1.0273900035783051e-11  -8.1454519145104329e-13
 -2.2499999999999964e-01  -1.9655355522373672e-11  -1.1110240941095952e-10  -1.6166087049498966e-09  -9.1445759930098895e-12  -6.3614369085926363e-13
 -2.0000000000000107e-01  -2.5180175715969547e-11  -1.1209957528103023e-10  -1.6125851682044059e-09  -8.0347871162222294e-12  -4.8453369717094746e-13
 -1.7500000000000071e-01  -3.0728967034112675e-11  -1.1301060527479789e-10  -1.6073511771471822e-09  -6.9462998836987968e-12  -3.5757454574977376e-13
 -1.5000000000000036e-01  -3.6266837576187943e-11  -1.1383688404228255e-10  -1.6009344976962300e-09  -5.8804838643810784e-12  -2.5321099534383927e-13
 -1.2500000000000000e-01  -4.1761395219895384e-11  -1.1458017025941559e-10  -1.5933651392664042e-09  -4.8383597977659720e-12  -1.6948823689969264e-13
 -9.9999999999999645e-02  -4.7182830571062997e-11  -1.1524252143581131e-10  -1.5846747662814007e-09  -3.8206458172002643e-12  -1.0456167654506412e-13
 -7.5000000000001066e-02  -5.2503937771084581e-11  -1.1582622602237098e-10  -1.5748961689501776e-09  -2.8278009238705877e-12  -5.6702402236965167e-14
 -5.0000000000000711e-02  -5.7700089489128742e-11  -1.1633374456577480e-10  -1.5640628237580544e-09  -1.8600650752884382e-12  -2.4299197514905310e-14
 -2.5000000000000355e-02  -6.2749180736796327e-11  -1.1676766026475911e-10  -1.5522085482406275e-09  -9.1749553853871542e-13  -5.8580061270170422e-15
  0.0000000000000000e+00  -6.7631530804558691e-11  -1.1713062973835799e-10  -1.5393670682689691e-09   0.0000000000000000e+00   0.0000000000000000e+00
