# ZND solution.
# Columns are: spatial coordinate; specific volume; density;
# flow velocity in lab frame; pressure; reaction progress variable.
 -8.0749999999999993e+00   5.5721746169784858e-01   1.7946314836455186e+00   3.0151164610293830e+00   2.1531359046879963e+01   9.9999999999900002e-01
 -8.0499999999999989e+00   5.5721746169784858e-01   1.7946314836455186e+00   3.0151164610293830e+00   2.1531359046879963e+01   9.9999999999900002e-01
 -8.0249999999999986e+00   5.5721746169784858e-01   1.7946314836455186e+00   3.0151164610293830e+00   2.1531359046879963e+01   9.9999999999900002e-01
 -7.9999999999999991e+00   5.5721746169784858e-01   1.7946314836455186e+00   3.0151164610293830e+00   2.1531359046879963e+01   9.9999999999900002e-01
 -7.9749999999999996e+00   5.5721746169784858e-01   1.7946314836455186e+00   3.0151164610293830e+00   2.1531359046879963e+01   9.9999999999900002e-01
 -7.9499999999999993e+00   5.5721746169784858e-01   1.7946314836455186e+00   3.0151164610293830e+00   2.1531359046879963e+01   9.9999999999900002e-01
 -7.9249999999999989e+00   5.5721746169784858e-01   1.7946314836455186e+00   3.0151164610293830e+00   2.1531359046879963e+01   9.9999999999900002e-01
 -7.8999999999999995e+00   5.5721746169784858e-01   1.7946314836455186e+00   3.0151164610293830e+00   2.1531359046879963e+01   9.9999999999900002e-01
 -7.8749999999999991e+00   5.5721746169784858e-01   1.7946314836455186e+00   3.0151164610293830e+00   2.1531359046879963e+01   9.9999999999900002e-01
 -7.8499999999999996e+00   5.5721746169784858e-01   1.7946314836455186e+00   3.0151164610293830e+00   2.1531359046879963e+01   9.9999999999900002e-01
 -7.8249999999999993e+00   5.5721746169784858e-01   1.7946314836455186e+00   3.0151164610293830e+00   2.1531359046879963e+01   9.9999999999900002e-01
 -7.7999999999999989e+00   5.5721746169784858e-01   1.7946314836455186e+00   3.0151164610293830e+00   2.1531359046879963e+01   9.9999999999900002e-01
 -7.7749999999999995e+00   5.5721746169784858e-01   1.7946314836455186e+00   3.0151164610293830e+00   2.1531359046879963e+01   9.9999999999900002e-01
 -7.7499999999999991e+00   5.5721746169784858e-01   1.7946314836455186e+00   3.0151164610293830e+00   2.1531359046879963e+01   9.9999999999900002e-01
 -7.7249999999999996e+00   5.5721746169784858e-01   1.7946314836455186e+00   3.0151164610293830e+00   2.1531359046879963e+01   9.9999999999900002e-01
 -7.6999999999999993e+00   5.5721746169784858e-01   1.7946314836455186e+00   3.0151164610293830e+00   2.1531359046879963e+01   9.9999999999900002e-01
 -7.6749999999999989e+00   5.5721746169784858e-01   1.7946314836455186e+00   3.0151164610293830e+00   2.1531359046879963e+01   9.9999999999900002e-01
 -7.6499999999999995e+00   5.5721746169784858e-01   1.7946314836455186e+00   3.0151164610293830e+00   2.1531359046879963e+01   9.9999999999900002e-01
 -7.6249999999999991e+00   5.5721746169784858e-01   1.7946314836455186e+00   3.0151164610293830e+00   2.1531359046879963e+01   9.9999999999900002e-01
 -7.5999999999999996e+00   5.5721746169784858e-01   1.7946314836455186e+00   3.0151164610293830e+00   2.1531359046879963e+01   9.9999999999900002e-01
 -7.5749999999999993e+00   5.5721744011486452e-01   1.7946315531578849e+00   3.0151166079981655e+00   2.1531360047660158e+01   9.9999999999889999e-01
 -7.5499999999999989e+00   5.5721741648008172e-01   1.7946316292784901e+00   3.0151167689386194e+00   2.1531361143580096e+01   9.9999999999878508e-01
 -7.5249999999999995e+00   5.5721739151337701e-01   1.7946317096888265e+00   3.0151169389487613e+00   2.1531362301259847e+01   9.9999999999865774e-01
 -7.4999999999999991e+00   5.5721736536779909e-01   1.7946317938959711e+00   3.0151171169864108e+00   2.1531363513602706e+01   9.9999999999851719e-01
 -7.4749999999999996e+00   5.5721733778066407e-01   1.7946318827459515e+00   3.0151173048403073e+00   2.1531364792789045e+01   9.9999999999836187e-01
 -7.4499999999999993e+00   5.5721730892332655e-01   1.7946319756868871e+00   3.0151175013436147e+00   2.1531366130873334e+01   9.9999999999819045e-01
 -7.4249999999999989e+00   5.5721727853084835e-01   1.7946320735720662e+00   3.0151177083004241e+00   2.1531367540140476e+01   9.9999999999800104e-01
 -7.3999999999999995e+00   5.5721724647541837e-01   1.7946321768131328e+00   3.0151179265810613e+00   2.1531369026516934e+01   9.9999999999779166e-01
 -7.3749999999999991e+00   5.5721721293841164e-01   1.7946322848259328e+00   3.0151181549504575e+00   2.1531370581592547e+01   9.9999999999756051e-01
 -7.3499999999999996e+00   5.5721717762688716e-01   1.7946323985539447e+00   3.0151183954033876e+00   2.1531372218950676e+01   9.9999999999730516e-01
 -7.3249999999999993e+00   5.5721714053873705e-01   1.7946325180039597e+00   3.0151186479542051e+00   2.1531373938689057e+01   9.9999999999702316e-01
 -7.2999999999999989e+00   5.5721710153375825e-01   1.7946326436275328e+00   3.0151189135576186e+00   2.1531375747308761e+01   9.9999999999671152e-01
 -7.2749999999999995e+00   5.5721706057137921e-01   1.7946327755553360e+00   3.0151191924898995e+00   2.1531377646691052e+01   9.9999999999636724e-01
 -7.2499999999999991e+00   5.5721701745641461e-01   1.7946329144160063e+00   3.0151194860801569e+00   2.1531379645886464e+01   9.9999999999598688e-01
 -7.2249999999999996e+00   5.5721697222868605e-01   1.7946330600812936e+00   3.0151197940572274e+00   2.1531381743048509e+01   9.9999999999556688e-01
 -7.1999999999999993e+00   5.5721692463543038e-01   1.7946332133652774e+00   3.0151201181422942e+00   2.1531383949897553e+01   9.9999999999510292e-01
 -7.1749999999999989e+00   5.5721687463641090e-01   1.7946333743975524e+00   3.0151204586093487e+00   2.1531386268299322e+01   9.9999999999459011e-01
 -7.1499999999999995e+00   5.5721682208729695e-01   1.7946335436429699e+00   3.0151208164412071e+00   2.1531388704946284e+01   9.9999999999402378e-01
 -7.1249999999999991e+00   5.5721676681119336e-01   1.7946337216712624e+00   3.0151211928424320e+00   2.1531391268040874e+01   9.9999999999339806e-01
 -7.0999999999999996e+00   5.5721670869620077e-01   1.7946339088428311e+00   3.0151215885750000e+00   2.1531393962771755e+01   9.9999999999270661e-01
 -7.0749999999999993e+00   5.5721664765614354e-01   1.7946341054352284e+00   3.0151220042257210e+00   2.1531396793134796e+01   9.9999999999194278e-01
 -7.0499999999999989e+00   5.5721658348325465e-01   1.7946343121176180e+00   3.0151224412093796e+00   2.1531399768763933e+01   9.9999999999109901e-01
 -7.0249999999999995e+00   5.5721651604088940e-01   1.7946345293301007e+00   3.0151229004564550e+00   2.1531402895995239e+01   9.9999999999016709e-01
 -6.9999999999999991e+00   5.5721644517998459e-01   1.7946347575527737e+00   3.0151233829819883e+00   2.1531406181740618e+01   9.9999999998913747e-01
 -6.9749999999999996e+00   5.5721637066638330e-01   1.7946349975397982e+00   3.0151238903804658e+00   2.1531409636857678e+01   9.9999999998800015e-01
 -6.9499999999999993e+00   5.5721629234370984e-01   1.7946352497948250e+00   3.0151244237167236e+00   2.1531413268597394e+01   9.9999999998674360e-01
 -6.9249999999999989e+00   5.5721621007898459e-01   1.7946355147461548e+00   3.0151249838962833e+00   2.1531417083125895e+01   9.9999999998535594e-01
 -6.8999999999999995e+00   5.5721612359583017e-01   1.7946357932839316e+00   3.0151255728011290e+00   2.1531421093258501e+01   9.9999999998382272e-01
 -6.8749999999999991e+00   5.5721603266863717e-01   1.7946360861347930e+00   3.0151261919675432e+00   2.1531425309456488e+01   9.9999999998212885e-01
 -6.8499999999999996e+00   5.5721593711634354e-01   1.7946363938819030e+00   3.0151268426284625e+00   2.1531429740115509e+01   9.9999999998025757e-01
 -6.8249999999999993e+00   5.5721583667155938e-01   1.7946367173864650e+00   3.0151275266046720e+00   2.1531434397634158e+01   9.9999999997819045e-01
 -6.7999999999999989e+00   5.5721573114026435e-01   1.7946370572733821e+00   3.0151282452173480e+00   2.1531439291008944e+01   9.9999999997590716e-01
 -6.7749999999999995e+00   5.5721562017860504e-01   1.7946374146501289e+00   3.0151290008079519e+00   2.1531444436183989e+01   9.9999999997338451e-01
 -6.7499999999999991e+00   5.5721550356316840e-01   1.7946377902362791e+00   3.0151297948978093e+00   2.1531449843518725e+01   9.9999999997059774e-01
 -6.7249999999999996e+00   5.5721538100542500e-01   1.7946381849611293e+00   3.0151306294516536e+00   2.1531455526391959e+01   9.9999999996751920e-01
 -6.6999999999999993e+00   5.5721525217888535e-01   1.7946385998762386e+00   3.0151315066927067e+00   2.1531461499942655e+01   9.9999999996411837e-01
 -6.6749999999999989e+00   5.5721511677789548e-01   1.7946390359660638e+00   3.0151324287023122e+00   2.1531467778343671e+01   9.9999999996036126e-01
 -6.6499999999999995e+00   5.5721497447268420e-01   1.7946394942927399e+00   3.0151333977260379e+00   2.1531474376886148e+01   9.9999999995621114e-01
 -6.6249999999999991e+00   5.5721482489950835e-01   1.7946399760278207e+00   3.0151344162407843e+00   2.1531481312436473e+01   9.9999999995162636e-01
 -6.5999999999999996e+00   5.5721466769207650e-01   1.7946404823510711e+00   3.0151354867408031e+00   2.1531488601979191e+01   9.9999999994656130e-01
 -6.5749999999999993e+00   5.5721450245466930e-01   1.7946410145370406e+00   3.0151366119207355e+00   2.1531496263863392e+01   9.9999999994096622e-01
 -6.5499999999999989e+00   5.5721432878211263e-01   1.7946415738907349e+00   3.0151377945396036e+00   2.1531504316876575e+01   9.9999999993478528e-01
 -6.5249999999999995e+00   5.5721414625697818e-01   1.7946421617566330e+00   3.0151390374398761e+00   2.1531512780374445e+01   9.9999999992795729e-01
 -6.4999999999999991e+00   5.5721395440905741e-01   1.7946427796492119e+00   3.0151403438234254e+00   2.1531521676160082e+01   9.9999999992041444e-01
 -6.4749999999999996e+00   5.5721375275389173e-01   1.7946434291288509e+00   3.0151417169891599e+00   2.1531531026697312e+01   9.9999999991208133e-01
 -6.4499999999999993e+00   5.5721354081838115e-01   1.7946441117193546e+00   3.0151431601586425e+00   2.1531540853923289e+01   9.9999999990287602e-01
 -6.4249999999999989e+00   5.5721331805469110e-01   1.7946448291852366e+00   3.0151446770623380e+00   2.1531551183240524e+01   9.9999999989270694e-01
 -6.3999999999999995e+00   5.5721308393665170e-01   1.7946455832212436e+00   3.0151462712831880e+00   2.1531562039046953e+01   9.9999999988147326e-01
 -6.3749999999999991e+00   5.5721283785424025e-01   1.7946463757922018e+00   3.0151479469751252e+00   2.1531573449628688e+01   9.9999999986906329e-01
 -6.3499999999999996e+00   5.5721257921014922e-01   1.7946472088219967e+00   3.0151497082055014e+00   2.1531585442682250e+01   9.9999999985535371e-01
 -6.3249999999999993e+00   5.5721230735924443e-01   1.7946480843885644e+00   3.0151515593673408e+00   2.1531598048121829e+01   9.9999999984020904e-01
 -6.2999999999999989e+00   5.5721202163323413e-01   1.7946490046444403e+00   3.0151535050113587e+00   2.1531611296935409e+01   9.9999999982347820e-01
 -6.2749999999999995e+00   5.5721172131859498e-01   1.7946499718878555e+00   3.0151555499962752e+00   2.1531625222208316e+01   9.9999999980499588e-01
 -6.2499999999999991e+00   5.5721140567420890e-01   1.7946509885059341e+00   3.0151576993687139e+00   2.1531639858305407e+01   9.9999999978457821e-01
 -6.2249999999999996e+00   5.5721107391834868e-01   1.7946520570166122e+00   3.0151599584518274e+00   2.1531655241474557e+01   9.9999999976202292e-01
 -6.1999999999999993e+00   5.5721072522353488e-01   1.7946531800852046e+00   3.0151623328803154e+00   2.1531671410085107e+01   9.9999999973710563e-01
 -6.1749999999999989e+00   5.5721035872646685e-01   1.7946543604924212e+00   3.0151648285328023e+00   2.1531688404167397e+01   9.9999999970957931e-01
 -6.1499999999999995e+00   5.5720997352222679e-01   1.7946556011530375e+00   3.0151674515713021e+00   2.1531706265681514e+01   9.9999999967917119e-01
 -6.1250000000000000e+00   5.5720956865191507e-01   1.7946569051557206e+00   3.0151702085254182e+00   2.1531725039090624e+01   9.9999999964557906e-01
 -6.0999999999999996e+00   5.5720914311783964e-01   1.7946582757141121e+00   3.0151731061889087e+00   2.1531744770656648e+01   9.9999999960846964e-01
 -6.0749999999999993e+00   5.5720869585776212e-01   1.7946597162497777e+00   3.0151761517950595e+00   2.1531765509634464e+01   9.9999999956747476e-01
 -6.0499999999999989e+00   5.5720822576279416e-01   1.7946612303345717e+00   3.0151793528948172e+00   2.1531787307442052e+01   9.9999999952218754e-01
 -6.0249999999999995e+00   5.5720773166960846e-01   1.7946628217157286e+00   3.0151827174098300e+00   2.1531810218021672e+01   9.9999999947215834e-01
 -6.0000000000000000e+00   5.5720721235116455e-01   1.7946644943457362e+00   3.0151862536955987e+00   2.1531834298269896e+01   9.9999999941689066e-01
 -5.9749999999999996e+00   5.5720666651928041e-01   1.7946662523740606e+00   3.0151899705239655e+00   2.1531859607918364e+01   9.9999999935583617e-01
 -5.9499999999999993e+00   5.5720609282983924e-01   1.7946681001303804e+00   3.0151938770476607e+00   2.1531886209292356e+01   9.9999999928838901e-01
 -5.9249999999999989e+00   5.5720548984402607e-01   1.7946700422494433e+00   3.0151979830642572e+00   2.1531914169108202e+01   9.9999999921387939e-01
 -5.8999999999999995e+00   5.5720485608202863e-01   1.7946720834981120e+00   3.0152022986505003e+00   2.1531943555983233e+01   9.9999999913156823e-01
 -5.8750000000000000e+00   5.5720418996394228e-01   1.7946742289657081e+00   3.0152068345647098e+00   2.1531974443175965e+01   9.9999999904063852e-01
 -5.8499999999999996e+00   5.5720348983653312e-01   1.7946764839778195e+00   3.0152116020645399e+00   2.1532006907345107e+01   9.9999999894018754e-01
 -5.8249999999999993e+00   5.5720275396758734e-01   1.7946788541145120e+00   3.0152166129454567e+00   2.1532041028811584e+01   9.9999999882921864e-01
 -5.7999999999999989e+00   5.5720198052873582e-01   1.7946813452656569e+00   3.0152218796576937e+00   2.1532076892354944e+01   9.9999999870663026e-01
 -5.7749999999999995e+00   5.5720116760519756e-01   1.7946839635995624e+00   3.0152274152399037e+00   2.1532114586761558e+01   9.9999999857120558e-01
 -5.7500000000000000e+00   5.5720031317837626e-01   1.7946867156190389e+00   3.0152332334376659e+00   2.1532154205631613e+01   9.9999999842160081e-01
 -5.7249999999999996e+00   5.5719941513049187e-01   1.7946896081464974e+00   3.0152393486719511e+00   2.1532195847164331e+01   9.9999999825633079e-01
 -5.6999999999999993e+00   5.5719847123565969e-01   1.7946926483526968e+00   3.0152457760998641e+00   2.1532239614571637e+01   9.9999999807375539e-01
 -5.6749999999999989e+00   5.5719747915229911e-01   1.7946958437812124e+00   3.0152525316663383e+00   2.1532285616430155e+01   9.9999999787206229e-01
 -5.6499999999999995e+00   5.5719643641481220e-01   1.7946992023752586e+00   3.0152596321608010e+00   2.1532333967067053e+01   9.9999999764924963e-01
 -5.6250000000000000e+00   5.5719534044464258e-01   1.7947027324420888e+00   3.0152670951418656e+00   2.1532384786047277e+01   9.9999999740310586e-01
 -5.5999999999999996e+00   5.5719418851972613e-01   1.7947064427514168e+00   3.0152749391453595e+00   2.1532438199590064e+01   9.9999999713118803e-01
 -5.5749999999999993e+00   5.5719297777999366e-01   1.7947103425177187e+00   3.0152831836468508e+00   2.1532494340313804e+01   9.9999999683079643e-01
 -5.5499999999999989e+00   5.5719170522832895e-01   1.7947144413971754e+00   3.0152918490551266e+00   2.1532553347191612e+01   9.9999999649894977e-01
 -5.5249999999999995e+00   5.5719036770561459e-01   1.7947187495680812e+00   3.0153009568821170e+00   2.1532615366708434e+01   9.9999999613235413e-01
 -5.5000000000000000e+00   5.5718896189081646e-01   1.7947232777306064e+00   3.0153105297423188e+00   2.1532680552857112e+01   9.9999999572737008e-01
 -5.4749999999999996e+00   5.5718748430119280e-01   1.7947280371061616e+00   3.0153205913513741e+00   2.1532749067128709e+01   9.9999999527997818e-01
 -5.4499999999999993e+00   5.5718593126837279e-01   1.7947330395144929e+00   3.0153311666889611e+00   2.1532821079621705e+01   9.9999999478573676e-01
 -5.4249999999999989e+00   5.5718429894370602e-01   1.7947382973564963e+00   3.0153422819623668e+00   2.1532896768793965e+01   9.9999999423974018e-01
 -5.3999999999999995e+00   5.5718258327541581e-01   1.7947438236878615e+00   3.0153539647620620e+00   2.1532976322522092e+01   9.9999999363656777e-01
 -5.3750000000000000e+00   5.5718078000469273e-01   1.7947496322317107e+00   3.0153662440883009e+00   2.1533059938282587e+01   9.9999999297023145e-01
 -5.3499999999999996e+00   5.5717888466105414e-01   1.7947557373936112e+00   3.0153791503827225e+00   2.1533147823367013e+01   9.9999999223411695e-01
 -5.3249999999999993e+00   5.5717689254175917e-01   1.7947621543279493e+00   3.0153927156685207e+00   2.1533240195836502e+01   9.9999999142091578e-01
 -5.2999999999999989e+00   5.5717479870327369e-01   1.7947688989655024e+00   3.0154069736085662e+00   2.1533337284917515e+01   9.9999999052255517e-01
 -5.2749999999999995e+00   5.5717259795143992e-01   1.7947759880451883e+00   3.0154219595723446e+00   2.1533439331457664e+01   9.9999998953011604e-01
 -5.2500000000000000e+00   5.5717028482300912e-01   1.7947834391736457e+00   3.0154377107617094e+00   2.1533546588782031e+01   9.9999998843374438e-01
 -5.2249999999999996e+00   5.5716785358177212e-01   1.7947912708378035e+00   3.0154542662372315e+00   2.1533659322872577e+01   9.9999998722255568e-01
 -5.1999999999999993e+00   5.5716529819272953e-01   1.7947995024881991e+00   3.0154716670940860e+00   2.1533777813565862e+01   9.9999998588452377e-01
 -5.1749999999999989e+00   5.5716261231535413e-01   1.7948081545608086e+00   3.0154899565079321e+00   2.1533902354865440e+01   9.9999998440636340e-01
 -5.1499999999999995e+00   5.5715978928236143e-01   1.7948172485455745e+00   3.0155091798794746e+00   2.1534033255926257e+01   9.9999998277339719e-01
 -5.1250000000000000e+00   5.5715682208895534e-01   1.7948268070212028e+00   3.0155293849076945e+00   2.1534170841553312e+01   9.9999998096941023e-01
 -5.0999999999999996e+00   5.5715370337047598e-01   1.7948368537273387e+00   3.0155506217420567e+00   2.1534315453238115e+01   9.9999997897648907e-01
 -5.0749999999999993e+00   5.5715042538509307e-01   1.7948474136205077e+00   3.0155729431003584e+00   2.1534467449961170e+01   9.9999997677484298e-01
 -5.0499999999999989e+00   5.5714697999657070e-01   1.7948585129298469e+00   3.0155964043860908e+00   2.1534627208991143e+01   9.9999997434260823e-01
 -5.0249999999999995e+00   5.5714335865276821e-01   1.7948701792265929e+00   3.0156210638348391e+00   2.1534795126881779e+01   9.9999997165562982e-01
 -5.0000000000000000e+00   5.5713955236288804e-01   1.7948824414976352e+00   3.0156469826692112e+00   2.1534971620526864e+01   9.9999996868722218e-01
 -4.9749999999999996e+00   5.5713555167681128e-01   1.7948953302123680e+00   3.0156742252395521e+00   2.1535157128118449e+01   9.9999996540790304e-01
 -4.9499999999999993e+00   5.5713134666107811e-01   1.7949088774003843e+00   3.0157028591875044e+00   2.1535352110260579e+01   9.9999996178510153e-01
 -4.9249999999999989e+00   5.5712692687564802e-01   1.7949231167266884e+00   3.0157329556042591e+00   2.1535557051046915e+01   9.9999995778283313e-01
 -4.8999999999999995e+00   5.5712228134375830e-01   1.7949380835891846e+00   3.0157645892358036e+00   2.1535772459458361e+01   9.9999995336134173e-01
 -4.8750000000000000e+00   5.5711739852887621e-01   1.7949538151933493e+00   3.0157978386398647e+00   2.1535998870431765e+01   9.9999994847670526e-01
 -4.8499999999999996e+00   5.5711226630383903e-01   1.7949703506521215e+00   3.0158327863960492e+00   2.1536236846290866e+01   9.9999994308039797e-01
 -4.8249999999999993e+00   5.5710687191979102e-01   1.7949877310864946e+00   3.0158695193173668e+00   2.1536486978186652e+01   9.9999993711880808e-01
 -4.7999999999999989e+00   5.5710120197751212e-01   1.7950059997184602e+00   3.0159081286454668e+00   2.1536749887426819e+01   9.9999993053270519e-01
 -4.7749999999999995e+00   5.5709524238967545e-01   1.7950252019932398e+00   3.0159487103076437e+00   2.1537026227225841e+01   9.9999992325664822e-01
 -4.7500000000000000e+00   5.5708897834988880e-01   1.7950453856797248e+00   3.0159913651276500e+00   2.1537316684140510e+01   9.9999991521833764e-01
 -4.7249999999999996e+00   5.5708239429199768e-01   1.7950666010023730e+00   3.0160361991028202e+00   2.1537621979956974e+01   9.9999990633789282e-01
 -4.6999999999999993e+00   5.5707547385329015e-01   1.7950889007606126e+00   3.0160833236546249e+00   2.1537942873396926e+01   9.9999989652705923e-01
 -4.6749999999999989e+00   5.5706819983316014e-01   1.7951123404629743e+00   3.0161328559101563e+00   2.1538280162034315e+01   9.9999988568832798e-01
 -4.6499999999999995e+00   5.5706055414995959e-01   1.7951369784671596e+00   3.0161849189959367e+00   2.1538634684296081e+01   9.9999987371396570e-01
 -4.6250000000000000e+00   5.5705251779493015e-01   1.7951628761296323e+00   3.0162396423516249e+00   2.1539007321598287e+01   9.9999986048494072e-01
 -4.5999999999999996e+00   5.5704407078601770e-01   1.7951900979557125e+00   3.0162971620445105e+00   2.1539399000487702e+01   9.9999984586973811e-01
 -4.5749999999999993e+00   5.5703519211700070e-01   1.7952187117649079e+00   3.0163576211159273e+00   2.1539810695000646e+01   9.9999982972305002e-01
 -4.5499999999999989e+00   5.5702585970406970e-01   1.7952487888646111e+00   3.0164211699450143e+00   2.1540243429140059e+01   9.9999981188432485e-01
 -4.5249999999999995e+00   5.5701605033089352e-01   1.7952804042288428e+00   3.0164879666227904e+00   2.1540698279422724e+01   9.9999979217616908e-01
 -4.5000000000000000e+00   5.5700573959182675e-01   1.7953136366831677e+00   3.0165581773388790e+00   2.1541176377512659e+01   9.9999977040257881e-01
 -4.4749999999999996e+00   5.5699490182793610e-01   1.7953485691129623e+00   3.0166319768171346e+00   2.1541678913187525e+01   9.9999974634698308e-01
 -4.4499999999999993e+00   5.5698351006426705e-01   1.7953852886679103e+00   3.0167095487428264e+00   2.1542207137247495e+01   9.9999971977008550e-01
 -4.4249999999999989e+00   5.5697153594108573e-01   1.7954238869861674e+00   3.0167910862308420e+00   2.1542762364703506e+01   9.9999969040747583e-01
 -4.3999999999999995e+00   5.5695894964242754e-01   1.7954644604274852e+00   3.0168767923122366e+00   2.1543345978090368e+01   9.9999965796698986e-01
 -4.3750000000000000e+00   5.5694571982156915e-01   1.7955071103165563e+00   3.0169668804417267e+00   2.1543959430922566e+01   9.9999962212579385e-01
 -4.3499999999999996e+00   5.5693181352124888e-01   1.7955519432036298e+00   3.0170615750409500e+00   2.1544604251393547e+01   9.9999958252716115e-01
 -4.3249999999999993e+00   5.5691719609076640e-01   1.7955990711355587e+00   3.0171611120629716e+00   2.1545282046219715e+01   9.9999953877690650e-01
 -4.2999999999999998e+00   5.5690183109812330e-01   1.7956486119432511e+00   3.0172657395905595e+00   2.1545994504714390e+01   9.9999949043944769e-01
 -4.2749999999999995e+00   5.5688568023756468e-01   1.7957006895444052e+00   3.0173757184657810e+00   2.1546743403075009e+01   9.9999943703345140e-01
 -4.2500000000000000e+00   5.5686870323331361e-01   1.7957554342590265e+00   3.0174913229455167e+00   2.1547530608846845e+01   9.9999937802701921e-01
 -4.2249999999999996e+00   5.5685085773666387e-01   1.7958129831469209e+00   3.0176128414022068e+00   2.1548358085694712e+01   9.9999931283236621e-01
 -4.1999999999999993e+00   5.5683209921846277e-01   1.7958734803606724e+00   3.0177405770559873e+00   2.1549227898388438e+01   9.9999924079993718e-01
 -4.1749999999999998e+00   5.5681238085644091e-01   1.7959370775159238e+00   3.0178748487419140e+00   2.1550142218027236e+01   9.9999916121190358e-01
 -4.1499999999999995e+00   5.5679165341546644e-01   1.7960039340852343e+00   3.0180159917253677e+00   2.1551103327592219e+01   9.9999907327497217e-01
 -4.1250000000000000e+00   5.5676986512207061e-01   1.7960742178112534e+00   3.0181643585564704e+00   2.1552113627764498e+01   9.9999897611243371e-01
 -4.0999999999999996e+00   5.5674696153246162e-01   1.7961481051418260e+00   3.0183203199688409e+00   2.1553175643045243e+01   9.9999886875537147e-01
 -4.0749999999999993e+00   5.5672288539343029e-01   1.7962257816890541e+00   3.0184842658267552e+00   2.1554292028205353e+01   9.9999875013294148e-01
 -4.0499999999999998e+00   5.5669757649512708e-01   1.7963074427157188e+00   3.0186566061276561e+00   2.1555465575112002e+01   9.9999861906162091e-01
 -4.0249999999999995e+00   5.5667097151750689e-01   1.7963932936433902e+00   3.0188377720477835e+00   2.1556699219848873e+01   9.9999847423332155e-01
 -4.0000000000000000e+00   5.5664300386675170e-01   1.7964835505942662e+00   3.0190282170560523e+00   2.1557996050301028e+01   9.9999831420224217e-01
 -3.9749999999999996e+00   5.5661360350454492e-01   1.7965784409576233e+00   3.0192284180766027e+00   2.1559359314071298e+01   9.9999813737032761e-01
 -3.9499999999999993e+00   5.5658269676711480e-01   1.7966782039909870e+00   3.0194388767210190e+00   2.1560792426871046e+01   9.9999794197118674e-01
 -3.9249999999999998e+00   5.5655020617494244e-01   1.7967830914533278e+00   3.0196601205841196e+00   2.1562298981343801e+01   9.9999772605230219e-01
 -3.8999999999999995e+00   5.5651605023228767e-01   1.7968933682732131e+00   3.0198927046090795e+00   2.1563882756361032e+01   9.9999748745535266e-01
 -3.8750000000000000e+00   5.5648014321574191e-01   1.7970093132547045e+00   3.0201372125272750e+00   2.1565547726826740e+01   9.9999722379444111e-01
 -3.8499999999999996e+00   5.5644239495120151e-01   1.7971312198232079e+00   3.0203942583769772e+00   2.1567298074018947e+01   9.9999693243201182e-01
 -3.8249999999999993e+00   5.5640271057874413e-01   1.7972593968132302e+00   3.0206644881044200e+00   2.1569138196492151e+01   9.9999661045219923e-01
 -3.7999999999999998e+00   5.5636099030490549e-01   1.7973941692999804e+00   3.0209485812506669e+00   2.1571072721563983e+01   9.9999625463134123e-01
 -3.7749999999999995e+00   5.5631712914124209e-01   1.7975358794787573e+00   3.0212472527318606e+00   2.1573106517437779e+01   9.9999586140534735e-01
 -3.7500000000000000e+00   5.5627101662848777e-01   1.7976848875947493e+00   3.0215612547175716e+00   2.1575244705993143e+01   9.9999542683358622e-01
 -3.7249999999999996e+00   5.5622253654553766e-01   1.7978415729261457e+00   3.0218913786124646e+00   2.1577492676280063e+01   9.9999494655891352e-01
 -3.6999999999999993e+00   5.5617156660229816e-01   1.7980063348241433e+00   3.0222384571478296e+00   2.1579856098761137e+01   9.9999441576342729e-01
 -3.6749999999999998e+00   5.5611797811568153e-01   1.7981795938127068e+00   3.0226033665878882e+00   2.1582340940335339e+01   9.9999382911948820e-01
 -3.6499999999999995e+00   5.5606163566725542e-01   1.7983617927534838e+00   3.0229870290610195e+00   2.1584953480212484e+01   9.9999318073549071e-01
 -3.6250000000000000e+00   5.5600239674202090e-01   1.7985533980782267e+00   3.0233904150194926e+00   2.1587700326662674e+01   9.9999246409581866e-01
 -3.5999999999999996e+00   5.5594011134671428e-01   1.7987549010946360e+00   3.0238145458386319e+00   2.1590588434715265e+01   9.9999167199435024e-01
 -3.5749999999999993e+00   5.5587462160663548e-01   1.7989668193696557e+00   3.0242604965622024e+00   2.1593625124853499e+01   9.9999079646081401e-01
 -3.5499999999999998e+00   5.5580576133963644e-01   1.7991896981955349e+00   3.0247293988033244e+00   2.1596818102768214e+01   9.9998982867921482e-01
 -3.5249999999999995e+00   5.5573335560579162e-01   1.7994241121444365e+00   3.0252224438109834e+00   2.1600175480239155e+01   9.9998875889746364e-01
 -3.5000000000000000e+00   5.5565722023135145e-01   1.7996706667172320e+00   3.0257408857116541e+00   2.1603705797208729e+01   9.9998757632724966e-01
 -3.4749999999999996e+00   5.5557716130546930e-01   1.7999300000926004e+00   3.0262860449363274e+00   2.1607418045118273e+01   9.9998626903308407e-01
 -3.4499999999999993e+00   5.5549297464738856e-01   1.8002027849853044e+00   3.0268593118486851e+00   2.1611321691613998e+01   9.9998482380932641e-01
 -3.4249999999999998e+00   5.5540444524328170e-01   1.8004897306177912e+00   3.0274621505799302e+00   2.1615426706660198e+01   9.9998322604386769e-01
 -3.3999999999999995e+00   5.5531134664964310e-01   1.8007915848168681e+00   3.0280961030913702e+00   2.1619743590203264e+01   9.9998145956699835e-01
 -3.3750000000000000e+00   5.5521344036188025e-01   1.8011091362417562e+00   3.0287627934739767e+00   2.1624283401449468e+01   9.9997950648382128e-01
 -3.3499999999999996e+00   5.5511047514559508e-01   1.8014432167537799e+00   3.0294639325020092e+00   2.1629057789872725e+01   9.9997734698838547e-01
 -3.3249999999999993e+00   5.5500218632787890e-01   1.8017947039387510e+00   3.0302013224589244e+00   2.1634079028076513e+01   9.9997495915749746e-01
 -3.2999999999999998e+00   5.5488829504625481e-01   1.8021645237923809e+00   3.0309768622516842e+00   2.1639360046619611e+01   9.9997231872195491e-01
 -3.2749999999999995e+00   5.5476850745256590e-01   1.8025536535804576e+00   3.0317925528318579e+00   2.1644914470930967e+01   9.9996939881266589e-01
 -3.2500000000000000e+00   5.5464251386812147e-01   1.8029631248890743e+00   3.0326505029486337e+00   2.1650756660484671e+01   9.9996616967883567e-01
 -3.2249999999999996e+00   5.5450998788756301e-01   1.8033940268768760e+00   3.0335529352510187e+00   2.1656901750352755e+01   9.9996259837507584e-01
 -3.1999999999999993e+00   5.5437058542743367e-01   1.8038475097465261e+00   3.0345021927665830e+00   2.1663365695322014e+01   9.9995864841392190e-01
 -3.1749999999999998e+00   5.5422394371566164e-01   1.8043247884523710e+00   3.0355007457825458e+00   2.1670165316750595e+01   9.9995427937983583e-01
 -3.1499999999999995e+00   5.5406968021799230e-01   1.8048271466624226e+00   3.0365511991562095e+00   2.1677318352348209e+01   9.9994944650030859e-01
 -3.1250000000000000e+00   5.5390739149678692e-01   1.8053559409954196e+00   3.0376563000859389e+00   2.1684843509092428e+01   9.9994410016915980e-01
 -3.0999999999999996e+00   5.5373665199731836e-01   1.8059126055553982e+00   3.0388189463758528e+00   2.1692760519506873e+01   9.9993818541655255e-01
 -3.0749999999999993e+00   5.5355701275628255e-01   1.8064986567883574e+00   3.0400421952301793e+00   2.1701090201546183e+01   9.9993164131958068e-01
 -3.0499999999999998e+00   5.5336800002709552e-01   1.8071156986870134e+00   3.0413292726142629e+00   2.1709854522339523e+01   9.9992440034655994e-01
 -3.0249999999999995e+00   5.5316911381541034e-01   1.8077654283743956e+00   3.0426835832269243e+00   2.1719076666097134e+01   9.9991638762731327e-01
 -3.0000000000000000e+00   5.5295982631859719e-01   1.8084496420972054e+00   3.0441087211267805e+00   2.1728781106469988e+01   9.9990752014081707e-01
 -2.9749999999999996e+00   5.5273958026155212e-01   1.8091702416657185e+00   3.0456084810645141e+00   2.1738993683716579e+01   9.9989770581051374e-01
 -2.9499999999999993e+00   5.5250778712122850e-01   1.8099292413784296e+00   3.0471868705728791e+00   2.1749741687029527e+01   9.9988684249640947e-01
 -2.9249999999999998e+00   5.5226382523114159e-01   1.8107287754751369e+00   3.0488481228740323e+00   2.1761053942427711e+01   9.9987481687173196e-01
 -2.8999999999999995e+00   5.5200703775651416e-01   1.8115711061660267e+00   3.0505967106677248e+00   2.1772960906646610e+01   9.9986150317040134e-01
 -2.8750000000000000e+00   5.5173673052999594e-01   1.8124586322889982e+00   3.0524373608689173e+00   2.1785494767493727e+01   9.9984676178984855e-01
 -2.8499999999999996e+00   5.5145216973668187e-01   1.8133938986539839e+00   3.0543750703715880e+00   2.1798689551191835e+01   9.9983043773176683e-01
 -2.8249999999999993e+00   5.5115257943645224e-01   1.8143796061382669e+00   3.0564151229202969e+00   2.1812581237265462e+01   9.9981235886117237e-01
 -2.7999999999999998e+00   5.5083713891031472e-01   1.8154186226045597e+00   3.0585631071802002e+00   2.1827207881588205e+01   9.9979233396164036e-01
 -2.7749999999999995e+00   5.5050497981637614e-01   1.8165139947209112e+00   3.0608249361033892e+00   2.1842609748257313e+01   9.9977015056174201e-01
 -2.7500000000000000e+00   5.5015518313950895e-01   1.8176689607710537e+00   3.0632068677000590e+00   2.1858829451034445e+01   9.9974557250445695e-01
 -2.7249999999999996e+00   5.4978677591748548e-01   1.8188869645531172e+00   3.0657155273318151e+00   2.1875912105151365e+01   9.9971833722766223e-01
 -2.7000000000000002e+00   5.4939872772465836e-01   1.8201716704760356e+00   3.0683579316559606e+00   2.1893905490357966e+01   9.9968815271959099e-01
 -2.6749999999999998e+00   5.4898994689229708e-01   1.8215269799761631e+00   3.0711415143630201e+00   2.1912860226181277e+01   9.9965469410836516e-01
 -2.6499999999999995e+00   5.4855927644287428e-01   1.8229570493903364e+00   3.0740741538621132e+00   2.1932829960448316e+01   9.9961759983923970e-01
 -2.6250000000000000e+00   5.4810548971330708e-01   1.8244663094381002e+00   3.0771642030843820e+00   2.1953871572231787e+01   9.9957646738694272e-01
 -2.5999999999999996e+00   5.4762728563967655e-01   1.8260594864843387e+00   3.0804205215915741e+00   2.1976045390492636e+01   9.9953084844334938e-01
 -2.5750000000000002e+00   5.4712328367325702e-01   1.8277416257744237e+00   3.0838525101952117e+00   2.1999415429818423e+01   9.9948024351252973e-01
 -2.5499999999999998e+00   5.4659201829481940e-01   1.8295181168573569e+00   3.0874701483113047e+00   2.2024049644789287e+01   9.9942409583583003e-01
 -2.5249999999999995e+00   5.4603193309063269e-01   1.8313947214402491e+00   3.0912840342996675e+00   2.2050020204667497e+01   9.9936178455886304e-01
 -2.5000000000000000e+00   5.4544137435022511e-01   1.8333776039474137e+00   3.0953054290598030e+00   2.2077403790262526e+01   9.9929261703990013e-01
 -2.4749999999999996e+00   5.4481858414176276e-01   1.8354733650932109e+00   3.0995463031839341e+00   2.2106281915018421e+01   9.9921582018492305e-01
 -2.4500000000000002e+00   5.4416169281659477e-01   1.8376890788176847e+00   3.1040193879971159e+00   2.2136741272570145e+01   9.9913053067818702e-01
 -2.4249999999999998e+00   5.4346871088956472e-01   1.8400323329804436e+00   3.1087382308480467e+00   2.2168874113244957e+01   9.9903578395825687e-01
 -2.3999999999999995e+00   5.4273752023643929e-01   1.8425112742608212e+00   3.1137172550499561e+00   2.2202778652228375e+01   9.9893050176766862e-01
 -2.3750000000000000e+00   5.4196586454387352e-01   1.8451346577733541e+00   3.1189718249113234e+00   2.2238559512389180e+01   9.9881347807920962e-01
 -2.3499999999999996e+00   5.4115133894089573e-01   1.8479119019776082e+00   3.1245183163400170e+00   2.2276328205056554e+01   9.9868336317269513e-01
 -2.3250000000000002e+00   5.4029137873395039e-01   1.8508531495417748e+00   3.1303741935517371e+00   2.2316203652364226e+01   9.9853864560248118e-01
 -2.2999999999999998e+00   5.3938324715990349e-01   1.8539693349125168e+00   3.1365580924656120e+00   2.2358312755130697e+01   9.9837763175699146e-01
 -2.2749999999999995e+00   5.3842402206306006e-01   1.8572722594514557e+00   3.1430899114267099e+00   2.2402791010631894e+01   9.9819842266639669e-01
 -2.2500000000000000e+00   5.3741058139349684e-01   1.8607746751227272e+00   3.1499909099547763e+00   2.2449783185028153e+01   9.9799888766228573e-01
 -2.2249999999999996e+00   5.3633958741445953e-01   1.8644903778606299e+00   3.1572838162835604e+00   2.2499444045650566e+01   9.9777663443252285e-01
 -2.2000000000000002e+00   5.3520746949645903e-01   1.8684343119142810e+00   3.1649929445239797e+00   2.2551939158820574e+01   9.9752897494410986e-01
 -2.1749999999999998e+00   5.3401040536527011e-01   1.8726226866609217e+00   3.1731443223553986e+00   2.2607445759360473e+01   9.9725288662528722e-01
 -2.1499999999999995e+00   5.3274430066023282e-01   1.8770731076065850e+00   3.1817658302228558e+00   2.2666153698453424e+01   9.9694496810345934e-01
 -2.1250000000000000e+00   5.3140476664832992e-01   1.8818047235578796e+00   3.1908873530924886e+00   2.2728266477018146e+01   9.9660138868579951e-01
 -2.0999999999999996e+00   5.2998709592913307e-01   1.8868383922572229e+00   3.2005409458880854e+00   2.2794002372244925e+01   9.9621783064230685e-01
 -2.0750000000000002e+00   5.2848623595592159e-01   1.8921968671354481e+00   3.2107610137983564e+00   2.2863595665393419e+01   9.9578942320403352e-01
 -2.0499999999999998e+00   5.2689676019032161e-01   1.8979050082577613e+00   3.2215845086986845e+00   2.2937297979321567e+01   9.9531066701938775e-01
 -2.0249999999999995e+00   5.2521283670247176e-01   1.9039900210331127e+00   3.2330511429675037e+00   2.3015379734462798e+01   9.9477534761579334e-01
 -2.0000000000000000e+00   5.2342819402732943e-01   1.9104817268360359e+00   3.2452036219869118e+00   2.3098131732033053e+01   9.9417643618931806e-01
 -1.9749999999999996e+00   5.2153608409259933e-01   1.9174128703670845e+00   3.2580878965840028e+00   2.3185866873023645e+01   9.9350597578808786e-01
 -1.9500000000000002e+00   5.1952924204727302e-01   1.9248194693707115e+00   3.2717534365774075e+00   2.3278922020909476e+01   9.9275495066345210e-01
 -1.9249999999999998e+00   5.1739984284549212e-01   1.9327412132566568e+00   3.2862535264183741e+00   2.3377660014809472e+01   9.9191313623371469e-01
 -1.8999999999999995e+00   5.1513945448339882e-01   1.9412219182528692e+00   3.3016455836232494e+00   2.3482471837844503e+01   9.9096892673797854e-01
 -1.8750000000000000e+00   5.1273898785300431e-01   1.9503100479784212e+00   3.3179915002422904e+00   2.3593778942360562e+01   9.8990913725360763e-01
 -1.8499999999999996e+00   5.1018864327545010e-01   1.9600593097876964e+00   3.3353580069400621e+00   2.3712035729125034e+01   9.8871877631504734e-01
 -1.8250000000000002e+00   5.0747785391767863e-01   1.9705293389260228e+00   3.3538170582981865e+00   2.3837732171035956e+01   9.8738078491520809e-01
 -1.7999999999999998e+00   5.0459522649614941e-01   1.9817864844736717e+00   3.3734462365918807e+00   2.3971396562628136e+01   9.8587573721300037e-01
 -1.7749999999999995e+00   5.0152847994822436e-01   1.9939047132542418e+00   3.3943291694056046e+00   2.4113598363816291e+01   9.8418149784486475e-01
 -1.7500000000000000e+00   4.9826438313140720e-01   2.0069666503460879e+00   3.4165559538685075e+00   2.4264951088715573e+01   9.8227283039674795e-01
 -1.7249999999999996e+00   4.9478869312520551e-01   2.0210647775391899e+00   3.4402235767863356e+00   2.4426115166519118e+01   9.8012095141651456e-01
 -1.7000000000000002e+00   4.9108609640147216e-01   2.0363028139621391e+00   3.4654363152404968e+00   2.4597800669367235e+01   9.7769302445626083e-01
 -1.6749999999999998e+00   4.8714015604898875e-01   2.0527973060373945e+00   3.4923060959609238e+00   2.4780769759487779e+01   9.7495158920721570e-01
 -1.6499999999999995e+00   4.8293326945177967e-01   2.0706794566777074e+00   3.5209527835145176e+00   2.4975838651608061e+01   9.7185392208377031e-01
 -1.6250000000000000e+00   4.7844664240653056e-01   2.0900972258267236e+00   3.5515043565519329e+00   2.5183878813102847e+01   9.6835132699225934e-01
 -1.5999999999999996e+00   4.7366028771467122e-01   2.1112177354466990e+00   3.5840969173947510e+00   2.5405817029277994e+01   9.6438835899291919e-01
 -1.5750000000000002e+00   4.6855305890098692e-01   2.1342300108883010e+00   3.6188744624294538e+00   2.5642633839874009e+01   9.5990198982487196e-01
 -1.5499999999999998e+00   4.6310273299652405e-01   2.1593480857464638e+00   3.6559883183993267e+00   2.5895359700510085e+01   9.5482073374063470e-01
 -1.5249999999999995e+00   4.5728616036569231e-01   2.1868144865794732e+00   3.6955961221606084e+00   2.6165068035359479e+01   9.4906376598569331e-01
 -1.5000000000000000e+00   4.5107950439224392e-01   2.2169040939852431e+00   3.7378601885468949e+00   2.6452864123163586e+01   9.4254008603980688e-01
 -1.4749999999999996e+00   4.4445859939513394e-01   2.2499283428443175e+00   3.7829450731501706e+00   2.6759868501051191e+01   9.3514780512070894e-01
 -1.4500000000000002e+00   4.3739946115082023e-01   2.2862396706409953e+00   3.8310140959321579e+00   2.7087193292158162e+01   9.2677367419851708e-01
 -1.4249999999999998e+00   4.2987899023902121e-01   2.3262360401562781e+00   3.8822245518092249e+00   2.7435909592226885e+01   9.1729301627763404e-01
 -1.3999999999999995e+00   4.2187591294564891e-01   2.3703652408542033e+00   3.9367213035977313e+00   2.7807003840930143e+01   9.0657028520446803e-01
 -1.3750000000000000e+00   4.1337200568624743e-01   2.4191284998602631e+00   3.9946284443336921e+00   2.8201321046648399e+01   8.9446054043641010e-01
 -1.3499999999999996e+00   4.0435364379943739e-01   2.4730826971254101e+00   4.0560387508031077e+00   2.8619492970552145e+01   8.8081219602933913e-01
 -1.3250000000000002e+00   3.9481369973441249e-01   2.5328401741699711e+00   4.1210007578823653e+00   2.9061850109650795e+01   8.6547145782183577e-01
 -1.2999999999999998e+00   3.8475378350119660e-01   2.5990647600659398e+00   4.1895035022490550e+00   2.9528317809478530e+01   8.4828887947871601e-01
 -1.2749999999999995e+00   3.7418676361685771e-01   2.6724622494234813e+00   4.2614593560626783e+00   3.0018299370478648e+01   8.2912840591073200e-01
 -1.2500000000000000e+00   3.6313942490022016e-01   2.7537632419690317e+00   4.3366859287789934e+00   3.0530552808867416e+01   8.0787907893909872e-01
 -1.2249999999999996e+00   3.5165501063683752e-01   2.8436961503520952e+00   4.4148887563421173e+00   3.1063072979126968e+01   7.8446919879275201e-01
 -1.2000000000000002e+00   3.3979527174146262e-01   2.9429485433242348e+00   4.4956473474646836e+00   3.1612996556503973e+01   7.5888213025508577e-01
 -1.1749999999999998e+00   3.2764153219498671e-01   3.0521161139146362e+00   4.5784079285620276e+00   3.2176552633823086e+01   7.3117213961054683e-01
 -1.1499999999999995e+00   3.1529422555241643e-01   3.1716407055915266e+00   4.6624865998893661e+00   3.2749084213122956e+01   7.0147778602231636e-01
 -1.1250000000000000e+00   3.0287042227352606e-01   3.3017420205426582e+00   4.7470861731209810e+00   3.3325162860724546e+01   6.7002975189127412e-01
 -1.0999999999999996e+00   2.9049910357838055e-01   3.4423514141075020e+00   4.8313283539111369e+00   3.3898807853563184e+01   6.3714997482209812e-01
 -1.0750000000000002e+00   2.7831434996770255e-01   3.5930594312368251e+00   4.9143001244918283e+00   3.4463802020311206e+01   6.0323989553340129e-01
 -1.0499999999999998e+00   2.6644712538180870e-01   3.7530898431238002e+00   4.9951096892340683e+00   3.5014072701258165e+01   5.6875763634882581e-01
 -1.0249999999999995e+00   2.5501679063814220e-01   3.9213104262572136e+00   5.0729442636797009e+00   3.5544085261256861e+01   5.3418655573817686e-01
 -1.0000000000000000e+00   2.4412368218438657e-01   4.0962842730051081e+00   5.1471206093337933e+00   3.6049187205110037e+01   4.9999999999997491e-01
 -9.7499999999999964e-01   2.3384392429734552e-01   4.2763565613466383e+00   5.2171203598647500e+00   3.6525848730433808e+01   4.6662821053438003e-01
 -9.5000000000000018e-01   2.2422713752313048e-01   4.4597634837881452e+00   5.2826056254227129e+00   3.6971768984867964e+01   4.3443271367732583e-01
 -9.2499999999999982e-01   2.1529704719113116e-01   4.6447455413182901e+00   5.3434148489791236e+00   3.7385847849925270e+01   4.0369138334349808e-01
 -8.9999999999999947e-01   2.0705442189518192e-01   4.8296481226864811e+00   5.3995427968137664e+00   3.7768049686720715e+01   3.7459463369091611e-01
 -8.7500000000000000e-01   1.9948145314977866e-01   5.0129973699818597e+00   5.4511107353568740e+00   3.8119200255934381e+01   3.4725089256788677e-01
 -8.4999999999999964e-01   1.9254665962077827e-01   5.1935463433616853e+00   5.4983330359546017e+00   3.8440759313809259e+01   3.2169825136574759e-01
 -8.2500000000000018e-01   1.8620958375103144e-01   5.3702928703016388e+00   5.5414851933159364e+00   3.8734602834576798e+01   2.9791903725643010e-01
 -7.9999999999999982e-01   1.8042482245664498e-01   5.5424746239686291e+00   5.5808763785887576e+00   3.9002836111324704e+01   2.7585466298737144e-01
 -7.7499999999999947e-01   1.7514519391656386e-01   5.7095486187099302e+00   5.6168278751865222e+00   3.9247646915305850e+01   2.5541902305861530e-01
 -7.5000000000000000e-01   1.7032403432868748e-01   5.8711620115234151e+00   5.6496574390857566e+00   3.9471198997780817e+01   2.3650957420565108e-01
 -7.2499999999999964e-01   1.6591673062214501e-01   6.0271197259628826e+00   5.6796688618607076e+00   3.9675561019767144e+01   2.1901588780846043e-01
 -7.0000000000000018e-01   1.6188164175611722e-01   6.1773527198751168e+00   5.7071456971223880e+00   3.9862663832385181e+01   2.0282585934916744e-01
 -6.7499999999999982e-01   1.5818056485089937e-01   6.3218891710406879e+00   5.7323480864109264e+00   4.0034278862852545e+01   1.8782994985167201e-01
 -6.4999999999999947e-01   1.5477888327192119e-01   6.4608296613896838e+00   5.7555117508211939e+00   4.0192011247984453e+01   1.7392388426858299e-01
 -6.2500000000000000e-01   1.5164550621144884e-01   6.5943266304616852e+00   5.7768484024196702e+00   4.0337302635726388e+01   1.6101020321875628e-01
 -5.9999999999999964e-01   1.4875268162146857e-01   6.7225678831438023e+00   5.7965470180732268e+00   4.0471439859258901e+01   1.4899900111976871e-01
 -5.7500000000000018e-01   1.4607574047833954e-01   6.8457636889287743e+00   5.8147755808724835e+00   4.0595566795175785e+01   1.3780811222477735e-01
 -5.4999999999999982e-01   1.4359281152564121e-01   6.9641369186606603e+00   5.8316830225831557e+00   4.0710697590557231e+01   1.2736294009149304e-01
 -5.2500000000000036e-01   1.4128453165295010e-01   7.0779156663546861e+00   5.8474011958144239e+00   4.0817730092400311e+01   1.1759607110907017e-01
 -5.0000000000000000e-01   1.3913376714364117e-01   7.1873278538315128e+00   5.8620467721749581e+00   4.0917458773064261e+01   1.0844676985531049e-01
 -4.7499999999999964e-01   1.3712535424983294e-01   7.2925973863160927e+00   5.8757230088212467e+00   4.1010586759536530e+01   9.9860422060578310e-02
 -4.5000000000000018e-01   1.3524586309301892e-01   7.3939415012806977e+00   5.8885213561702612e+00   4.1097736781111351e+01   9.1787967854239358e-02
 -4.2499999999999982e-01   1.3348338606623555e-01   7.4915690219589708e+00   5.9005228987695189e+00   4.1179460980957899e+01   8.4185351744359121e-02
 -4.0000000000000036e-01   1.3182735021204064e-01   7.5856792872763332e+00   5.9117996329044828e+00   4.1256249615955468e+01   7.7013004663938164e-02
 -3.7500000000000000e-01   1.3026835209537116e-01   7.6764615803835987e+00   5.9224155910276473e+00   4.1328538713464795e+01   7.0235365984714998e-02
 -3.4999999999999964e-01   1.2879801321809958e-01   7.7640949189693957e+00   5.9324278263094454e+00   4.1396716775602485e+01   6.3820448565653443e-02
 -3.2500000000000018e-01   1.2740885385242523e-01   7.8487481031599042e+00   5.9418872717665732e+00   4.1461130629453542e+01   5.7739446865668474e-02
 -2.9999999999999982e-01   1.2609418318238105e-01   7.9305799424039449e+00   5.9508394883406099e+00   4.1522090521093759e+01   5.1966386331928766e-02
 -2.7500000000000036e-01   1.2484800375762005e-01   8.0097396025762677e+00   5.9593253155175372e+00   4.1579874545966810e+01   4.6477811269094234e-02
 -2.5000000000000000e-01   1.2366492843065925e-01   8.0863670297655545e+00   5.9673814369414648e+00   4.1634732500416590e+01   4.1252507918443475e-02
 -2.2499999999999964e-01   1.2254010813638928e-01   8.1605934188256342e+00   5.9750408721982344e+00   4.1686889230475160e+01   3.6271259335544537e-02
 -2.0000000000000018e-01   1.2146916906201732e-01   8.2325417035613366e+00   5.9823334046550922e+00   4.1736547545226180e+01   3.1516628720319066e-02
 -1.7499999999999982e-01   1.2044815793594858e-01   8.3023270520398977e+00   5.9892859540146688e+00   4.1783890753701741e+01   2.6972768037173977e-02
 -1.5000000000000036e-01   1.1947349432990809e-01   8.3700573554720883e+00   5.9959229011124640e+00   4.1829084876582641e+01   2.2625249008513218e-02
 -1.2500000000000000e-01   1.1854192901752789e-01   8.4358337027916743e+00   6.0022663714729978e+00   4.1872280577066753e+01   1.8460913836060328e-02
 -9.9999999999999645e-02   1.1765050756429386e-01   8.4997508357838427e+00   6.0083364832431378e+00   4.1913614849164787e+01   1.4467743278436937e-02
 -7.5000000000000178e-02   1.1679653843887691e-01   8.5618975816079477e+00   6.0141515643371868e+00   4.1953212496344186e+01   1.0634739976946927e-02
 -5.0000000000000711e-02   1.1597756503574921e-01   8.6223572610078296e+00   6.0197283429481594e+00   4.1991187428810889e+01   6.9518251671064797e-03
 -2.5000000000000355e-02   1.1519134108515047e-01   8.6812080715406470e+00   6.0250821149930003e+00   4.2027643803723272e+01   3.4097471376077367e-03
  0.0000000000000000e+00   1.1443580900050836e-01   8.7385234458870968e+00   6.0302268915552721e+00   4.2062677029199385e+01   0.0000000000000000e+00
