# Columns: x, rho, u, p, lamdatime_step 2000
# time   1.0000000000000000e+01
 -4.1500000000000004e+00   6.9755736266962091e-04  -1.3301472467161547e-03   9.0581737871508958e-03  -1.6315732850535424e-15
 -4.1000000000000005e+00   6.9755736266962091e-04  -1.3301472467161547e-03   9.0581737871508958e-03  -1.6315732850535424e-15
 -4.0500000000000007e+00   6.9755736266962091e-04  -1.3301472467161547e-03   9.0581737871508958e-03  -1.6315732850535424e-15
 -4.0000000000000000e+00   6.9755736266962091e-04  -1.3301472467161547e-03   9.0581737871508958e-03  -1.6315732850535424e-15
 -3.9500000000000002e+00   7.2099973792815201e-04  -1.3714153386516802e-03   9.3391882053575070e-03  -1.8957145778443364e-15
 -3.9000000000000004e+00   7.3428650245960377e-04  -1.3930778470004480e-03   9.4866970031669984e-03  -2.2816531413532666e-15
 -3.8500000000000005e+00   7.5360142494112830e-04  -1.4268247019253023e-03   9.7164903888092707e-03  -2.9331657454243802e-15
 -3.8000000000000003e+00   7.6995725754433377e-04  -1.4539391741711220e-03   9.9011199939662686e-03  -4.0338970939087427e-15
 -3.7500000000000004e+00   7.8837443834764236e-04  -1.4851857079639472e-03   1.0113898926171578e-02  -5.8926241502121657e-15
 -3.7000000000000002e+00   8.0593070652966383e-04  -1.5142927849294565e-03   1.0312145678096503e-02  -9.0206107466975738e-15
 -3.6500000000000004e+00   8.2431536307811331e-04  -1.5448475401485416e-03   1.0520313461836683e-02  -1.4158309856364286e-14
 -3.6000000000000005e+00   8.4253284666448212e-04  -1.5747338090711309e-03   1.0724003395408948e-02  -2.2181590385531831e-14
 -3.5500000000000003e+00   8.6114884578520289e-04  -1.6051346571593719e-03   1.0931272432544773e-02  -3.4590719195425027e-14
 -3.5000000000000004e+00   8.7982697535021520e-04  -1.6353244094484954e-03   1.1137183088099217e-02  -5.3681216013248187e-14
 -3.4500000000000002e+00   8.9875480724158942e-04  -1.6656792358556167e-03   1.1344310862936953e-02  -8.2825286983298005e-14
 -3.4000000000000004e+00   9.1781991511749356e-04  -1.6959363058358036e-03   1.1550890936025225e-02  -1.2691582690914317e-13
 -3.3500000000000005e+00   9.3708583204026984e-04  -1.7262001737515091e-03   1.1757670337553983e-02  -1.9287477672189390e-13
 -3.3000000000000003e+00   9.5651692295128943e-04  -1.7563612768894167e-03   1.1963948363530517e-02  -2.9015933582568326e-13
 -3.2500000000000004e+00   9.7613724837853234e-04  -1.7864318948855333e-03   1.2169866176140449e-02  -4.3102106542896483e-13
 -3.2000000000000002e+00   9.9593872138963382e-04  -1.8163518311989689e-03   1.2375087069037774e-02  -6.2994437673996133e-13
 -3.1500000000000004e+00   1.0159341340622524e-03  -1.8461002592867406e-03   1.2579562940540743e-02  -9.0102703607933331e-13
 -3.1000000000000005e+00   1.0361265448180536e-03  -1.8756305875560248e-03   1.2783096940932503e-02  -1.2507520460020669e-12
 -3.0500000000000003e+00   1.0565270132802762e-03  -1.9049073624864135e-03   1.2985602475702629e-02  -1.6610776713798044e-12
 -3.0000000000000000e+00   1.0771444974338005e-03  -1.9338840546039699e-03   1.3186961656222235e-02  -2.0529849411253945e-12
 -2.9500000000000002e+00   1.0979919426393799e-03  -1.9625146853978473e-03   1.3387117029488700e-02  -2.2116620827288084e-12
 -2.9000000000000004e+00   1.1190832068479067e-03  -1.9907455332372065e-03   1.3586031468614458e-02  -1.6378996248416514e-12
 -2.8500000000000005e+00   1.1404355118545171e-03  -2.0185178462353349e-03   1.3783727647319742e-02   7.4023909689427079e-13
 -2.8000000000000003e+00   1.1620689895623067e-03  -2.0457636437279411e-03   1.3980285645990161e-02   7.1170656225338898e-12
 -2.7500000000000000e+00   1.1840082414404077e-03  -2.0724048543554747e-03   1.4175869430480796e-02   2.1842729462928794e-11
 -2.7000000000000002e+00   1.2062831920832482e-03  -2.0983496587125639e-03   1.4370742992631667e-02   5.3344941064924620e-11
 -2.6500000000000004e+00   1.2289310271071466e-03  -2.1234891352970228e-03   1.4565301869481030e-02   1.1766991879215805e-10
 -2.6000000000000005e+00   1.2519984565186203e-03  -2.1476918816971465e-03   1.4760109068197703e-02   2.4495701493207114e-10
 -2.5500000000000003e+00   1.2755449016008673e-03  -2.1707976569690151e-03   1.4955943977045971e-02   4.9120023314636738e-10
 -2.5000000000000000e+00   1.2996461712365794e-03  -2.1926096826671280e-03   1.5153858013148249e-02   9.5949284692555313e-10
 -2.4500000000000002e+00   1.3243986615888220e-03  -2.2128863303394293e-03   1.5355237549609022e-02   1.8382113778249027e-09
 -2.4000000000000004e+00   1.3499241525915659e-03  -2.2313316535043548e-03   1.5561875329807923e-02   3.4693464667048417e-09
 -2.3500000000000005e+00   1.3763759239686490e-03  -2.2475835472201195e-03   1.5776061096769076e-02   6.4703107714830344e-09
 -2.3000000000000003e+00   1.4039468514765714e-03  -2.2611980623271260e-03   1.6000701579963385e-02   1.1950335244353521e-08
 -2.2500000000000000e+00   1.4328792365131996e-03  -2.2716305534009607e-03   1.6239467459754311e-02   2.1893749959663348e-08
 -2.2000000000000002e+00   1.4634744831838883e-03  -2.2782176636402126e-03   1.6496942289397559e-02   3.9837076680164954e-08
 -2.1500000000000004e+00   1.4960997039411509e-03  -2.2801663669708206e-03   1.6778735164904149e-02   7.2062511454132242e-08
 -2.1000000000000001e+00   1.5311881665841845e-03  -2.2765564890653463e-03   1.7091519464694990e-02   1.2969786512755126e-07
 -2.0500000000000003e+00   1.5692286404405617e-03  -2.2663668191109780e-03   1.7442938454602243e-02   2.3240659323082522e-07
 -2.0000000000000004e+00   1.6107312510945497e-03  -2.2485500792320200e-03   1.7841220375281304e-02   4.1486715853256971e-07
 -1.9500000000000002e+00   1.6561471873182234e-03  -2.2222024914130578e-03   1.8294213740794572e-02   7.3814981525055631e-07
 -1.9000000000000004e+00   1.7057229592717187e-03  -2.1868641696144481e-03   1.8807630276124289e-02   1.3097093811497378e-06
 -1.8500000000000001e+00   1.7593035631055650e-03  -2.1429111587489783e-03   1.9382819228959843e-02   2.3185864053773865e-06
 -1.8000000000000003e+00   1.8161326972824126e-03  -2.0919210239078237e-03   2.0014978657563146e-02   4.0975816845906289e-06
 -1.7500000000000000e+00   1.8746106274471659e-03  -2.0370632565221971e-03   2.0691623483904766e-02   7.2335774504818608e-06
 -1.7000000000000002e+00   1.9316162115738309e-03  -1.9842744744442411e-03   2.1386349663244177e-02   1.2764526580164176e-05
 -1.6500000000000004e+00   1.9804883573666578e-03  -1.9459600181186739e-03   2.2036165500251594e-02   2.2534199054027653e-05
 -1.6000000000000001e+00   2.0067897582113328e-03  -1.9486986482224592e-03   2.2492248039401114e-02   3.9838287859379427e-05
 -1.5500000000000003e+00   1.9825481497451093e-03  -2.0427653607731407e-03   2.2459208315226294e-02   7.0618820793209882e-05
 -1.5000000000000000e+00   1.8623080431634687e-03  -2.3052293884338864e-03   2.1481753094991989e-02   1.2571761570003129e-04
 -1.4500000000000002e+00   1.5830729503414488e-03  -2.8298898901614787e-03   1.9033021057760453e-02   2.2525669916327579e-04
 -1.4000000000000004e+00   1.0557178169682744e-03  -3.7230891065356728e-03   1.4583675337474494e-02   4.0749921258043971e-04
 -1.3500000000000001e+00   1.0616431668405101e-04  -5.1682989070289407e-03   7.2012147991764664e-03   7.4726156568056710e-04
 -1.3000000000000003e+00  -1.6846880424915766e-03  -7.5974500813999557e-03  -5.6729207605754174e-03   1.3921949965991984e-03
 -1.2500000000000000e+00  -5.1965167407210635e-03  -1.1756082548413184e-02  -2.8881893211659151e-02   2.6167387186824482e-03
 -1.2000000000000002e+00  -1.1737955539543965e-02  -1.8054218040607316e-02  -6.5115463441911520e-02   4.8284369054192346e-03
 -1.1500000000000004e+00  -2.2247109415353090e-02  -2.4944607865265280e-02  -1.0283602428476905e-01   8.2890466729336008e-03
 -1.1000000000000001e+00  -3.5554449858702049e-02  -2.8231245241534943e-02  -1.1127356008916638e-01   1.2277948444626393e-02
 -1.0500000000000003e+00  -4.6825931276982244e-02  -2.4508142117056788e-02  -6.9641634480826275e-02   1.4491219013861065e-02
 -1.0000000000000000e+00  -4.9187416062303875e-02  -1.5768017217882003e-02  -7.1942470236269337e-04   1.3075748640495386e-02
 -9.5000000000000018e-01  -4.0710939053582168e-02  -7.0378998746803111e-03   6.2214180543856863e-02   9.5450916280565290e-03
 -9.0000000000000036e-01  -2.7650674529374544e-02  -9.3371346208862384e-04   1.0676704679410988e-01   6.4948745596553996e-03
 -8.5000000000000009e-01  -1.6291304409298879e-02   2.7549089661658794e-03   1.3317625923329734e-01   4.6065537570239932e-03
 -8.0000000000000027e-01  -7.8874292645701987e-03   4.8958957053977905e-03   1.4672965114859360e-01   3.3848811434207078e-03
 -7.5000000000000000e-01  -1.5394302727037691e-03   6.1141591555718654e-03   1.5232420201293001e-01   2.4857366655396248e-03
 -7.0000000000000018e-01   3.2877198900059853e-03   6.7685137429210757e-03   1.5298285594828448e-01   1.8368204715731354e-03
 -6.5000000000000036e-01   6.7947640009157250e-03   7.0662420150200090e-03   1.5042253219979729e-01   1.3856603549710317e-03
 -6.0000000000000009e-01   9.2368390415962960e-03   7.1328537404967956e-03   1.4568001559739488e-01   1.0594888046471097e-03
 -5.5000000000000027e-01   1.0869071550917594e-02   7.0470629871893752e-03   1.3944492140657125e-01   8.1226649925716140e-04
 -5.0000000000000000e-01   1.1848349473617797e-02   6.8609088142946592e-03   1.3221191524489156e-01   6.2519707187184948e-04
 -4.5000000000000018e-01   1.2264163058361350e-02   6.6110663846931303e-03   1.2435346839520398e-01   4.8641759384399980e-04
 -4.0000000000000036e-01   1.2189263530285172e-02   6.3244616821685889e-03   1.1615819765721992e-01   3.8420829811185321e-04
 -3.5000000000000009e-01   1.1694894459325183e-02   6.0211155062392220e-03   1.0785133340516881e-01   3.0862864588859779e-04
 -3.0000000000000027e-01   1.0853667047028994e-02   5.7157959822918330e-03   9.9606006737815764e-02   2.5176491755563648e-04
 -2.5000000000000000e-01   9.7434321520178217e-03   5.4190564274206382e-03   9.1550304907432420e-02   2.0670766924832517e-04
 -2.0000000000000018e-01   8.4449343263951811e-03   5.1379631732867918e-03   8.3772612580190711e-02   1.6745685958705653e-04
 -1.5000000000000036e-01   7.0300289704728052e-03   4.8767379037242594e-03   7.6326516436069969e-02   1.2949013595452361e-04
 -1.0000000000000053e-01   5.5466659297264452e-03   4.6373907895645257e-03   6.9235353602052963e-02   8.9958951797651594e-05
 -4.9999999999999822e-02   4.0083446235209819e-03   4.4203459032480510e-03   6.2496834490259570e-02   4.7221285515620451e-05
  0.0000000000000000e+00   2.3905210984221095e-03   4.2251521335441734e-03   5.6090543475396146e-02   0.0000000000000000e+00
