# Columns: x, rho, u, p, lamdatime_step 2000
# time   1.0000000000000000e+01
 -4.0750000000000002e+00   6.8649330379980784e-04  -1.3040080805180830e-03   8.8801698101147238e-03  -1.6370460464720393e-15
 -4.0499999999999998e+00   6.8649330379980784e-04  -1.3040080805180830e-03   8.8801698101147238e-03  -1.6370460464720393e-15
 -4.0250000000000004e+00   6.8649330379980784e-04  -1.3040080805180830e-03   8.8801698101147238e-03  -1.6370460464720393e-15
 -4.0000000000000000e+00   6.8649330379980784e-04  -1.3040080805180830e-03   8.8801698101147238e-03  -1.6370460464720393e-15
 -3.9750000000000001e+00   6.9798879214018664e-04  -1.3241124333047620e-03   9.0170703038438896e-03  -1.7613730864035767e-15
 -3.9500000000000002e+00   7.0441167075614524e-04  -1.3345671746716747e-03   9.0882623602667086e-03  -1.8919890568034654e-15
 -3.9250000000000003e+00   7.1374985391101759e-04  -1.3509120500303524e-03   9.1995635852558603e-03  -2.0644238245701700e-15
 -3.9000000000000004e+00   7.2157942203398206e-04  -1.3639588273458851e-03   9.2884068291527889e-03  -2.2888965198643443e-15
 -3.8750000000000000e+00   7.3037775328240156e-04  -1.3790205771308059e-03   9.3909711681570193e-03  -2.5786086019142118e-15
 -3.8500000000000001e+00   7.3870566281434734e-04  -1.3930083519531023e-03   9.4862220534393717e-03  -2.9542122407250625e-15
 -3.8250000000000002e+00   7.4740250451252679e-04  -1.4077105724260399e-03   9.5863370045470402e-03  -3.4412889938482534e-15
 -3.8000000000000003e+00   7.5597600667223850e-04  -1.4220852725914895e-03   9.6842200802015350e-03  -4.0733229401003975e-15
 -3.7750000000000004e+00   7.6471055037633494e-04  -1.4367327837102924e-03   9.7839593299681085e-03  -4.8939690747306911e-15
 -3.7500000000000000e+00   7.7343932313348688e-04  -1.4513001872121002e-03   9.8831537490940771e-03  -5.9601556202565070e-15
 -3.7250000000000001e+00   7.8225751179677061e-04  -1.4659872465973408e-03   9.9831690585171166e-03  -7.3460672709483997e-15
 -3.7000000000000002e+00   7.9110865680004025e-04  -1.4806726024837328e-03   1.0083187247436202e-02  -9.1456363956420917e-15
 -3.6750000000000003e+00   8.0002440450961903e-04  -1.4954210002214371e-03   1.0183657363765208e-02  -1.1463833660241788e-14
 -3.6500000000000004e+00   8.0898521209134375e-04  -1.5101895365848869e-03   1.0284289989315557e-02  -1.4383967511138293e-14
 -3.6250000000000000e+00   8.1800103279464325e-04  -1.5249983215136051e-03   1.0385218998234851e-02  -1.8025259412016846e-14
 -3.6000000000000001e+00   8.2706465118703796e-04  -1.5398311644439294e-03   1.0486329676134751e-02  -2.2569688568027860e-14
 -3.5750000000000002e+00   8.3617895374636891e-04  -1.5546927742048297e-03   1.0587651363937786e-02  -2.8232062093522030e-14
 -3.5500000000000003e+00   8.4534120017609531e-04  -1.5695753895537761e-03   1.0689131029667599e-02  -3.5277544300988884e-14
 -3.5250000000000004e+00   8.5455214103418765e-04  -1.5844781456355198e-03   1.0790764561883081e-02  -4.4031314014956266e-14
 -3.5000000000000000e+00   8.6381068423081861e-04  -1.5993959348666682e-03   1.0892520015166926e-02  -5.4889929322846015e-14
 -3.4750000000000001e+00   8.7311694574990629e-04  -1.6143259543156805e-03   1.0994381569739283e-02  -6.8335744161290701e-14
 -3.4500000000000002e+00   8.8247045604088203e-04  -1.6292639557439123e-03   1.1096323751890368e-02  -8.4953346895079862e-14
 -3.4250000000000003e+00   8.9187119156346249e-04  -1.6442064335593764e-03   1.1198326333727351e-02  -1.0544750061425735e-13
 -3.4000000000000004e+00   9.0131897660277718e-04  -1.6591493500057171e-03   1.1300365774102962e-02  -1.3066341581996600e-13
 -3.3750000000000000e+00   9.1081383312946657e-04  -1.6740888614018023e-03   1.1402420313254460e-02  -1.6160811376550215e-13
 -3.3500000000000001e+00   9.2035578093351835e-04  -1.6890208831583978e-03   1.1504467157083226e-02  -1.9947285243488910e-13
 -3.3250000000000002e+00   9.2994495497937958e-04  -1.7039413308207051e-03   1.1606484232514029e-02  -2.4565392061718116e-13
 -3.3000000000000003e+00   9.3958153707597342e-04  -1.7188459721668014e-03   1.1708449273136561e-02  -3.0176997027505672e-13
 -3.2750000000000004e+00   9.4926579417007456e-04  -1.7337305065186330e-03   1.1810340443390474e-02  -3.6967136345651574e-13
 -3.2500000000000000e+00   9.5899805492412804e-04  -1.7485905115619119e-03   1.1912136077394291e-02  -4.5143618893744024e-13
 -3.2250000000000001e+00   9.6877872293945570e-04  -1.7634214647616745e-03   1.2013814948366751e-02  -5.4934272460730572e-13
 -3.2000000000000002e+00   9.7860826979750612e-04  -1.7782187189017192e-03   1.2115356250264737e-02  -6.6580603583383489e-13
 -3.1750000000000003e+00   9.8848724098144370e-04  -1.7929775013787526e-03   1.2216739767450394e-02  -8.0325908588083003e-13
 -3.1500000000000004e+00   9.9841625547242752e-04  -1.8076928970471753e-03   1.2317945955728056e-02  -9.6395152641093548e-13
 -3.1250000000000000e+00   1.0083960101265892e-03  -1.8223598380107736e-03   1.2418956094462256e-02  -1.1496267324984677e-12
 -3.1000000000000001e+00   1.0184272825741675e-03  -1.8369730864559505e-03   1.2519752419535955e-02  -1.3610237582670817e-12
 -3.0750000000000002e+00   1.0285109364541814e-03  -1.8515272182759834e-03   1.2620318291909575e-02  -1.5971269291665688e-12
 -3.0499999999999998e+00   1.0386479271109279e-03  -1.8660166022822450e-03   1.2720638374665394e-02  -1.8540590378837332e-12
 -3.0250000000000004e+00   1.0488393091894030e-03  -1.8804353773635572e-03   1.2820698839104519e-02  -2.1234700982442822e-12
 -3.0000000000000000e+00   1.0590862455652213e-03  -1.8947774256997567e-03   1.2920487591644761e-02  -2.3902207331523241e-12
 -2.9750000000000001e+00   1.0693900183003347e-03  -1.9090363424030398e-03   1.3019994531342449e-02  -2.6290826490110743e-12
 -2.9500000000000002e+00   1.0797520416159772e-03  -1.9232054006178977e-03   1.3119211837791338e-02  -2.8000758897127909e-12
 -2.9249999999999998e+00   1.0901738772807889e-03  -1.9372775118811213e-03   1.3218134294988158e-02  -2.8419227439564836e-12
 -2.9000000000000004e+00   1.1006572526873193e-03  -1.9512451808595328e-03   1.3316759654958059e-02  -2.6629114704863840e-12
 -2.8750000000000000e+00   1.1112040820346226e-03  -1.9651004538600936e-03   1.3415089046996785e-02  -2.1282055270957353e-12
 -2.8500000000000001e+00   1.1218164909970107e-03  -1.9788348602467697e-03   1.3513127437833540e-02  -1.0422919285749586e-12
 -2.8250000000000002e+00   1.1324968453503704e-03  -1.9924393459224664e-03   1.3610884149320697e-02   8.7520055912573274e-13
 -2.7999999999999998e+00   1.1432477840499576e-03  -2.0059041978783511e-03   1.3708373440556833e-02   4.0227078089682408e-12
 -2.7750000000000004e+00   1.1540722573232004e-03  -2.0192189587481891e-03   1.3805615162345632e-02   8.9621897937878280e-12
 -2.7500000000000000e+00   1.1649735704013307e-03  -2.0323723301509679e-03   1.3902635492736721e-02   1.6481197361155651e-11
 -2.7250000000000001e+00   1.1759554335788367e-03  -2.0453520635123645e-03   1.3999467763327554e-02   2.7677404198482827e-11
 -2.7000000000000002e+00   1.1870220193623852e-03  -2.0581448368985015e-03   1.4096153387040787e-02   4.4073477750226488e-11
 -2.6749999999999998e+00   1.1981780275214550e-03  -2.0707361163315695e-03   1.4192742898824256e-02   6.7772858529204395e-11
 -2.6500000000000004e+00   1.2094287589227044e-03  -2.0831099999114554e-03   1.4289297121739626e-02   1.0167061702000840e-10
 -2.6250000000000000e+00   1.2207801990944509e-03  -2.0952490429750241e-03   1.4385888471863393e-02   1.4973836701136167e-10
 -2.6000000000000001e+00   1.2322391125098985e-03  -2.1071340624550746e-03   1.4482602416093627e-02   2.1740862433902614e-10
 -2.5750000000000002e+00   1.2438131486328845e-03  -2.1187439185146304e-03   1.4579539097840297e-02   3.1209254570307009e-10
 -2.5499999999999998e+00   1.2555109607686977e-03  -2.1300552715799899e-03   1.4676815145702819e-02   4.4387636172823304e-10
 -2.5250000000000004e+00   1.2673423387475169e-03  -2.1410423129510142e-03   1.4774565680227739e-02   6.2645695808035640e-10
 -2.5000000000000000e+00   1.2793183564113594e-03  -2.1516764673365119e-03   1.4872946533315598e-02   8.7839719543552166e-10
 -2.4750000000000001e+00   1.2914515347260654e-03  -2.1619260660206423e-03   1.4972136693105592e-02   1.2248083153624075e-09
 -2.4500000000000002e+00   1.3037560211328245e-03  -2.1717559898383415e-03   1.5072340984749457e-02   1.6996023149566916e-09
 -2.4249999999999998e+00   1.3162477854122810e-03  -2.1811272819164994e-03   1.5173792993339085e-02   2.3485043466007816e-09
 -2.4000000000000004e+00   1.3289448318388596e-03  -2.1899967312143131e-03   1.5276758229164217e-02   3.2330777814169875e-09
 -2.3750000000000000e+00   1.3418674267000625e-03  -2.1983164294282248e-03   1.5381537526762848e-02   4.4360975709002514e-09
 -2.3500000000000001e+00   1.3550383392823733e-03  -2.2060333059047981e-03   1.5488470657104778e-02   6.0687175588488950e-09
 -2.3250000000000002e+00   1.3684830931199802e-03  -2.2130886479751173e-03   1.5597940115978494e-02   8.2800231899718689e-09
 -2.2999999999999998e+00   1.3822302225488842e-03  -2.2194176178159807e-03   1.5710375029771597e-02   1.1269754208215467e-08
 -2.2750000000000004e+00   1.3963115273125013e-03  -2.2249487817314617e-03   1.5826255091255303e-02   1.5305237768061442e-08
 -2.2500000000000000e+00   1.4107623149714518e-03  -2.2296036739576116e-03   1.5946114400844005e-02   2.0743911197071217e-08
 -2.2250000000000001e+00   1.4256216170225550e-03  -2.2332964249991735e-03   1.6070545041315148e-02   2.8063262341259068e-08
 -2.2000000000000002e+00   1.4409323597184239e-03  -2.2359334945409731e-03   1.6200200153722810e-02   3.7900609674077152e-08
 -2.1749999999999998e+00   1.4567414643649791e-03  -2.2374135615440267e-03   1.6335796206683850e-02   5.1105931485461266e-08
 -2.1500000000000004e+00   1.4730998440657958e-03  -2.2376276397971825e-03   1.6478114057233987e-02   6.8811996407120715e-08
 -2.1250000000000000e+00   1.4900622541501928e-03  -2.2364595064948167e-03   1.6627998285783673e-02   9.2527429960756279e-08
 -2.1000000000000001e+00   1.5076869414623209e-03  -2.2337865550528624e-03   1.6786354146498997e-02   1.2426018529581256e-07
 -2.0750000000000002e+00   1.5260350228210112e-03  -2.2294812121072386e-03   1.6954141303414150e-02   1.6668131974901067e-07
 -2.0500000000000003e+00   1.5451695046942709e-03  -2.2234130933784630e-03   1.7132363316777931e-02   2.2334221162123666e-07
 -2.0249999999999999e+00   1.5651538337248913e-03  -2.2154521149069157e-03   1.7322051597602188e-02   2.9896265101909737e-07
 -2.0000000000000000e+00   1.5860498402514938e-03  -2.2054728263802884e-03   1.7524242253960768e-02   3.9981296449679169e-07
 -1.9750000000000001e+00   1.6079149031614198e-03  -2.1933602935202247e-03   1.7739943901282852e-02   5.3422097113923089e-07
 -1.9500000000000002e+00   1.6307981226415039e-03  -2.1790179288893622e-03   1.7970094088889964e-02   7.1324477546502226e-07
 -1.9250000000000003e+00   1.6547352354059047e-03  -2.1623777578516938e-03   1.8215501490225685e-02   9.5156607478431078e-07
 -1.8999999999999999e+00   1.6797419416454311e-03  -2.1434137126435430e-03   1.8476770392090471e-02   1.2686770176957365e-06
 -1.8750000000000000e+00   1.7058052299297785e-03  -2.1221586778133786e-03   1.8754203267725107e-02   1.6904583739560463e-06
 -1.8500000000000001e+00   1.7328721796869243e-03  -2.0987261715390889e-03   1.9047676288494821e-02   2.2512801788010042e-06
 -1.8250000000000002e+00   1.7608355826889959e-03  -2.0733377482906106e-03   1.9356481466032457e-02   2.9968013081228980e-06
 -1.8000000000000003e+00   1.7895155443732706e-03  -2.0463574600329357e-03   1.9679127653294104e-02   3.9877061051257001e-06
 -1.7749999999999999e+00   1.8186359879926658e-03  -2.0183350297401505e-03   2.0013090781863755e-02   5.3047005026303438e-06
 -1.7500000000000000e+00   1.8477946690286444e-03  -1.9900597903369276e-03   2.0354501361717504e-02   7.0552059479665394e-06
 -1.7250000000000001e+00   1.8764248861307610e-03  -1.9626279455958718e-03   2.0697754284065867e-02   9.3823494548432916e-06
 -1.7000000000000002e+00   1.9037465116876421e-03  -1.9375263377840075e-03   2.1035022217739785e-02   1.2477070307767671e-05
 -1.6749999999999998e+00   1.9287032142903803e-03  -1.9167366723832056e-03   2.1355649303560053e-02   1.6594474238556967e-05
 -1.6499999999999999e+00   1.9498817477949060e-03  -1.9028650507482831e-03   2.1645396461945739e-02   2.2076001696998296e-05
 -1.6250000000000000e+00   1.9654078499292452e-03  -1.8993026887859830e-03   2.1885503517337247e-02   2.9379592388664819e-05
 -1.6000000000000001e+00   1.9728114775884402e-03  -1.9104248730602903e-03   2.2051526404876391e-02   3.9120902356682524e-05
 -1.5750000000000002e+00   1.9688515474625377e-03  -1.9418366091013080e-03   2.2111899407186334e-02   5.2129877018520458e-05
 -1.5499999999999998e+00   1.9492866567186727e-03  -2.0006751535053997e-03   2.2026161954222887e-02   6.9528769410932267e-05
 -1.5249999999999999e+00   1.9085729448285898e-03  -2.0959815713589413e-03   2.1742777782023947e-02   9.2840254936849055e-05
 -1.5000000000000000e+00   1.8394628386464967e-03  -2.2391548546657459e-03   2.1196466433061285e-02   1.2413796597228208e-04
 -1.4750000000000001e+00   1.7324683441894532e-03  -2.4445013327374560e-03   2.0304974587817316e-02   1.6625700345524253e-04
 -1.4500000000000002e+00   1.5751386081366751e-03  -2.7298871976868836e-03   1.8965250773129331e-02   2.2308934409781528e-04
 -1.4249999999999998e+00   1.3510807556618416e-03  -3.1174920179754635e-03   1.7049057157911694e-02   2.9999914426986722e-04
 -1.3999999999999999e+00   1.0386207944036742e-03  -3.6346448668524763e-03   1.4398160722110391e-02   4.0440604732558112e-04
 -1.3750000000000000e+00   6.0895511061397750e-04  -4.3146908180874783e-03   1.0819462027548878e-02   5.4659983710877579e-04
 -1.3500000000000001e+00   2.3591858895408278e-05  -5.1977436125572657e-03   6.0810136549092567e-03   7.4086270798506175e-04
 -1.3250000000000002e+00  -7.6914657334006180e-04  -6.3309527347670388e-03  -8.8609830474138302e-05   1.0069722484868241e-03
 -1.2999999999999998e+00  -1.8387556400727926e-03  -7.7674767184136807e-03  -7.9922066415248159e-03   1.3721021688848200e-03
 -1.2749999999999999e+00  -3.2783705215755133e-03  -9.5627131513280738e-03  -1.7937571360118594e-02   1.8729396990999291e-03
 -1.2500000000000000e+00  -5.2113877860126443e-03  -1.1765489884056964e-02  -3.0178381553708580e-02   2.5573048304254027e-03
 -1.2250000000000001e+00  -7.7968972632888158e-03  -1.4400480940183945e-02  -4.4799727303347359e-02   3.4833389084860627e-03
 -1.2000000000000002e+00  -1.1227125529270297e-02  -1.7435475024263944e-02  -6.1508243095176211e-02   4.7120422182847137e-03
 -1.1749999999999998e+00  -1.5700089315827198e-02  -2.0725853515343149e-02  -7.9272748933768150e-02   6.2859510981797340e-03
 -1.1499999999999999e+00  -2.1339671141378136e-02  -2.3940926985386125e-02  -9.5835252979405289e-02   8.1863957410178920e-03
 -1.1250000000000000e+00  -2.8042845125827623e-02  -2.6519414359427319e-02  -1.0741213729496403e-01   1.0272962421403374e-02
 -1.1000000000000001e+00  -3.5289973053075775e-02  -2.7754855437046685e-02  -1.0931531279608708e-01   1.2240723381632145e-02
 -1.0750000000000002e+00  -4.2057267988349967e-02  -2.7078184019946435e-02  -9.7984957836082506e-02   1.3666713573254084e-02
 -1.0499999999999998e+00  -4.7023784848091651e-02  -2.4408275923505921e-02  -7.3408312473026385e-02   1.4188434533794840e-02
 -1.0249999999999999e+00  -4.9106459950961946e-02  -2.0263772680206151e-02  -3.9634655034899942e-02   1.3718207943318792e-02
 -1.0000000000000000e+00  -4.8002599726909699e-02  -1.5493076592043320e-02  -2.6414361501917996e-03   1.2493062589687749e-02
 -9.7500000000000009e-01  -4.4278993831529376e-02  -1.0860358207076280e-02   3.2432364583142796e-02   1.0903064006691490e-02
 -9.5000000000000018e-01  -3.8950611522708824e-02  -6.8133220395708901e-03   6.2642865075677859e-02   9.2773044854139227e-03
 -9.2499999999999982e-01  -3.2971572796957165e-02  -3.4972599846391623e-03   8.7076344557282540e-02   7.7974399104279576e-03
 -8.9999999999999991e-01  -2.6994063616330635e-02  -8.7715732145574911e-04   1.0605209445908816e-01   6.5273122874548398e-03
 -8.7500000000000000e-01  -2.1379748567259819e-02   1.1536510964977253e-03   1.2039222277884504e-01   5.4688887833792806e-03
 -8.5000000000000009e-01  -1.6293915894729623e-02   2.7125454385405908e-03   1.3098990857029447e-01   4.5989051803686440e-03
 -8.2500000000000018e-01  -1.1786302630260020e-02   3.9028162062323610e-03   1.3862816574355991e-01   3.8867373426155856e-03
 -7.9999999999999982e-01  -7.8444175257973234e-03   4.8074912142863297e-03   1.4393614299421656e-01   3.3027056842933377e-03
 -7.7499999999999991e-01  -4.4266280107427489e-03   5.4906851613701268e-03   1.4740134522197551e-01   2.8213812016054211e-03
 -7.5000000000000000e-01  -1.4808706668668267e-03   6.0011358938413147e-03   1.4939720181197841e-01   2.4221416366355308e-03
 -7.2500000000000009e-01   1.0460212268176994e-03   6.3757915122081444e-03   1.5021025161666249e-01   2.0886302892250764e-03
 -7.0000000000000018e-01   3.2040549467205314e-03   6.6427874235634671e-03   1.5006239068925015e-01   1.8080029161518798e-03
 -6.7499999999999982e-01   5.0382928172907817e-03   6.8237337683061602e-03   1.4912779469312934e-01   1.5702210593794882e-03
 -6.4999999999999991e-01   6.5883358355757994e-03   6.9354145947247408e-03   1.4754537678661414e-01   1.3674403640875315e-03
 -6.2500000000000000e-01   7.8884406864345533e-03   6.9910310667800441e-03   1.4542782374518248e-01   1.1935143585342397e-03
 -6.0000000000000009e-01   8.9678853564276566e-03   7.0011061438619787e-03   1.4286810832016877e-01   1.0436112355712047e-03
 -5.7500000000000018e-01   9.8513976313286192e-03   6.9741431297979965e-03   1.3994417248812324e-01   9.1392059636897615e-04
 -5.4999999999999982e-01   1.0559591808770795e-02   6.9171066294947481e-03   1.3672229576524830e-01   8.0142566973261001e-04
 -5.2499999999999991e-01   1.1109414107991470e-02   6.8357752842404477e-03   1.3325952157628942e-01   7.0372331426349734e-04
 -5.0000000000000000e-01   1.1514615704446441e-02   6.7350014519527235e-03   1.2960541002450940e-01   6.1887912641670059e-04
 -4.7500000000000009e-01   1.1786276774367938e-02   6.6189028311616311e-03   1.2580330989161032e-01   5.4530835920622921e-04
 -4.5000000000000018e-01   1.1933396684105103e-02   6.4910038751874689e-03   1.2189128872026157e-01   4.8167683304463669e-04
 -4.2499999999999982e-01   1.1963545676747967e-02   6.3543398958886953e-03   1.1790282118069136e-01   4.2681924253002866e-04
 -3.9999999999999991e-01   1.1883548302712434e-02   6.2115333898966089e-03   1.1386730802116286e-01   3.7967448146525692e-04
 -3.7500000000000000e-01   1.1700145367007232e-02   6.0648498475905704e-03   1.0981047754897678e-01   3.3923866226726361e-04
 -3.5000000000000009e-01   1.1420565238685907e-02   5.9162387538738374e-03   1.0575470659826895e-01   3.0453648669907416e-04
 -3.2500000000000018e-01   1.1052931875910187e-02   5.7673643809782998e-03   1.0171928684775279e-01   2.7461065401990583e-04
 -2.9999999999999982e-01   1.0606448786213871e-02   5.6196301037449332e-03   9.7720654192917214e-02   2.4852733220932452e-04
 -2.7499999999999991e-01   1.0091324972461910e-02   5.4741992003735692e-03   9.3772593016008668e-02   2.2539382175876241e-04
 -2.5000000000000000e-01   9.5184465297057270e-03   5.3320143589584744e-03   8.9886423134314025e-02   2.0438295047681934e-04
 -2.2500000000000009e-01   8.8988387167749459e-03   5.1938173688931017e-03   8.6071174524450858e-02   1.8475793000607261e-04
 -2.0000000000000018e-01   8.2429993909664805e-03   5.0601697667622195e-03   8.2333753453637984e-02   1.6589167178096941e-04
 -1.7499999999999982e-01   7.5602076935762973e-03   4.9314745794857518e-03   7.8679103134720346e-02   1.4727592798881753e-04
 -1.4999999999999991e-01   6.8579164523148856e-03   4.8079987776835052e-03   7.5110361321255675e-02   1.2851783904059742e-04
 -1.2500000000000000e-01   6.1413219491676923e-03   4.6898956841722557e-03   7.1629016513119939e-02   1.0932406753281911e-04
 -1.0000000000000009e-01   5.4131744536438878e-03   4.5772265644316691e-03   6.8235066938119524e-02   8.9475128420161976e-05
 -7.5000000000000178e-02   4.6738530577275957e-03   4.4699807198112342e-03   6.4927187474410106e-02   6.8794282524905169e-05
 -4.9999999999999822e-02   3.9216838900647671e-03   4.3680929932838541e-03   6.1702896936651111e-02   4.7116035837719369e-05
 -2.5000000000000355e-02   3.1534411114671323e-03   4.2714581372264113e-03   5.8558721358459159e-02   2.4258414877387440e-05
  0.0000000000000000e+00   2.3649433878492423e-03   4.1799445348873546e-03   5.5490394960565848e-02   0.0000000000000000e+00
