# ZND solution.
# Columns are: spatial coordinate; specific volume; density;
# flow velocity in lab frame; pressure; reaction progress variable.
 -1.5074999999999999e+01   5.5721746169784858e-01   1.7946314836455186e+00   3.0151164610293830e+00   2.1531359046879963e+01   9.9999999999900002e-01
 -1.5049999999999999e+01   5.5721746169784858e-01   1.7946314836455186e+00   3.0151164610293830e+00   2.1531359046879963e+01   9.9999999999900002e-01
 -1.5024999999999999e+01   5.5721746169784858e-01   1.7946314836455186e+00   3.0151164610293830e+00   2.1531359046879963e+01   9.9999999999900002e-01
 -1.5000000000000000e+01   5.5721746169784858e-01   1.7946314836455186e+00   3.0151164610293830e+00   2.1531359046879963e+01   9.9999999999900002e-01
 -1.4975000000000000e+01   5.5721746169784858e-01   1.7946314836455186e+00   3.0151164610293830e+00   2.1531359046879963e+01   9.9999999999900002e-01
 -1.4949999999999999e+01   5.5721746169784858e-01   1.7946314836455186e+00   3.0151164610293830e+00   2.1531359046879963e+01   9.9999999999900002e-01
 -1.4924999999999999e+01   5.5721746169784858e-01   1.7946314836455186e+00   3.0151164610293830e+00   2.1531359046879963e+01   9.9999999999900002e-01
 -1.4899999999999999e+01   5.5721746169784858e-01   1.7946314836455186e+00   3.0151164610293830e+00   2.1531359046879963e+01   9.9999999999900002e-01
 -1.4875000000000000e+01   5.5721746169784858e-01   1.7946314836455186e+00   3.0151164610293830e+00   2.1531359046879963e+01   9.9999999999900002e-01
 -1.4850000000000000e+01   5.5721745647388810e-01   1.7946315004703397e+00   3.0151164966018094e+00   2.1531359289109499e+01   9.9999999999897615e-01
 -1.4824999999999999e+01   5.5721744579106514e-01   1.7946315348765320e+00   3.0151165693462212e+00   2.1531359784460726e+01   9.9999999999892664e-01
 -1.4799999999999999e+01   5.5721743487407815e-01   1.7946315700368982e+00   3.0151166436851673e+00   2.1531360290669891e+01   9.9999999999887490e-01
 -1.4774999999999999e+01   5.5721742359549653e-01   1.7946316063618548e+00   3.0151167204863825e+00   2.1531360813645819e+01   9.9999999999882050e-01
 -1.4750000000000000e+01   5.5721741215516696e-01   1.7946316432077547e+00   3.0151167983890166e+00   2.1531361344121830e+01   9.9999999999876354e-01
 -1.4725000000000000e+01   5.5721740049570556e-01   1.7946316807594147e+00   3.0151168777838233e+00   2.1531361884758752e+01   9.9999999999870415e-01
 -1.4699999999999999e+01   5.5721738839814516e-01   1.7946317197220631e+00   3.0151169601618539e+00   2.1531362445709860e+01   9.9999999999864131e-01
 -1.4674999999999999e+01   5.5721737605561839e-01   1.7946317594736771e+00   3.0151170442079769e+00   2.1531363018019803e+01   9.9999999999857569e-01
 -1.4649999999999999e+01   5.5721736351674989e-01   1.7946317998576513e+00   3.0151171295910837e+00   2.1531363599433902e+01   9.9999999999850697e-01
 -1.4625000000000000e+01   5.5721735057702471e-01   1.7946318415326679e+00   3.0151172177038141e+00   2.1531364199435306e+01   9.9999999999843481e-01
 -1.4600000000000000e+01   5.5721733738543022e-01   1.7946318840188826e+00   3.0151173075316420e+00   2.1531364811115619e+01   9.9999999999835920e-01
 -1.4574999999999999e+01   5.5721732384039135e-01   1.7946319276434390e+00   3.0151173997662406e+00   2.1531365439184778e+01   9.9999999999828015e-01
 -1.4549999999999999e+01   5.5721730996606489e-01   1.7946319723285356e+00   3.0151174942431145e+00   2.1531366082522656e+01   9.9999999999819711e-01
 -1.4524999999999999e+01   5.5721729575665213e-01   1.7946320180928481e+00   3.0151175910017503e+00   2.1531366741398131e+01   9.9999999999810996e-01
 -1.4500000000000000e+01   5.5721728129038128e-01   1.7946320646844269e+00   3.0151176895094545e+00   2.1531367412183844e+01   9.9999999999801870e-01
 -1.4475000000000000e+01   5.5721726636861246e-01   1.7946321127430322e+00   3.0151177911188607e+00   2.1531368104090518e+01   9.9999999999792311e-01
 -1.4449999999999999e+01   5.5721725118081966e-01   1.7946321616584251e+00   3.0151178945397503e+00   2.1531368808332441e+01   9.9999999999782285e-01
 -1.4424999999999999e+01   5.5721723561627523e-01   1.7946322117872262e+00   3.0151180005261211e+00   2.1531369530043943e+01   9.9999999999771783e-01
 -1.4399999999999999e+01   5.5721721962516491e-01   1.7946322632898730e+00   3.0151181094171808e+00   2.1531370271534854e+01   9.9999999999760758e-01
 -1.4375000000000000e+01   5.5721720328582736e-01   1.7946323159140602e+00   3.0151182206794855e+00   2.1531371029172693e+01   9.9999999999749212e-01
 -1.4350000000000000e+01   5.5721718659803077e-01   1.7946323696605342e+00   3.0151183343146131e+00   2.1531371802968213e+01   9.9999999999737110e-01
 -1.4324999999999999e+01   5.5721716946825806e-01   1.7946324248304864e+00   3.0151184509593656e+00   2.1531372597257697e+01   9.9999999999724420e-01
 -1.4299999999999999e+01   5.5721715190378673e-01   1.7946324814004782e+00   3.0151185705641876e+00   2.1531373411703697e+01   9.9999999999711120e-01
 -1.4274999999999999e+01   5.5721713397907879e-01   1.7946325391306899e+00   3.0151186926220315e+00   2.1531374242853488e+01   9.9999999999697164e-01
 -1.4250000000000000e+01   5.5721711556574949e-01   1.7946325984346112e+00   3.0151188180071302e+00   2.1531375096660138e+01   9.9999999999682543e-01
 -1.4225000000000000e+01   5.5721709678256237e-01   1.7946326589297397e+00   3.0151189459107663e+00   2.1531375967616700e+01   9.9999999999667222e-01
 -1.4199999999999999e+01   5.5721707748797811e-01   1.7946327210719324e+00   3.0151190772967484e+00   2.1531376862286212e+01   9.9999999999651146e-01
 -1.4174999999999999e+01   5.5721705779837516e-01   1.7946327844863690e+00   3.0151192113726002e+00   2.1531377775272325e+01   9.9999999999634315e-01
 -1.4149999999999999e+01   5.5721703760148744e-01   1.7946328495346255e+00   3.0151193489027945e+00   2.1531378711780693e+01   9.9999999999616662e-01
 -1.4125000000000000e+01   5.5721701689310732e-01   1.7946329162302541e+00   3.0151194899159837e+00   2.1531379672006427e+01   9.9999999999598144e-01
 -1.4100000000000000e+01   5.5721699570819960e-01   1.7946329844606439e+00   3.0151196341740754e+00   2.1531380654328242e+01   9.9999999999578737e-01
 -1.4074999999999999e+01   5.5721697400521852e-01   1.7946330543596014e+00   3.0151197819599744e+00   2.1531381660672572e+01   9.9999999999558398e-01
 -1.4049999999999999e+01   5.5721695181956998e-01   1.7946331258130956e+00   3.0151199330325853e+00   2.1531382689397685e+01   9.9999999999537081e-01
 -1.4024999999999999e+01   5.5721692907816522e-01   1.7946331990565241e+00   3.0151200878896041e+00   2.1531383743892626e+01   9.9999999999514722e-01
 -1.4000000000000000e+01   5.5721690583622840e-01   1.7946332739120265e+00   3.0151202461549831e+00   2.1531384821596710e+01   9.9999999999491307e-01
 -1.3975000000000000e+01   5.5721688202674857e-01   1.7946333505954259e+00   3.0151204082850320e+00   2.1531385925617162e+01   9.9999999999466738e-01
 -1.3949999999999999e+01   5.5721685760612927e-01   1.7946334292471344e+00   3.0151205745766196e+00   2.1531387057975511e+01   9.9999999999441003e-01
 -1.3924999999999999e+01   5.5721683263222010e-01   1.7946335096808357e+00   3.0151207446358206e+00   2.1531388215989324e+01   9.9999999999414002e-01
 -1.3899999999999999e+01   5.5721680709567745e-01   1.7946335919266234e+00   3.0151209185262600e+00   2.1531389400091857e+01   9.9999999999385725e-01
 -1.3875000000000000e+01   5.5721678089680082e-01   1.7946336763056041e+00   3.0151210969268454e+00   2.1531390614906122e+01   9.9999999999356071e-01
 -1.3850000000000000e+01   5.5721675411080485e-01   1.7946337625755342e+00   3.0151212793254056e+00   2.1531391856944488e+01   9.9999999999324984e-01
 -1.3824999999999999e+01   5.5721672667530953e-01   1.7946338509373221e+00   3.0151214661467147e+00   2.1531393129099452e+01   9.9999999999292399e-01
 -1.3799999999999999e+01   5.5721669856318168e-01   1.7946339414783565e+00   3.0151216575755364e+00   2.1531394432629156e+01   9.9999999999258238e-01
 -1.3774999999999999e+01   5.5721666980667883e-01   1.7946340340947458e+00   3.0151218533922126e+00   2.1531395766037846e+01   9.9999999999222422e-01
 -1.3750000000000000e+01   5.5721664036796870e-01   1.7946341289083376e+00   3.0151220538543626e+00   2.1531397131079771e+01   9.9999999999184896e-01
 -1.3725000000000000e+01   5.5721661020038371e-01   1.7946342260694357e+00   3.0151222592797673e+00   2.1531398529918853e+01   9.9999999999145539e-01
 -1.3699999999999999e+01   5.5721657932768964e-01   1.7946343255014976e+00   3.0151224695065943e+00   2.1531399961453097e+01   9.9999999999104283e-01
 -1.3674999999999999e+01   5.5721654772179829e-01   1.7946344272949883e+00   3.0151226847261094e+00   2.1531401426984925e+01   9.9999999999061040e-01
 -1.3649999999999999e+01   5.5721651532108818e-01   1.7946345316483738e+00   3.0151229053579232e+00   2.1531402929371662e+01   9.9999999999015698e-01
 -1.3625000000000000e+01   5.5721648224046794e-01   1.7946346381915672e+00   3.0151231306195672e+00   2.1531404463285114e+01   9.9999999998968203e-01
 -1.3600000000000000e+01   5.5721644826586914e-01   1.7946347476140223e+00   3.0151233619687359e+00   2.1531406038651408e+01   9.9999999998918387e-01
 -1.3574999999999999e+01   5.5721641357400042e-01   1.7946348593466124e+00   3.0151235982021358e+00   2.1531407647276751e+01   9.9999999998866174e-01
 -1.3549999999999999e+01   5.5721637798793533e-01   1.7946349739591676e+00   3.0151238405245433e+00   2.1531409297365038e+01   9.9999999998811429e-01
 -1.3524999999999999e+01   5.5721634155772426e-01   1.7946350912904911e+00   3.0151240885951411e+00   2.1531410986595482e+01   9.9999999998754041e-01
 -1.3500000000000000e+01   5.5721630429793667e-01   1.7946352112936601e+00   3.0151243423147194e+00   2.1531412714292511e+01   9.9999999998693889e-01
 -1.3475000000000000e+01   5.5721626610736830e-01   1.7946353342946257e+00   3.0151246023724259e+00   2.1531414485148865e+01   9.9999999998630829e-01
 -1.3449999999999999e+01   5.5721622703931650e-01   1.7946354601217334e+00   3.0151248684053336e+00   2.1531416296693202e+01   9.9999999998564726e-01
 -1.3424999999999999e+01   5.5721618702319953e-01   1.7946355890023082e+00   3.0151251408940669e+00   2.1531418152198317e+01   9.9999999998495437e-01
 -1.3399999999999999e+01   5.5721614605512948e-01   1.7946357209488732e+00   3.0151254198651003e+00   2.1531420051844492e+01   9.9999999998422806e-01
 -1.3375000000000000e+01   5.5721610409478484e-01   1.7946358560912945e+00   3.0151257055930025e+00   2.1531421997501393e+01   9.9999999998346667e-01
 -1.3350000000000000e+01   5.5721606114447553e-01   1.7946359944221331e+00   3.0151259980620444e+00   2.1531423989061913e+01   9.9999999998266831e-01
 -1.3324999999999999e+01   5.5721601717133196e-01   1.7946361360472549e+00   3.0151262974960500e+00   2.1531426028050177e+01   9.9999999998183153e-01
 -1.3299999999999999e+01   5.5721597214706620e-01   1.7946362810577685e+00   3.0151266040876452e+00   2.1531428115777867e+01   9.9999999998095435e-01
 -1.3274999999999999e+01   5.5721592604761139e-01   1.7946364295311883e+00   3.0151269180007132e+00   2.1531430253360941e+01   9.9999999998003497e-01
 -1.3250000000000000e+01   5.5721587886979551e-01   1.7946365814777323e+00   3.0151272392568536e+00   2.1531432440946478e+01   9.9999999997907107e-01
 -1.3225000000000000e+01   5.5721583053761792e-01   1.7946367371421790e+00   3.0151275683735905e+00   2.1531434682058549e+01   9.9999999997806066e-01
 -1.3199999999999999e+01   5.5721578106496783e-01   1.7946368964797972e+00   3.0151279052563460e+00   2.1531436976053126e+01   9.9999999997700151e-01
 -1.3174999999999999e+01   5.5721573042663952e-01   1.7946370595717693e+00   3.0151282500767582e+00   2.1531439324098972e+01   9.9999999997589128e-01
 -1.3149999999999999e+01   5.5721567853958121e-01   1.7946372266855841e+00   3.0151286034003655e+00   2.1531441730047113e+01   9.9999999997472733e-01
 -1.3125000000000000e+01   5.5721562543614300e-01   1.7946373977170533e+00   3.0151289650068804e+00   2.1531444192397505e+01   9.9999999997350697e-01
 -1.3100000000000000e+01   5.5721557108118702e-01   1.7946375727793484e+00   3.0151293351355744e+00   2.1531446712779452e+01   9.9999999997222810e-01
 -1.3074999999999999e+01   5.5721551542306091e-01   1.7946377520388299e+00   3.0151297141381721e+00   2.1531449293588025e+01   9.9999999997088729e-01
 -1.3049999999999999e+01   5.5721545842388831e-01   1.7946379356174895e+00   3.0151301022725918e+00   2.1531451936579511e+01   9.9999999996948197e-01
 -1.3024999999999999e+01   5.5721540007888359e-01   1.7946381235307431e+00   3.0151304995714212e+00   2.1531454641975809e+01   9.9999999996800859e-01
 -1.3000000000000000e+01   5.5721534033875797e-01   1.7946383159373394e+00   3.0151309063702909e+00   2.1531457412062394e+01   9.9999999996646405e-01
 -1.2975000000000000e+01   5.5721527917401215e-01   1.7946385129322899e+00   3.0151313228700758e+00   2.1531460248207111e+01   9.9999999996484501e-01
 -1.2949999999999999e+01   5.5721521654724127e-01   1.7946387146360692e+00   3.0151317493254832e+00   2.1531463152144390e+01   9.9999999996314781e-01
 -1.2924999999999999e+01   5.5721515242047359e-01   1.7946389211709766e+00   3.0151321859950806e+00   2.1531466125634935e+01   9.9999999996136857e-01
 -1.2899999999999999e+01   5.5721508676766629e-01   1.7946391326208926e+00   3.0151326330562065e+00   2.1531469169886329e+01   9.9999999995950317e-01
 -1.2875000000000000e+01   5.5721501954364416e-01   1.7946393491313177e+00   3.0151330908164797e+00   2.1531472286993296e+01   9.9999999995754807e-01
 -1.2850000000000000e+01   5.5721495072147476e-01   1.7946395707889977e+00   3.0151335594592963e+00   2.1531475478204666e+01   9.9999999995549849e-01
 -1.2824999999999999e+01   5.5721488026778421e-01   1.7946397977014250e+00   3.0151340392119144e+00   2.1531478745067950e+01   9.9999999995334998e-01
 -1.2799999999999999e+01   5.5721480811581492e-01   1.7946400300836116e+00   3.0151345305289188e+00   2.1531482090678626e+01   9.9999999995109778e-01
 -1.2774999999999999e+01   5.5721473425103973e-01   1.7946402679823501e+00   3.0151350335092317e+00   2.1531485515710305e+01   9.9999999994873656e-01
 -1.2750000000000000e+01   5.5721465861515873e-01   1.7946405115854136e+00   3.0151355485498446e+00   2.1531489022866289e+01   9.9999999994626143e-01
 -1.2725000000000000e+01   5.5721458117869560e-01   1.7946407609877417e+00   3.0151360758514754e+00   2.1531492613513368e+01   9.9999999994366706e-01
 -1.2699999999999999e+01   5.5721450191768462e-01   1.7946410162665267e+00   3.0151366155773189e+00   2.1531496288762806e+01   9.9999999994094735e-01
 -1.2674999999999999e+01   5.5721442072907579e-01   1.7946412777536707e+00   3.0151371684290909e+00   2.1531500053392922e+01   9.9999999993809585e-01
 -1.2649999999999999e+01   5.5721433761885908e-01   1.7946415454298870e+00   3.0151377343660029e+00   2.1531503907125966e+01   9.9999999993510713e-01
 -1.2625000000000000e+01   5.5721425253416468e-01   1.7946418194654608e+00   3.0151383137480710e+00   2.1531507852413458e+01   9.9999999993197419e-01
 -1.2600000000000000e+01   5.5721416541617852e-01   1.7946421000498229e+00   3.0151389069757877e+00   2.1531511891982543e+01   9.9999999992869004e-01
 -1.2574999999999999e+01   5.5721407622812535e-01   1.7946423873014230e+00   3.0151395142995727e+00   2.1531516027538451e+01   9.9999999992524724e-01
 -1.2549999999999999e+01   5.5721398489584473e-01   1.7946426814591194e+00   3.0151401362244208e+00   2.1531520262519926e+01   9.9999999992163813e-01
 -1.2524999999999999e+01   5.5721389139394006e-01   1.7946429826047143e+00   3.0151407729232682e+00   2.1531524598104575e+01   9.9999999991785471e-01
 -1.2500000000000000e+01   5.5721379565659390e-01   1.7946432909501966e+00   3.0151414248442978e+00   2.1531529037344288e+01   9.9999999991388888e-01
 -1.2475000000000000e+01   5.5721369763976591e-01   1.7946436066374158e+00   3.0151420922874013e+00   2.1531533582281167e+01   9.9999999990973143e-01
 -1.2449999999999999e+01   5.5721359727898623e-01   1.7946439298740211e+00   3.0151427756915847e+00   2.1531538235904613e+01   9.9999999990537314e-01
 -1.2424999999999999e+01   5.5721349453104863e-01   1.7946442607991770e+00   3.0151434753510591e+00   2.1531543000218054e+01   9.9999999990080468e-01
 -1.2399999999999999e+01   5.5721338932988251e-01   1.7946445996256888e+00   3.0151441917157307e+00   2.1531547878285110e+01   9.9999999989601573e-01
 -1.2375000000000000e+01   5.5721328162299577e-01   1.7946449465226293e+00   3.0151449251430433e+00   2.1531552872539791e+01   9.9999999989099553e-01
 -1.2350000000000000e+01   5.5721317134110870e-01   1.7946453017131407e+00   3.0151456761047553e+00   2.1531557986194517e+01   9.9999999988573285e-01
 -1.2324999999999999e+01   5.5721305843950664e-01   1.7946456653412479e+00   3.0151464449053504e+00   2.1531563221322664e+01   9.9999999988021626e-01
 -1.2299999999999999e+01   5.5721294283996181e-01   1.7946460376589133e+00   3.0151472320775179e+00   2.1531568581551568e+01   9.9999999987443322e-01
 -1.2274999999999999e+01   5.5721282447897669e-01   1.7946464188706579e+00   3.0151480380536433e+00   2.1531574069825545e+01   9.9999999986837085e-01
 -1.2250000000000000e+01   5.5721270328659611e-01   1.7946468092018018e+00   3.0151488633100842e+00   2.1531579689388341e+01   9.9999999986201582e-01
 -1.2225000000000000e+01   5.5721257921662248e-01   1.7946472088011478e+00   3.0151497081614220e+00   2.1531585442382092e+01   9.9999999985535415e-01
 -1.2199999999999999e+01   5.5721245217783033e-01   1.7946476179625239e+00   3.0151505732288539e+00   2.1531591333036825e+01   9.9999999984837062e-01
 -1.2174999999999999e+01   5.5721232210737726e-01   1.7946480368883437e+00   3.0151514589403043e+00   2.1531597364266474e+01   9.9999999984105004e-01
 -1.2149999999999999e+01   5.5721218893480584e-01   1.7946484658055473e+00   3.0151523657755508e+00   2.1531603539338079e+01   9.9999999983337584e-01
 -1.2125000000000000e+01   5.5721205258915063e-01   1.7946489049427119e+00   3.0151532942178307e+00   2.1531609861542229e+01   9.9999999982533117e-01
 -1.2100000000000000e+01   5.5721191299648942e-01   1.7946493545379392e+00   3.0151542447705157e+00   2.1531616334306623e+01   9.9999999981689847e-01
 -1.2074999999999999e+01   5.5721177005818112e-01   1.7946498149089443e+00   3.0151552181052996e+00   2.1531622962205141e+01   9.9999999980805809e-01
 -1.2049999999999999e+01   5.5721162372273803e-01   1.7946502862215743e+00   3.0151562145727868e+00   2.1531629747625214e+01   9.9999999979879128e-01
 -1.2024999999999999e+01   5.5721147389240244e-01   1.7946507687907016e+00   3.0151572348386559e+00   2.1531636695099763e+01   9.9999999978907694e-01
 -1.2000000000000000e+01   5.5721132049163213e-01   1.7946512628596485e+00   3.0151582794173093e+00   2.1531643808131602e+01   9.9999999977889376e-01
 -1.1975000000000000e+01   5.5721116342411647e-01   1.7946517687386292e+00   3.0151593489645725e+00   2.1531651091186557e+01   9.9999999976821874e-01
 -1.1949999999999999e+01   5.5721100261804390e-01   1.7946522866589525e+00   3.0151604439694437e+00   2.1531658547594446e+01   9.9999999975702869e-01
 -1.1924999999999999e+01   5.5721083797253346e-01   1.7946528169455542e+00   3.0151615651188703e+00   2.1531666182033021e+01   9.9999999974529796e-01
 -1.1899999999999999e+01   5.5721066938998243e-01   1.7946533599128138e+00   3.0151627130774745e+00   2.1531673999028012e+01   9.9999999973300080e-01
 -1.1875000000000000e+01   5.5721049679482837e-01   1.7946539158041239e+00   3.0151638883597971e+00   2.1531682002083173e+01   9.9999999972011000e-01
 -1.1850000000000000e+01   5.5721032008149818e-01   1.7946544849595372e+00   3.0151650916847359e+00   2.1531690196093813e+01   9.9999999970659670e-01
 -1.1824999999999999e+01   5.5721013915381168e-01   1.7946550676888546e+00   3.0151663237072270e+00   2.1531698585519710e+01   9.9999999969243147e-01
 -1.1799999999999999e+01   5.5720995390926553e-01   1.7946556643222442e+00   3.0151675851252642e+00   2.1531707175113830e+01   9.9999999967758213e-01
 -1.1774999999999999e+01   5.5720976424027435e-01   1.7946562752062438e+00   3.0151688766714475e+00   2.1531715969864802e+01   9.9999999966201591e-01
 -1.1750000000000000e+01   5.5720957005391114e-01   1.7946569006401811e+00   3.0151701989785615e+00   2.1531724974081545e+01   9.9999999964569797e-01
 -1.1725000000000000e+01   5.5720937122430869e-01   1.7946575410294789e+00   3.0151715529036949e+00   2.1531734193600393e+01   9.9999999962859198e-01
 -1.1699999999999999e+01   5.5720916766405615e-01   1.7946581966557025e+00   3.0151729390420701e+00   2.1531743632474491e+01   9.9999999961066033e-01
 -1.1674999999999999e+01   5.5720895923752856e-01   1.7946588679557058e+00   3.0151743583172221e+00   2.1531753296992630e+01   9.9999999959186281e-01
 -1.1649999999999999e+01   5.5720874584599833e-01   1.7946595552475060e+00   3.0151758114014333e+00   2.1531763191732701e+01   9.9999999957215813e-01
 -1.1625000000000000e+01   5.5720852736339443e-01   1.7946602589371905e+00   3.0151772991531813e+00   2.1531773322540488e+01   9.9999999955150176e-01
 -1.1600000000000000e+01   5.5720830366154561e-01   1.7946609794376125e+00   3.0151788224452458e+00   2.1531783695359152e+01   9.9999999952984808e-01
 -1.1574999999999999e+01   5.5720807463212729e-01   1.7946617170977055e+00   3.0151803820152590e+00   2.1531794315211592e+01   9.9999999950714924e-01
 -1.1549999999999999e+01   5.5720784013535796e-01   1.7946624723677223e+00   3.0151819788150607e+00   2.1531805188579327e+01   9.9999999948335438e-01
 -1.1524999999999999e+01   5.5720760004437297e-01   1.7946632456563145e+00   3.0151836137085315e+00   2.1531816321344941e+01   9.9999999945841067e-01
 -1.1500000000000000e+01   5.5720735422484924e-01   1.7946640373961595e+00   3.0151852876103420e+00   2.1531827719736853e+01   9.9999999943226248e-01
 -1.1475000000000000e+01   5.5720710253653838e-01   1.7946648480390213e+00   3.0151870014755096e+00   2.1531839390258227e+01   9.9999999940485174e-01
 -1.1449999999999999e+01   5.5720684485180416e-01   1.7946656779960446e+00   3.0151887561731696e+00   2.1531851338827426e+01   9.9999999937611772e-01
 -1.1424999999999999e+01   5.5720658101683485e-01   1.7946665277626845e+00   3.0151905527506995e+00   2.1531863572576537e+01   9.9999999934599659e-01
 -1.1399999999999999e+01   5.5720631088806694e-01   1.7946673978013910e+00   3.0151923921856914e+00   2.1531876098162446e+01   9.9999999931442096e-01
 -1.1375000000000000e+01   5.5720603431292137e-01   1.7946682886036549e+00   3.0151942755171284e+00   2.1531888922660087e+01   9.9999999928132088e-01
 -1.1350000000000000e+01   5.5720575114153326e-01   1.7946692006522285e+00   3.0151962037655116e+00   2.1531902053018531e+01   9.9999999924662264e-01
 -1.1324999999999999e+01   5.5720546121338377e-01   1.7946701344641820e+00   3.0151981780238897e+00   2.1531915496680870e+01   9.9999999921024940e-01
 -1.1300000000000001e+01   5.5720516437014944e-01   1.7946710905495189e+00   3.0152001993703630e+00   2.1531929260988399e+01   9.9999999917211946e-01
 -1.1274999999999999e+01   5.5720486044439521e-01   1.7946720694475931e+00   3.0152022689450755e+00   2.1531943353704900e+01   9.9999999913214888e-01
 -1.1250000000000000e+01   5.5720454926533691e-01   1.7946730717085495e+00   3.0152043879109787e+00   2.1531957782749455e+01   9.9999999909024839e-01
 -1.1225000000000000e+01   5.5720423066893221e-01   1.7946740978608233e+00   3.0152065573851132e+00   2.1531972555728537e+01   9.9999999904632497e-01
 -1.1199999999999999e+01   5.5720390446844392e-01   1.7946751485059504e+00   3.0152087786390624e+00   2.1531987681300951e+01   9.9999999900028114e-01
 -1.1175000000000001e+01   5.5720357048920488e-01   1.7946762242065959e+00   3.0152110528622176e+00   2.1532003167565826e+01   9.9999999895201419e-01
 -1.1149999999999999e+01   5.5720322853883109e-01   1.7946773255824930e+00   3.0152133813646125e+00   2.1532019023443809e+01   9.9999999890141666e-01
 -1.1125000000000000e+01   5.5720287843084670e-01   1.7946784532343509e+00   3.0152157654160501e+00   2.1532035257581587e+01   9.9999999884837620e-01
 -1.1100000000000000e+01   5.5720251997044079e-01   1.7946796077897302e+00   3.0152182063430897e+00   2.1532051879012339e+01   9.9999999879277479e-01
 -1.1074999999999999e+01   5.5720215296079145e-01   1.7946807898826744e+00   3.0152207054859859e+00   2.1532068896862484e+01   9.9999999873448897e-01
 -1.1050000000000001e+01   5.5720177719256481e-01   1.7946820001875325e+00   3.0152232642701917e+00   2.1532086320838619e+01   9.9999999867338896e-01
 -1.1024999999999999e+01   5.5720139246101730e-01   1.7946832393638743e+00   3.0152258840899036e+00   2.1532104160434482e+01   9.9999999860933853e-01
 -1.1000000000000000e+01   5.5720099854820737e-01   1.7946845081137861e+00   3.0152285664291893e+00   2.1532122425755794e+01   9.9999999854219568e-01
 -1.0975000000000000e+01   5.5720059523755405e-01   1.7946858071349783e+00   3.0152313127628507e+00   2.1532141126845186e+01   9.9999999847181131e-01
 -1.0949999999999999e+01   5.5720018230801260e-01   1.7946871371395456e+00   3.0152341245960872e+00   2.1532160273952272e+01   9.9999999839802844e-01
 -1.0925000000000001e+01   5.5719975952528167e-01   1.7946884988822887e+00   3.0152370035243674e+00   2.1532179877941356e+01   9.9999999832068320e-01
 -1.0899999999999999e+01   5.5719932665656502e-01   1.7946898931131683e+00   3.0152399511329113e+00   2.1532199949606955e+01   9.9999999823960350e-01
 -1.0875000000000000e+01   5.5719888346075097e-01   1.7946913206089363e+00   3.0152429690635629e+00   2.1532220500129164e+01   9.9999999815460894e-01
 -1.0850000000000000e+01   5.5719842969148614e-01   1.7946927821632368e+00   3.0152460589938599e+00   2.1532241540931125e+01   9.9999999806551099e-01
 -1.0824999999999999e+01   5.5719796509645547e-01   1.7946942785889246e+00   3.0152492226419341e+00   2.1532263083712426e+01   9.9999999797211081e-01
 -1.0800000000000001e+01   5.5719748941683522e-01   1.7946958107198283e+00   3.0152524617702401e+00   2.1532285140474446e+01   9.9999999787420113e-01
 -1.0774999999999999e+01   5.5719700238937320e-01   1.7946973794040495e+00   3.0152557781713867e+00   2.1532307723423916e+01   9.9999999777156379e-01
 -1.0750000000000000e+01   5.5719650374262353e-01   1.7946989855160924e+00   3.0152591736937775e+00   2.1532330845147492e+01   9.9999999766397119e-01
 -1.0725000000000000e+01   5.5719599320006608e-01   1.7947006299468153e+00   3.0152626502203699e+00   2.1532354518467123e+01   9.9999999755118352e-01
 -1.0699999999999999e+01   5.5719547047367002e-01   1.7947023136241638e+00   3.0152662097125020e+00   2.1532378756738492e+01   9.9999999743294998e-01
 -1.0675000000000001e+01   5.5719493528018960e-01   1.7947040374606826e+00   3.0152698540989293e+00   2.1532403573095404e+01   9.9999999730900790e-01
 -1.0649999999999999e+01   5.5719438731646531e-01   1.7947058024330707e+00   3.0152735854440076e+00   2.1532428981595054e+01   9.9999999717908150e-01
 -1.0625000000000000e+01   5.5719382628040703e-01   1.7947076095145953e+00   3.0152774058048126e+00   2.1532454996245033e+01   9.9999999704288167e-01
 -1.0600000000000000e+01   5.5719325185777591e-01   1.7947094597176689e+00   3.0152813173211461e+00   2.1532481631616267e+01   9.9999999690010566e-01
 -1.0574999999999999e+01   5.5719266373064569e-01   1.7947113540665949e+00   3.0152853221579186e+00   2.1532508902450665e+01   9.9999999675043594e-01
 -1.0550000000000001e+01   5.5719206157214274e-01   1.7947132936145116e+00   3.0152894225409672e+00   2.1532536823905009e+01   9.9999999659353944e-01
 -1.0524999999999999e+01   5.5719144504654772e-01   1.7947152794430647e+00   3.0152936207563652e+00   2.1532565411546248e+01   9.9999999642906734e-01
 -1.0500000000000000e+01   5.5719081381140412e-01   1.7947173126556180e+00   3.0152979191360609e+00   2.1532594681253734e+01   9.9999999625665370e-01
 -1.0475000000000000e+01   5.5719016751571138e-01   1.7947193943830722e+00   3.0153023200701838e+00   2.1532624649302992e+01   9.9999999607591539e-01
 -1.0449999999999999e+01   5.5718950580271498e-01   1.7947215257748801e+00   3.0153068259880449e+00   2.1532655332236352e+01   9.9999999588645017e-01
 -1.0425000000000001e+01   5.5718882829996852e-01   1.7947237080310581e+00   3.0153114394258083e+00   2.1532686747323758e+01   9.9999999568783671e-01
 -1.0399999999999999e+01   5.5718813463345074e-01   1.7947259423567148e+00   3.0153161629303629e+00   2.1532718911908184e+01   9.9999999547963336e-01
 -1.0375000000000000e+01   5.5718742441782754e-01   1.7947282299934197e+00   3.0153209991256307e+00   2.1532751843857163e+01   9.9999999526137673e-01
 -1.0350000000000000e+01   5.5718669725531045e-01   1.7947305722228801e+00   3.0153259507203423e+00   2.1532785561615729e+01   9.9999999503258141e-01
 -1.0324999999999999e+01   5.5718595274559990e-01   1.7947329703349149e+00   3.0153310204403279e+00   2.1532820083745349e+01   9.9999999479273893e-01
 -1.0300000000000001e+01   5.5718519047087622e-01   1.7947354256758004e+00   3.0153362111307196e+00   2.1532855429619882e+01   9.9999999454131572e-01
 -1.0274999999999999e+01   5.5718441000817143e-01   1.7947379396084224e+00   3.0153415256717073e+00   2.1532891618851906e+01   9.9999999427775210e-01
 -1.0250000000000000e+01   5.5718361092713298e-01   1.7947405135194785e+00   3.0153469669937656e+00   2.1532928671396416e+01   9.9999999400146256e-01
 -1.0225000000000000e+01   5.5718279277935512e-01   1.7947431488538463e+00   3.0153525381503021e+00   2.1532966608045509e+01   9.9999999371183190e-01
 -1.0199999999999999e+01   5.5718195510992963e-01   1.7947458470773776e+00   3.0153582422390031e+00   2.1533005449892805e+01   9.9999999340821621e-01
 -1.0175000000000001e+01   5.5718109745446498e-01   1.7947486096865013e+00   3.0153640824221308e+00   2.1533045218471642e+01   9.9999999308993992e-01
 -1.0149999999999999e+01   5.5718021933479989e-01   1.7947514382220331e+00   3.0153700619557120e+00   2.1533085935953864e+01   9.9999999275629536e-01
 -1.0125000000000000e+01   5.5717932026482908e-01   1.7947543342504113e+00   3.0153761841498685e+00   2.1533127624879651e+01   9.9999999240654014e-01
 -1.0100000000000000e+01   5.5717839974171690e-01   1.7947572993919998e+00   3.0153824524286468e+00   2.1533170308564962e+01   9.9999999203989631e-01
 -1.0074999999999999e+01   5.5717745725550794e-01   1.7947603352901345e+00   3.0153888702645757e+00   2.1533214010655897e+01   9.9999999165554843e-01
 -1.0050000000000001e+01   5.5717649228052202e-01   1.7947634436388413e+00   3.0153954412372603e+00   2.1533258755527687e+01   9.9999999125264161e-01
 -1.0024999999999999e+01   5.5717550428067142e-01   1.7947666261657123e+00   3.0154021689971775e+00   2.1533304568038155e+01   9.9999999083027935e-01
 -1.0000000000000000e+01   5.5717449270747288e-01   1.7947698846383100e+00   3.0154090572792089e+00   2.1533351473619891e+01   9.9999999038752230e-01
 -9.9749999999999996e+00   5.5717345699770915e-01   1.7947732208717035e+00   3.0154161099185686e+00   2.1533399498388683e+01   9.9999998992338557e-01
 -9.9499999999999993e+00   5.5717239657385342e-01   1.7947766367271025e+00   3.0154233308479110e+00   2.1533448669123842e+01   9.9999998943683699e-01
 -9.9250000000000007e+00   5.5717131084905813e-01   1.7947801340957907e+00   3.0154307240633593e+00   2.1533499013036870e+01   9.9999998892679387e-01
 -9.8999999999999986e+00   5.5717019921609345e-01   1.7947837149347592e+00   3.0154382936998299e+00   2.1533550558284372e+01   9.9999998839212101e-01
 -9.8750000000000000e+00   5.5716906106020758e-01   1.7947873812252835e+00   3.0154460439434594e+00   2.1533603333371740e+01   9.9999998783163047e-01
 -9.8499999999999996e+00   5.5716789574526338e-01   1.7947911350175838e+00   3.0154539791260073e+00   2.1533657367795982e+01   9.9999998724407424e-01
 -9.8249999999999993e+00   5.5716670262416435e-01   1.7947949783972428e+00   3.0154621036538614e+00   2.1533712691562283e+01   9.9999998662814549e-01
 -9.8000000000000007e+00   5.5716548103393126e-01   1.7947989135010685e+00   3.0154704220415613e+00   2.1533769335412284e+01   9.9999998598247408e-01
 -9.7749999999999986e+00   5.5716423029420059e-01   1.7948029425219345e+00   3.0154789389220258e+00   2.1533827330893729e+01   9.9999998530562362e-01
 -9.7500000000000000e+00   5.5716294970895985e-01   1.7948070677031933e+00   3.0154876590347337e+00   2.1533886710279983e+01   9.9999998459608830e-01
 -9.7249999999999996e+00   5.5716163856673062e-01   1.7948112913380900e+00   3.0154965872244794e+00   2.1533947506561546e+01   9.9999998385228928e-01
 -9.6999999999999993e+00   5.5716029613704188e-01   1.7948156157811272e+00   3.0155057284653872e+00   2.1534009753609592e+01   9.9999998307257210e-01
 -9.6750000000000007e+00   5.5715892167315728e-01   1.7948200434392827e+00   3.0155150878423385e+00   2.1534073486049493e+01   9.9999998225520192e-01
 -9.6499999999999986e+00   5.5715751441237649e-01   1.7948245767710431e+00   3.0155246705489227e+00   2.1534138739246860e+01   9.9999998139836055e-01
 -9.6250000000000000e+00   5.5715607356982255e-01   1.7948292183064221e+00   3.0155344819297389e+00   2.1534205549595612e+01   9.9999998050014116e-01
 -9.5999999999999996e+00   5.5715459834338921e-01   1.7948339706310266e+00   3.0155445274467101e+00   2.1534273954288565e+01   9.9999997955854525e-01
 -9.5749999999999993e+00   5.5715308791374651e-01   1.7948388363860439e+00   3.0155548126790417e+00   2.1534343991317190e+01   9.9999997857147849e-01
 -9.5500000000000007e+00   5.5715154144120171e-01   1.7948438182783593e+00   3.0155653433446012e+00   2.1534415699617149e+01   9.9999997753674463e-01
 -9.5249999999999986e+00   5.5714995806298084e-01   1.7948489190893180e+00   3.0155761253184252e+00   2.1534489119194362e+01   9.9999997645204053e-01
 -9.5000000000000000e+00   5.5714833689982346e-01   1.7948541416534862e+00   3.0155871645878163e+00   2.1534564290819208e+01   9.9999997531495366e-01
 -9.4749999999999996e+00   5.5714667704863330e-01   1.7948594888823326e+00   3.0155984673023846e+00   2.1534641256367308e+01   9.9999997412295338e-01
 -9.4499999999999993e+00   5.5714497758726400e-01   1.7948649637488170e+00   3.0156100397414627e+00   2.1534720058597618e+01   9.9999997287338760e-01
 -9.4250000000000007e+00   5.5714323756762330e-01   1.7948705693096112e+00   3.0156218883610615e+00   2.1534800741472171e+01   9.9999997156347531e-01
 -9.3999999999999986e+00   5.5714145602443077e-01   1.7948763086768933e+00   3.0156340197342324e+00   2.1534883349750000e+01   9.9999997019030284e-01
 -9.3750000000000000e+00   5.5713963196347371e-01   1.7948821850561878e+00   3.0156464406310426e+00   2.1534967929531707e+01   9.9999996875081354e-01
 -9.3499999999999996e+00   5.5713776437175888e-01   1.7948882017136687e+00   3.0156591579494432e+00   2.1535054527788716e+01   9.9999996724180462e-01
 -9.3249999999999993e+00   5.5713585220915762e-01   1.7948943620030831e+00   3.0156721787721645e+00   2.1535143192750692e+01   9.9999996565991844e-01
 -9.3000000000000007e+00   5.5713389441092875e-01   1.7949006693576315e+00   3.0156855103495337e+00   2.1535233973788561e+01   9.9999996400163382e-01
 -9.2749999999999986e+00   5.5713188988822349e-01   1.7949071272883490e+00   3.0156991600960401e+00   2.1535326921391096e+01   9.9999996226326104e-01
 -9.2500000000000000e+00   5.5712983752532108e-01   1.7949137393930206e+00   3.0157131356091549e+00   2.1535422087293089e+01   9.9999996044093131e-01
 -9.2249999999999996e+00   5.5712773617891009e-01   1.7949205093585048e+00   3.0157274446742286e+00   2.1535519524508683e+01   9.9999995853058921e-01
 -9.1999999999999993e+00   5.5712558468099160e-01   1.7949274409513916e+00   3.0157420952447205e+00   2.1535619287196756e+01   9.9999995652798324e-01
 -9.1750000000000007e+00   5.5712338183334509e-01   1.7949345380358397e+00   3.0157570954798825e+00   2.1535721430917530e+01   9.9999995442865652e-01
 -9.1499999999999986e+00   5.5712112640880151e-01   1.7949418045694880e+00   3.0157724537360910e+00   2.1535826012573541e+01   9.9999995222793625e-01
 -9.1250000000000000e+00   5.5711881715307177e-01   1.7949492445975739e+00   3.0157881785543958e+00   2.1535933090324846e+01   9.9999994992092478e-01
 -9.0999999999999996e+00   5.5711645278074939e-01   1.7949568622658238e+00   3.0158042786877401e+00   2.1536042723774386e+01   9.9999994750248755e-01
 -9.0749999999999993e+00   5.5711403197422871e-01   1.7949646618239523e+00   3.0158207631083260e+00   2.1536154974018153e+01   9.9999994496724121e-01
 -9.0500000000000007e+00   5.5711155338690388e-01   1.7949726476153656e+00   3.0158376409858323e+00   2.1536269903496830e+01   9.9999994230954292e-01
 -9.0249999999999986e+00   5.5710901563794391e-01   1.7949808240940113e+00   3.0158549217229913e+00   2.1536387576238099e+01   9.9999993952347643e-01
 -9.0000000000000000e+00   5.5710641731499344e-01   1.7949891958156896e+00   3.0158726149372024e+00   2.1536508057731385e+01   9.9999993660284070e-01
 -8.9749999999999996e+00   5.5710375697164738e-01   1.7949977674462045e+00   3.0158907304777234e+00   2.1536631415044969e+01   9.9999993354113437e-01
 -8.9499999999999993e+00   5.5710103312540438e-01   1.7950065437679745e+00   3.0159092784396107e+00   2.1536757716920867e+01   9.9999993033154133e-01
 -8.9250000000000007e+00   5.5709824426067045e-01   1.7950155296703691e+00   3.0159282691432616e+00   2.1536887033635580e+01   9.9999992696691720e-01
 -8.8999999999999986e+00   5.5709538882421072e-01   1.7950247301643814e+00   3.0159477131653909e+00   2.1537019437210969e+01   9.9999992343977151e-01
 -8.8750000000000000e+00   5.5709246522511746e-01   1.7950341503827492e+00   3.0159676213392439e+00   2.1537155001415744e+01   9.9999991974225200e-01
 -8.8499999999999996e+00   5.5708947183566893e-01   1.7950437955772058e+00   3.0159880047487504e+00   2.1537293801725642e+01   9.9999991586612658e-01
 -8.8249999999999993e+00   5.5708640698862677e-01   1.7950536711272074e+00   3.0160088747469276e+00   2.1537435915448754e+01   9.9999991180276571e-01
 -8.8000000000000007e+00   5.5708326897693572e-01   1.7950637825409219e+00   3.0160302429579255e+00   2.1537581421739425e+01   9.9999990754312251e-01
 -8.7749999999999986e+00   5.5708005605322741e-01   1.7950741354568487e+00   3.0160521212804041e+00   2.1537730401621285e+01   9.9999990307771303e-01
 -8.7500000000000000e+00   5.5707676642686355e-01   1.7950847356533690e+00   3.0160745219076701e+00   2.1537882938124341e+01   9.9999989839659409e-01
 -8.7249999999999996e+00   5.5707339826597557e-01   1.7950955890421973e+00   3.0160974573137853e+00   2.1538039116190404e+01   9.9999989348934260e-01
 -8.6999999999999993e+00   5.5706994969372159e-01   1.7951067016804665e+00   3.0161209402790576e+00   2.1538199022846651e+01   9.9999988834503117e-01
 -8.6750000000000007e+00   5.5706641878936780e-01   1.7951180797672703e+00   3.0161449838826742e+00   2.1538362747155489e+01   9.9999988295220499e-01
 -8.6499999999999986e+00   5.5706280358491211e-01   1.7951297296545699e+00   3.0161696015256965e+00   2.1538530380371089e+01   9.9999987729885387e-01
 -8.6250000000000000e+00   5.5705910206666576e-01   1.7951416578421251e+00   3.0161948069202862e+00   2.1538702015866079e+01   9.9999987137238855e-01
 -8.5999999999999996e+00   5.5705531217160742e-01   1.7951538709892749e+00   3.0162206141145353e+00   2.1538877749300578e+01   9.9999986515961004e-01
 -8.5749999999999993e+00   5.5705143178775107e-01   1.7951663759137813e+00   3.0162470374899581e+00   2.1539057678605154e+01   9.9999985864668139e-01
 -8.5500000000000007e+00   5.5704745875307859e-01   1.7951791795953029e+00   3.0162740917687634e+00   2.1539241904030302e+01   9.9999985181909690e-01
 -8.5249999999999986e+00   5.5704339085279642e-01   1.7951922891842707e+00   3.0163017920325310e+00   2.1539430528273662e+01   9.9999984466164948e-01
 -8.5000000000000000e+00   5.5703922581984955e-01   1.7952057120002660e+00   3.0163301537187142e+00   2.1539623656456182e+01   9.9999983715839635e-01
 -8.4749999999999996e+00   5.5703496133265895e-01   1.7952194555393519e+00   3.0163591926360471e+00   2.1539821396227033e+01   9.9999982929262399e-01
 -8.4499999999999993e+00   5.5703059501404573e-01   1.7952335274775790e+00   3.0163889249718689e+00   2.1540023857813491e+01   9.9999982104681051e-01
 -8.4250000000000007e+00   5.5702612442976041e-01   1.7952479356757665e+00   3.0164193673021398e+00   2.1540231154089138e+01   9.9999981240258673e-01
 -8.3999999999999986e+00   5.5702154708724139e-01   1.7952626881835485e+00   3.0164505365998941e+00   2.1540443400631425e+01   9.9999980334069460e-01
 -8.3750000000000000e+00   5.5701686043460885e-01   1.7952777932426613e+00   3.0164824502420937e+00   2.1540660715768322e+01   9.9999979384094539e-01
 -8.3499999999999996e+00   5.5701206185855090e-01   1.7952932592938042e+00   3.0165151260240188e+00   2.1540883220676346e+01   9.9999978388217359e-01
 -8.3249999999999993e+00   5.5700714868303902e-01   1.7953090949808310e+00   3.0165485821680180e+00   2.1541111039440114e+01   9.9999977344218949e-01
 -8.3000000000000007e+00   5.5700211816798595e-01   1.7953253091551271e+00   3.0165828373326460e+00   2.1541344299114584e+01   9.9999976249773037e-01
 -8.2749999999999986e+00   5.5699696750774208e-01   1.7953419108805118e+00   3.0166179106229030e+00   2.1541583129794766e+01   9.9999975102440830e-01
 -8.2500000000000000e+00   5.5699169382964842e-01   1.7953589094379605e+00   3.0166538216000864e+00   2.1541827664682824e+01   9.9999973899665562e-01
 -8.2249999999999996e+00   5.5698629419149359e-01   1.7953763143338621e+00   3.0166905902991115e+00   2.1542078040206000e+01   9.9999972638766754e-01
 -8.1999999999999993e+00   5.5698076558114817e-01   1.7953941353012612e+00   3.0167282372309958e+00   2.1542334396033553e+01   9.9999971316934178e-01
 -8.1750000000000007e+00   5.5697510491389135e-01   1.7954123823085424e+00   3.0167667834010681e+00   2.1542596875200729e+01   9.9999969931221755e-01
 -8.1499999999999986e+00   5.5696930903144548e-01   1.7954310655626122e+00   3.0168062503155397e+00   2.1542865624153539e+01   9.9999968478540768e-01
 -8.1250000000000000e+00   5.5696337469938462e-01   1.7954501955173263e+00   3.0168466599991524e+00   2.1543140792868890e+01   9.9999966955653075e-01
 -8.0999999999999996e+00   5.5695729860587007e-01   1.7954697828776429e+00   3.0168880350037872e+00   2.1543422534913251e+01   9.9999965359163856e-01
 -8.0749999999999993e+00   5.5695107735942528e-01   1.7954898386068756e+00   3.0169303984236180e+00   2.1543711007545816e+01   9.9999963685513937e-01
 -8.0500000000000007e+00   5.5694470748784641e-01   1.7955103739302916e+00   3.0169737739025284e+00   2.1544006371769008e+01   9.9999961930971948e-01
 -8.0249999999999986e+00   5.5693818543479390e-01   1.7955314003461873e+00   3.0170181856573230e+00   2.1544308792486540e+01   9.9999960091625906e-01
 -8.0000000000000000e+00   5.5693150755906418e-01   1.7955529296283299e+00   3.0170636584826847e+00   2.1544618438537178e+01   9.9999958163374447e-01
 -7.9749999999999996e+00   5.5692467013188551e-01   1.7955749738347730e+00   3.0171102177695897e+00   2.1544935482820136e+01   9.9999956141917734e-01
 -7.9500000000000002e+00   5.5691766933501585e-01   1.7955975453140927e+00   3.0171578895182614e+00   2.1545260102383267e+01   9.9999954022747706e-01
 -7.9249999999999998e+00   5.5691050125868302e-01   1.7956206567121338e+00   3.0172067003521930e+00   2.1545592478518579e+01   9.9999951801138143e-01
 -7.8999999999999995e+00   5.5690316189895583e-01   1.7956443209806006e+00   3.0172566775360536e+00   2.1545932796884138e+01   9.9999949472133931e-01
 -7.8750000000000000e+00   5.5689564715609552e-01   1.7956685513824895e+00   3.0173078489869094e+00   2.1546281247580502e+01   9.9999947030540104e-01
 -7.8499999999999996e+00   5.5688795283133641e-01   1.7956933615025932e+00   3.0173602432961490e+00   2.1546638025300009e+01   9.9999944470910029e-01
 -7.8250000000000002e+00   5.5688007462573175e-01   1.7957187652513524e+00   3.0174138897373410e+00   2.1547003329380281e+01   9.9999941787533464e-01
 -7.7999999999999998e+00   5.5687200813671522e-01   1.7957447768760795e+00   3.0174688182896499e+00   2.1547377363963669e+01   9.9999938974423597e-01
 -7.7749999999999995e+00   5.5686374885553525e-01   1.7957714109693745e+00   3.0175250596553043e+00   2.1547760338116230e+01   9.9999936025303549e-01
 -7.7500000000000000e+00   5.5685529216578300e-01   1.7957986824740226e+00   3.0175826452696231e+00   2.1548152465895971e+01   9.9999932933592550e-01
 -7.7249999999999996e+00   5.5684663333961604e-01   1.7958266066953277e+00   3.0176416073267296e+00   2.1548553966527951e+01   9.9999929692391010e-01
 -7.7000000000000002e+00   5.5683776753565029e-01   1.7958551993080771e+00   3.0177019787939061e+00   2.1548965064502045e+01   9.9999926294465058e-01
 -7.6749999999999998e+00   5.5682868979603473e-01   1.7958844763661479e+00   3.0177637934315129e+00   2.1549385989708572e+01   9.9999922732230451e-01
 -7.6499999999999995e+00   5.5681939504365008e-01   1.7959144543117220e+00   3.0178270858120650e+00   2.1549816977568195e+01   9.9999918997735382e-01
 -7.6250000000000000e+00   5.5680987807915205e-01   1.7959451499850139e+00   3.0178918913403661e+00   2.1550258269169021e+01   9.9999915082642798e-01
 -7.5999999999999996e+00   5.5680013357838265e-01   1.7959765806328181e+00   3.0179582462711343e+00   2.1550710111386639e+01   9.9999910978211670e-01
 -7.5750000000000002e+00   5.5679015608863935e-01   1.7960087639207525e+00   3.0180261877344088e+00   2.1551172757057110e+01   9.9999906675277217e-01
 -7.5499999999999998e+00   5.5677994002623654e-01   1.7960417179413433e+00   3.0180957537521560e+00   2.1551646465090048e+01   9.9999902164230592e-01
 -7.5250000000000004e+00   5.5676947967297608e-01   1.7960754612256398e+00   3.0181669832623004e+00   2.1552131500632260e+01   9.9999897434997120e-01
 -7.5000000000000000e+00   5.5675876917291256e-01   1.7961100127538898e+00   3.0182399161407543e+00   2.1552628135217759e+01   9.9999892477013752e-01
 -7.4749999999999996e+00   5.5674780252898737e-01   1.7961453919666517e+00   3.0183145932243352e+00   2.1553136646923821e+01   9.9999887279205268e-01
 -7.4500000000000002e+00   5.5673657359975104e-01   1.7961816187756328e+00   3.0183910563330882e+00   2.1553657320522984e+01   9.9999881829959503e-01
 -7.4249999999999998e+00   5.5672507609556054e-01   1.7962187135762362e+00   3.0184693482961782e+00   2.1554190447659348e+01   9.9999876117101150e-01
 -7.4000000000000004e+00   5.5671330357542337e-01   1.7962566972580354e+00   3.0185495129733795e+00   2.1554736326994949e+01   9.9999870127864487e-01
 -7.3750000000000000e+00   5.5670124944278643e-01   1.7962955912186658e+00   3.0186315952837535e+00   2.1555295264404982e+01   9.9999863848864579e-01
 -7.3499999999999996e+00   5.5668890694210726e-01   1.7963354173752106e+00   3.0187156412289951e+00   2.1555867573136833e+01   9.9999857266067238e-01
 -7.3250000000000002e+00   5.5667626915498036e-01   1.7963761981770359e+00   3.0188016979198107e+00   2.1556453573989657e+01   9.9999850364757459e-01
 -7.2999999999999998e+00   5.5666332899571924e-01   1.7964179566204010e+00   3.0188898136060032e+00   2.1557053595519260e+01   9.9999843129506261e-01
 -7.2750000000000004e+00   5.5665007920790011e-01   1.7964607162599822e+00   3.0189800377000062e+00   2.1557667974198356e+01   9.9999835544135951e-01
 -7.2500000000000000e+00   5.5663651235981282e-01   1.7965045012239418e+00   3.0190724208078610e+00   2.1558297054627506e+01   9.9999827591683810e-01
 -7.2249999999999996e+00   5.5662262084029845e-01   1.7965493362277702e+00   3.0191670147575618e+00   2.1558941189728113e+01   9.9999819254363775e-01
 -7.2000000000000002e+00   5.5660839685429642e-01   1.7965952465890851e+00   3.0192638726293755e+00   2.1559600740948913e+01   9.9999810513526399e-01
 -7.1749999999999998e+00   5.5659383241810789e-01   1.7966422582433679e+00   3.0193630487880965e+00   2.1560276078485590e+01   9.9999801349616790e-01
 -7.1500000000000004e+00   5.5657891935557458e-01   1.7966903977567692e+00   3.0194645989090678e+00   2.1560967581457984e+01   9.9999791742130673e-01
 -7.1250000000000000e+00   5.5656364929236180e-01   1.7967396923450565e+00   3.0195685800171086e+00   2.1561675638175153e+01   9.9999781669567966e-01
 -7.0999999999999996e+00   5.5654801365179130e-01   1.7967901698875850e+00   3.0196750505148922e+00   2.1562400646328619e+01   9.9999771109384428e-01
 -7.0750000000000002e+00   5.5653200364963118e-01   1.7968418589446606e+00   3.0197840702184227e+00   2.1563143013233944e+01   9.9999760037940688e-01
 -7.0500000000000007e+00   5.5651561028910146e-01   1.7968947887742359e+00   3.0198957003910447e+00   2.1563903156062320e+01   9.9999748430448954e-01
 -7.0250000000000004e+00   5.5649882435548836e-01   1.7969489893498958e+00   3.0200100037801185e+00   2.1564681502090302e+01   9.9999736260916994e-01
 -7.0000000000000000e+00   5.5648163641076409e-01   1.7970044913788585e+00   3.0201270446536546e+00   2.1565478488949282e+01   9.9999723502089399e-01
 -6.9749999999999996e+00   5.5646403678852396e-01   1.7970613263189825e+00   3.0202468888347904e+00   2.1566294564860240e+01   9.9999710125386143e-01
 -6.9499999999999993e+00   5.5644601558777995e-01   1.7971195263995001e+00   3.0203696037440531e+00   2.1567130188921546e+01   9.9999696100837732e-01
 -6.9250000000000007e+00   5.5642756266765447e-01   1.7971791246388786e+00   3.0204952584354907e+00   2.1567985831354989e+01   9.9999681397017681e-01
 -6.9000000000000004e+00   5.5640866764120456e-01   1.7972401548655270e+00   3.0206239236387282e+00   2.1568861973792156e+01   9.9999665980971164e-01
 -6.8750000000000000e+00   5.5638931986938878e-01   1.7973026517380812e+00   3.0207556718000483e+00   2.1569759109554173e+01   9.9999649818140635e-01
 -6.8499999999999996e+00   5.5636950845491984e-01   1.7973666507660988e+00   3.0208905771242525e+00   2.1570677743936749e+01   9.9999632872287469e-01
 -6.8249999999999993e+00   5.5634922223601890e-01   1.7974321883311126e+00   3.0210287156171907e+00   2.1571618394499790e+01   9.9999615105409978e-01
 -6.8000000000000007e+00   5.5632844977939300e-01   1.7974993017102414e+00   3.0211701651335803e+00   2.1572581591393025e+01   9.9999596477657082e-01
 -6.7750000000000004e+00   5.5630717937410790e-01   1.7975680290969527e+00   3.0213150054187321e+00   2.1573567877640119e+01   9.9999576947238200e-01
 -6.7500000000000000e+00   5.5628539902427920e-01   1.7976384096256943e+00   3.0214633181583159e+00   2.1574577809477574e+01   9.9999556470328244e-01
 -6.7249999999999996e+00   5.5626309644231553e-01   1.7977104833947941e+00   3.0216151870243739e+00   2.1575611956668030e+01   9.9999535000968343e-01
 -6.6999999999999993e+00   5.5624025904139685e-01   1.7977842914918847e+00   3.0217706977265371e+00   2.1576670902849056e+01   9.9999512490961362e-01
 -6.6750000000000007e+00   5.5621687392834285e-01   1.7978598760181259e+00   3.0219299380605902e+00   2.1577755245863809e+01   9.9999488889762489e-01
 -6.6500000000000004e+00   5.5619292789572061e-01   1.7979372801149456e+00   3.0220929979622126e+00   2.1578865598127024e+01   9.9999464144364325e-01
 -6.6250000000000000e+00   5.5616840741431806e-01   1.7980165479896619e+00   3.0222599695582306e+00   2.1580002586973983e+01   9.9999438199176371e-01
 -6.5999999999999996e+00   5.5614329862481293e-01   1.7980977249437704e+00   3.0224309472233477e+00   2.1581166855046838e+01   9.9999410995898519e-01
 -6.5749999999999993e+00   5.5611758732978966e-01   1.7981808574001787e+00   3.0226060276345046e+00   2.1582359060664761e+01   9.9999382473388321e-01
 -6.5500000000000007e+00   5.5609125898531786e-01   1.7982659929319307e+00   3.0227853098282265e+00   2.1583579878214465e+01   9.9999352567521882e-01
 -6.5250000000000004e+00   5.5606429869208407e-01   1.7983531802924495e+00   3.0229688952610103e+00   2.1584829998561382e+01   9.9999321211047532e-01
 -6.5000000000000000e+00   5.5603669118664145e-01   1.7984424694454850e+00   3.0231568878689106e+00   2.1586110129455445e+01   9.9999288333432546e-01
 -6.4749999999999996e+00   5.5600842083240942e-01   1.7985339115959493e+00   3.0233493941288252e+00   2.1587420995948385e+01   9.9999253860702320e-01
 -6.4499999999999993e+00   5.5597947161013472e-01   1.7986275592225867e+00   3.0235465231234535e+00   2.1588763340836078e+01   9.9999217715271271e-01
 -6.4250000000000007e+00   5.5594982710842000e-01   1.7987234661105171e+00   3.0237483866057890e+00   2.1590137925097700e+01   9.9999179815765848e-01
 -6.4000000000000004e+00   5.5591947051386459e-01   1.7988216873851337e+00   3.0239550990662574e+00   2.1591545528352896e+01   9.9999140076838378e-01
 -6.3750000000000000e+00   5.5588838460085488e-01   1.7989222795472350e+00   3.0241667778022370e+00   2.1592986949335192e+01   9.9999098408971787e-01
 -6.3499999999999996e+00   5.5585655172132153e-01   1.7990253005083758e+00   3.0243835429878088e+00   2.1594463006366936e+01   9.9999054718274860e-01
 -6.3249999999999993e+00   5.5582395379410265e-01   1.7991308096276042e+00   3.0246055177461852e+00   2.1595974537852531e+01   9.9999008906267195e-01
 -6.3000000000000007e+00   5.5579057229389073e-01   1.7992388677496680e+00   3.0248328282249788e+00   2.1597522402790933e+01   9.9998960869653275e-01
 -6.2750000000000004e+00   5.5575638824020346e-01   1.7993495372432680e+00   3.0250656036713015e+00   2.1599107481287078e+01   9.9998910500085847e-01
 -6.2500000000000000e+00   5.5572138218565714e-01   1.7994628820417007e+00   3.0253039765116196e+00   2.1600730675095626e+01   9.9998857683916942e-01
 -6.2249999999999996e+00   5.5568553420432221e-01   1.7995789676833769e+00   3.0255480824310448e+00   2.1602392908160901e+01   9.9998802301937040e-01
 -6.1999999999999993e+00   5.5564882387959214e-01   1.7996978613540586e+00   3.0257980604559411e+00   2.1604095127179409e+01   9.9998744229100922e-01
 -6.1750000000000007e+00   5.5561123029152026e-01   1.7998196319309747e+00   3.0260540530401547e+00   2.1605838302186996e+01   9.9998683334240013e-01
 -6.1500000000000004e+00   5.5557273200432111e-01   1.7999443500265637e+00   3.0263162061501232e+00   2.1607623427138414e+01   9.9998619479760398e-01
 -6.1250000000000000e+00   5.5553330705297876e-01   1.8000720880352803e+00   3.0265846693560650e+00   2.1609451520528275e+01   9.9998552521325745e-01
 -6.0999999999999996e+00   5.5549293292993973e-01   1.8002029201803054e+00   3.0268595959225943e+00   2.1611323626008080e+01   9.9998482307524472e-01
 -6.0749999999999993e+00   5.5545158657111415e-01   1.8003369225626842e+00   3.0271411429040462e+00   2.1613240813035336e+01   9.9998408679520190e-01
 -6.0500000000000007e+00   5.5540924434181793e-01   1.8004741732108542e+00   3.0274294712402026e+00   2.1615204177525406e+01   9.9998331470684843e-01
 -6.0250000000000004e+00   5.5536588202200043e-01   1.8006147521326952e+00   3.0277247458568834e+00   2.1617214842536480e+01   9.9998250506213415e-01
 -6.0000000000000000e+00   5.5532147479130944e-01   1.8007587413683241e+00   3.0280271357676476e+00   2.1619273958962101e+01   9.9998165602719258e-01
 -5.9749999999999996e+00   5.5527599721366627e-01   1.8009062250447088e+00   3.0283368141788278e+00   2.1621382706246386e+01   9.9998076567809369e-01
 -5.9499999999999993e+00   5.5522942322137536e-01   1.8010572894320305e+00   3.0286539585977352e+00   2.1623542293120877e+01   9.9997983199638274e-01
 -5.9250000000000007e+00   5.5518172609898075e-01   1.8012120230011222e+00   3.0289787509425894e+00   2.1625753958353073e+01   9.9997885286439481e-01
 -5.9000000000000004e+00   5.5513287846630566e-01   1.8013705164838223e+00   3.0293113776580101e+00   2.1628018971532882e+01   9.9997782606033525e-01
 -5.8750000000000000e+00   5.5508285226151577e-01   1.8015328629335332e+00   3.0296520298303453e+00   2.1630338633857939e+01   9.9997674925311175e-01
 -5.8499999999999996e+00   5.5503161872330276e-01   1.8016991577889281e+00   3.0300009033089950e+00   2.1632714278959771e+01   9.9997561999690787e-01
 -5.8249999999999993e+00   5.5497914837280427e-01   1.8018694989388238e+00   3.0303581988295245e+00   2.1635147273742110e+01   9.9997443572548261e-01
 -5.8000000000000007e+00   5.5492541099487847e-01   1.8020439867894773e+00   3.0307241221411751e+00   2.1637639019249200e+01   9.9997319374618199e-01
 -5.7750000000000004e+00   5.5487037561896657e-01   1.8022227243335607e+00   3.0310988841371818e+00   2.1640190951553169e+01   9.9997189123364982e-01
 -5.7500000000000000e+00   5.5481401049939738e-01   1.8024058172213122e+00   3.0314827009888865e+00   2.1642804542667292e+01   9.9997052522322105e-01
 -5.7249999999999996e+00   5.5475628309507308e-01   1.8025933738340767e+00   3.0318757942840695e+00   2.1645481301487937e+01   9.9996909260398059e-01
 -5.6999999999999993e+00   5.5469716004870673e-01   1.8027855053597033e+00   3.0322783911683300e+00   2.1648222774757290e+01   9.9996759011147063e-01
 -5.6750000000000007e+00   5.5463660716523455e-01   1.8029823258710456e+00   3.0326907244920869e+00   2.1651030548064384e+01   9.9996601432002941e-01
 -5.6500000000000004e+00   5.5457458938998816e-01   1.8031839524056874e+00   3.0331130329592160e+00   2.1653906246857193e+01   9.9996436163474234e-01
 -5.6250000000000000e+00   5.5451107078587736e-01   1.8033905050493513e+00   3.0335455612824203e+00   2.1656851537500668e+01   9.9996262828298199e-01
 -5.5999999999999996e+00   5.5444601451008491e-01   1.8036021070213877e+00   3.0339885603419301e+00   2.1659868128357367e+01   9.9996081030552031e-01
 -5.5749999999999993e+00   5.5437938279019150e-01   1.8038188847626329e+00   3.0344422873480754e+00   2.1662957770894508e+01   9.9995890354718975e-01
 -5.5500000000000007e+00   5.5431113689940437e-01   1.8040409680267324e+00   3.0349070060099694e+00   2.1666122260832612e+01   9.9995690364706624e-01
 -5.5250000000000004e+00   5.5424123713124096e-01   1.8042684899738091e+00   3.0353829867078983e+00   2.1669363439319369e+01   9.9995480602815223e-01
 -5.5000000000000000e+00   5.5416964277334591e-01   1.8045015872675612e+00   3.0358705066716118e+00   2.1672683194143737e+01   9.9995260588653478e-01
 -5.4749999999999996e+00   5.5409631208070331e-01   1.8047404001749636e+00   3.0363698501627381e+00   2.1676083460978049e+01   9.9995029817998782e-01
 -5.4499999999999993e+00   5.5402120224789853e-01   1.8049850726697403e+00   3.0368813086636610e+00   2.1679566224664210e+01   9.9994787761599124e-01
 -5.4250000000000007e+00   5.5394426938070152e-01   1.8052357525387523e+00   3.0374051810710267e+00   2.1683133520531353e+01   9.9994533863913693e-01
 -5.4000000000000004e+00   5.5386546846674201e-01   1.8054925914920927e+00   3.0379417738954286e+00   2.1686787435755583e+01   9.9994267541788795e-01
 -5.3750000000000000e+00   5.5378475334533017e-01   1.8057557452767539e+00   3.0384914014669135e+00   2.1690530110759376e+01   9.9993988183065707e-01
 -5.3499999999999996e+00   5.5370207667646232e-01   1.8060253737937799e+00   3.0390543861460344e+00   2.1694363740648743e+01   9.9993695145117045e-01
 -5.3249999999999993e+00   5.5361738990872833e-01   1.8063016412198760e+00   3.0396310585423878e+00   2.1698290576701343e+01   9.9993387753307494e-01
 -5.3000000000000007e+00   5.5353064324645151e-01   1.8065847161324444e+00   3.0402217577383706e+00   2.1702312927890151e+01   9.9993065299375317e-01
 -5.2750000000000004e+00   5.5344178561576551e-01   1.8068747716390601e+00   3.0408268315201794e+00   2.1706433162456459e+01   9.9992727039730167e-01
 -5.2500000000000000e+00   5.5335076462957278e-01   1.8071719855116233e+00   3.0414466366164263e+00   2.1710653709534693e+01   9.9992372193662726e-01
 -5.2249999999999996e+00   5.5325752655170624e-01   1.8074765403241959e+00   3.0420815389421776e+00   2.1714977060814213e+01   9.9991999941461762e-01
 -5.1999999999999993e+00   5.5316201625968886e-01   1.8077886235965583e+00   3.0427319138525424e+00   2.1719405772266118e+01   9.9991609422433159e-01
 -5.1750000000000007e+00   5.5306417720658407e-01   1.8081084279419413e+00   3.0433981464024504e+00   2.1723942465912177e+01   9.9991199732816216e-01
 -5.1500000000000004e+00   5.5296395138158139e-01   1.8084361512201623e+00   3.0440806316150439e+00   2.1728589831652457e+01   9.9990769923591261e-01
 -5.1250000000000000e+00   5.5286127926938222e-01   1.8087719966960265e+00   3.0447797747582390e+00   2.1733350629148550e+01   9.9990318998172989e-01
 -5.0999999999999996e+00   5.5275609980840679e-01   1.8091161732029992e+00   3.0454959916293136e+00   2.1738227689761473e+01   9.9989845909983266e-01
 -5.0749999999999993e+00   5.5264835034755178e-01   1.8094688953131153e+00   3.0462297088493662e+00   2.1743223918556776e+01   9.9989349559896945e-01
 -5.0500000000000007e+00   5.5253796660177479e-01   1.8098303835123064e+00   3.0469813641657626e+00   2.1748342296364033e+01   9.9988828793553697e-01
 -5.0250000000000004e+00   5.5242488260619005e-01   1.8102008643822713e+00   3.0477514067647187e+00   2.1753585881905387e+01   9.9988282398528638e-01
 -5.0000000000000000e+00   5.5230903066869164e-01   1.8105805707889293e+00   3.0485402975939122e+00   2.1758957813992360e+01   9.9987709101354172e-01
 -4.9749999999999996e+00   5.5219034132121991e-01   1.8109697420771806e+00   3.0493485096943331e+00   2.1764461313785571e+01   9.9987107564384814e-01
 -4.9499999999999993e+00   5.5206874326933852e-01   1.8113686242731708e+00   3.0501765285436364e+00   2.1770099687132792e+01   9.9986476382496392e-01
 -4.9250000000000007e+00   5.5194416334028817e-01   1.8117774702936273e+00   3.0510248524098711e+00   2.1775876326977659e+01   9.9985814079610624e-01
 -4.9000000000000004e+00   5.5181652642934964e-01   1.8121965401629418e+00   3.0518939927167166e+00   2.1781794715846747e+01   9.9985119105035480e-01
 -4.8750000000000000e+00   5.5168575544450094e-01   1.8126261012381695e+00   3.0527844744203407e+00   2.1787858428415760e+01   9.9984389829611020e-01
 -4.8499999999999996e+00   5.5155177124927046e-01   1.8130664284424101e+00   3.0536968363985393e+00   2.1794071134159378e+01   9.9983624541650140e-01
 -4.8249999999999993e+00   5.5141449260374575e-01   1.8135178045068434e+00   3.0546316318524354e+00   2.1800436600086613e+01   9.9982821442662906e-01
 -4.8000000000000007e+00   5.5127383610365466e-01   1.8139805202218457e+00   3.0555894287213037e+00   2.1806958693565551e+01   9.9981978642852198e-01
 -4.7750000000000004e+00   5.5112971611747885e-01   1.8144548746974840e+00   3.0565708101107965e+00   2.1813641385239332e+01   9.9981094156368044e-01
 -4.7500000000000000e+00   5.5098204472143009e-01   1.8149411756341134e+00   3.0575763747357181e+00   2.1820488752041232e+01   9.9980165896307294e-01
 -4.7249999999999996e+00   5.5083073163233154e-01   1.8154397396031272e+00   3.0586067373770720e+00   2.1827504980306887e+01   9.9979191669444323e-01
 -4.6999999999999993e+00   5.5067568413829671e-01   1.8159508923384022e+00   3.0596625293540960e+00   2.1834694368988643e+01   9.9978169170677478e-01
 -4.6750000000000007e+00   5.5051680702700168e-01   1.8164749690393234e+00   3.0607443990126946e+00   2.1842061332981480e+01   9.9977095977175423e-01
 -4.6500000000000004e+00   5.5035400251159905e-01   1.8170123146854453e+00   3.0618530122299248e+00   2.1849610406558323e+01   9.9975969542206367e-01
 -4.6250000000000000e+00   5.5018717015417562e-01   1.8175632843633487e+00   3.0629890529352073e+00   2.1857346246919221e+01   9.9974787188632219e-01
 -4.5999999999999996e+00   5.5001620678651697e-01   1.8181282436067190e+00   3.0641532236498819e+00   2.1865273637865403e+01   9.9973546102048660e-01
 -4.5749999999999993e+00   5.4984100642825917e-01   1.8187075687496501e+00   3.0653462460445478e+00   2.1873397493594506e+01   9.9972243323550769e-01
 -4.5500000000000007e+00   5.4966146020216644e-01   1.8193016472943151e+00   3.0665688615159792e+00   2.1881722862629061e+01   9.9970875742103127e-01
 -4.5250000000000004e+00   5.4947745624656097e-01   1.8199108782932143e+00   3.0678218317834336e+00   2.1890254931877021e+01   9.9969440086491290e-01
 -4.5000000000000000e+00   5.4928887962464668e-01   1.8205356727471784e+00   3.0691059395061075e+00   2.1898999030836336e+01   9.9967932916830804e-01
 -4.4749999999999996e+00   5.4909561223074677e-01   1.8211764540193947e+00   3.0704219889216113e+00   2.1907960635942601e+01   9.9966350615608190e-01
 -4.4499999999999993e+00   5.4889753269319119e-01   1.8218336582666963e+00   3.0717708065072529e+00   2.1917145375072078e+01   9.9964689378226690e-01
 -4.4250000000000007e+00   5.4869451627383536e-01   1.8225077348885568e+00   3.0731532416642628e+00   2.1926559032200903e+01   9.9962945203027820e-01
 -4.4000000000000004e+00   5.4848643476402981e-01   1.8231991469948035e+00   3.0745701674261872e+00   2.1936207552228851e+01   9.9961113880758889e-01
 -4.3750000000000000e+00   5.4827315637685936e-01   1.8239083718930844e+00   3.0760224811926813e+00   2.1946097045976114e+01   9.9959190983452895e-01
 -4.3499999999999996e+00   5.4805454563553802e-01   1.8246359015969378e+00   3.0775111054894824e+00   2.1956233795358290e+01   9.9957171852687332e-01
 -4.3250000000000011e+00   5.4783046325782503e-01   1.8253822433554061e+00   3.0790369887554752e+00   2.1966624258745906e+01   9.9955051587184773e-01
 -4.3000000000000007e+00   5.4760076603623364e-01   1.8261479202054878e+00   3.0806011061584075e+00   2.1977275076519000e+01   9.9952825029716363e-01
 -4.2750000000000004e+00   5.4736530671387751e-01   1.8269334715485115e+00   3.0822044604403107e+00   2.1988193076823993e+01   9.9950486753266865e-01
 -4.2500000000000000e+00   5.4712393385583735e-01   1.8277394537514269e+00   3.0838480827934260e+00   2.1999385281538292e+01   9.9948031046417363e-01
 -4.2249999999999996e+00   5.4687649171575092e-01   1.8285664407746536e+00   3.0855330337686557e+00   2.2010858912456357e+01   9.9945451897898907e-01
 -4.2000000000000011e+00   5.4662282009751351e-01   1.8294150248275536e+00   3.0872604042173108e+00   2.2022621397702512e+01   9.9942742980266941e-01
 -4.1750000000000007e+00   5.4636275421182645e-01   1.8302858170531460e+00   3.0890313162679397e+00   2.2034680378382646e+01   9.9939897632643981e-01
 -4.1500000000000004e+00   5.4609612452741307e-01   1.8311794482434598e+00   3.0908469243394694e+00   2.2047043715483152e+01   9.9936908842474170e-01
 -4.1250000000000000e+00   5.4582275661661916e-01   1.8320965695873153e+00   3.0927084161925866e+00   2.2059719497030290e+01   9.9933769226229319e-01
 -4.0999999999999996e+00   5.4554247099524034e-01   1.8330378534519720e+00   3.0946170140204270e+00   2.2072716045517211e+01   9.9930471009003308e-01
 -4.0750000000000011e+00   5.4525508295624081e-01   1.8340039942007373e+00   3.0965739755808648e+00   2.2086041925614254e+01   9.9927006002925967e-01
 -4.0500000000000007e+00   5.4496040239714660e-01   1.8349957090483020e+00   3.0985805953718737e+00   2.2099705952172524e+01   9.9923365584324741e-01
 -4.0250000000000004e+00   5.4465823364081856e-01   1.8360137389559084e+00   3.1006382058519684e+00   2.2113717198534470e+01   9.9919540669556506e-01
 -4.0000000000000000e+00   5.4434837524932878e-01   1.8370588495684741e+00   3.1027481787076083e+00   2.2128085005164245e+01   9.9915521689427222e-01
 -3.9749999999999996e+00   5.4403061983062750e-01   1.8381318321960058e+00   3.1049119261696951e+00   2.2142818988612333e+01   9.9911298562112028e-01
 -3.9500000000000011e+00   5.4370475383766637e-01   1.8392335048418014e+00   3.1071309023814360e+00   2.2157929050830028e+01   9.9906860664481845e-01
 -3.9250000000000007e+00   5.4337055735969952e-01   1.8403647132798580e+00   3.1094066048194762e+00   2.2173425388846539e+01   9.9902196801737031e-01
 -3.9000000000000004e+00   5.4302780390532901e-01   1.8415263321845288e+00   3.1117405757712442e+00   2.2189318504828989e+01   9.9897295175241163e-01
 -3.8750000000000000e+00   5.4267626017698234e-01   1.8427192663151899e+00   3.1141344038706404e+00   2.2205619216539620e+01   9.9892143348441753e-01
 -3.8499999999999996e+00   5.4231568583644241e-01   1.8439444517590280e+00   3.1165897256946571e+00   2.2222338668207936e+01   9.9886728210756248e-01
 -3.8250000000000011e+00   5.4194583326100565e-01   1.8452028572353496e+00   3.1191082274238116e+00   2.2239488341837394e+01   9.9881035939294005e-01
 -3.8000000000000007e+00   5.4156644728981274e-01   1.8464954854650775e+00   3.1216916465695026e+00   2.2257080068967781e+01   9.9875051958275662e-01
 -3.7750000000000004e+00   5.4117726495998297e-01   1.8478233746089545e+00   3.1243417737707944e+00   2.2275126042910376e+01   9.9868760896002007e-01
 -3.7500000000000000e+00   5.4077801523202695e-01   1.8491875997786977e+00   3.1270604546642136e+00   2.2293638831480280e+01   9.9862146539214847e-01
 -3.7249999999999996e+00   5.4036841870407115e-01   1.8505892746253232e+00   3.1298495918297293e+00   2.2312631390247532e+01   9.9855191784680242e-01
 -3.7000000000000011e+00   5.3994818731435656e-01   1.8520295530093194e+00   3.1327111468165816e+00   2.2332117076331908e+01   9.9847878587813910e-01
 -3.6750000000000007e+00   5.3951702403152413e-01   1.8535096307573971e+00   3.1356471422522745e+00   2.2352109662764086e+01   9.9840187908155775e-01
 -3.6500000000000004e+00   5.3907462253207317e-01   1.8550307475112191e+00   3.1386596640389137e+00   2.2372623353441533e+01   9.9832099651486716e-01
 -3.6250000000000000e+00   5.3862066686442922e-01   1.8565941886736030e+00   3.1417508636407301e+00   2.2393672798705349e+01   9.9823592608366618e-01
 -3.5999999999999996e+00   5.3815483109897300e-01   1.8582012874582710e+00   3.1449229604671971e+00   2.2415273111568034e+01   9.9814644388856677e-01
 -3.5750000000000011e+00   5.3767677896344312e-01   1.8598534270493210e+00   3.1481782443557473e+00   2.2437439884619490e+01   9.9805231353173007e-01
 -3.5500000000000007e+00   5.3718616346293790e-01   1.8615520428775769e+00   3.1515190781593607e+00   2.2460189207647137e+01   9.9795328537999939e-01
 -3.5250000000000004e+00   5.3668262648389120e-01   1.8632986250208259e+00   3.1549479004432799e+00   2.2483537685999131e+01   9.9784909578172010e-01
 -3.5000000000000000e+00   5.3616579838122991e-01   1.8650947207359356e+00   3.1584672282962525e+00   2.2507502459727437e+01   9.9773946623413656e-01
 -3.4749999999999996e+00   5.3563529754791406e-01   1.8669419371312945e+00   3.1620796602617354e+00   2.2532101223547805e+01   9.9762410249802358e-01
 -3.4500000000000011e+00   5.3509072996610185e-01   1.8688419439883592e+00   3.1657878793942262e+00   2.2557352247651760e+01   9.9750269365597499e-01
 -3.4250000000000007e+00   5.3453168873901313e-01   1.8707964767421923e+00   3.1695946564470265e+00   2.2583274399413611e+01   9.9737491111051324e-01
 -3.4000000000000004e+00   5.3395775360264353e-01   1.8728073396311651e+00   3.1735028531972116e+00   2.2609887166031754e+01   9.9724040751790022e-01
 -3.3750000000000000e+00   5.3336849041635748e-01   1.8748764090270522e+00   3.1775154259144247e+00   2.2637210678149327e+01   9.9709881565324143e-01
 -3.3499999999999996e+00   5.3276345063141073e-01   1.8770056369573374e+00   3.1816354289799609e+00   2.2665265734498256e+01   9.9694974720214014e-01
 -3.3250000000000011e+00   5.3214217073634795e-01   1.8791970548326533e+00   3.1858660186633148e+00   2.2694073827615597e+01   9.9679279147382149e-01
 -3.3000000000000007e+00   5.3150417167823338e-01   1.8814527773930412e+00   3.1902104570632992e+00   2.2723657170680458e+01   9.9662751403027094e-01
 -3.2750000000000004e+00   5.3084895825857004e-01   1.8837750068879522e+00   3.1946721162215161e+00   2.2754038725524570e+01   9.9645345522552697e-01
 -3.2500000000000000e+00   5.3017601850279383e-01   1.8861660375057692e+00   3.1992544824157707e+00   2.2785242231868203e+01   9.9627012864884157e-01
 -3.2249999999999996e+00   5.2948482300207111e-01   1.8886282600702389e+00   3.2039611606420841e+00   2.2817292237840302e+01   9.9607701946495231e-01
 -3.2000000000000011e+00   5.2877482422620325e-01   1.8911641670220904e+00   3.2087958792934530e+00   2.2850214131838392e+01   9.9587358264421288e-01
 -3.1750000000000007e+00   5.2804545580629558e-01   1.8937763577059032e+00   3.2137624950444965e+00   2.2884034175790443e+01   9.9565924107479098e-01
 -3.1500000000000004e+00   5.2729613178585188e-01   1.8964675439836622e+00   3.2188649979511106e+00   2.2918779539880848e+01   9.9543338354855893e-01
 -3.1250000000000000e+00   5.2652624583888596e-01   1.8992405561982078e+00   3.2241075167747142e+00   2.2954478338805746e+01   9.9519536261168717e-01
 -3.0999999999999996e+00   5.2573517045361762e-01   1.9020983495115511e+00   3.2294943245408554e+00   2.2991159669624192e+01   9.9494449227027792e-01
 -3.0750000000000011e+00   5.2492225608025922e-01   1.9050440106450786e+00   3.2350298443423338e+00   2.3028853651274392e+01   9.9468004554065637e-01
 -3.0500000000000007e+00   5.2408683024133496e-01   1.9080807650509237e+00   3.2407186553974592e+00   2.3067591465827256e+01   9.9440125183316319e-01
 -3.0250000000000004e+00   5.2322819660299125e-01   1.9112119845459474e+00   3.2465654993739417e+00   2.3107405401548757e+01   9.9410729415746546e-01
 -3.0000000000000000e+00   5.2234563400567136e-01   1.9144411954425229e+00   3.2525752869894875e+00   2.3148328897846518e+01   9.9379730613651052e-01
 -2.9749999999999996e+00   5.2143839545252568e-01   1.9177720872130233e+00   3.2587531049001912e+00   2.3190396592176178e+01   9.9347036881529083e-01
 -2.9500000000000011e+00   5.2050570705388099e-01   1.9212085217280497e+00   3.2651042228881497e+00   2.3233644368985221e+01   9.9312550724956494e-01
 -2.9250000000000007e+00   5.1954676692611812e-01   1.9247545431116204e+00   3.2716341013595236e+00   2.3278109410770870e+01   9.9276168685858224e-01
 -2.9000000000000004e+00   5.1856074404325059e-01   1.9284143882603557e+00   3.2783483991646842e+00   2.3323830251331160e+01   9.9237780952468502e-01
 -2.8750000000000000e+00   5.1754677703955776e-01   1.9321924980774574e+00   3.2852529817516531e+00   2.3370846831285586e+01   9.9197270942141180e-01
 -2.8499999999999996e+00   5.1650397296161343e-01   1.9360935294767230e+00   3.2923539296641313e+00   2.3419200555942215e+01   9.9154514855038201e-01
 -2.8250000000000011e+00   5.1543140596809733e-01   1.9401223682165287e+00   3.2996575473951006e+00   2.3468934355586057e+01   9.9109381196581814e-01
 -2.8000000000000007e+00   5.1432811597587091e-01   1.9442841426287374e+00   3.3071703726063353e+00   2.3520092748259103e+01   9.9061730266405124e-01
 -2.7750000000000004e+00   5.1319310725084810e-01   1.9485842383132426e+00   3.3148991857238319e+00   2.3572721905100160e+01   9.9011413611374055e-01
 -2.7500000000000000e+00   5.1202534694233981e-01   1.9530283138748832e+00   3.3228510199181551e+00   2.3626869718305745e+01   9.8958273440083155e-01
 -2.7249999999999996e+00   5.1082376355968873e-01   1.9576223177862242e+00   3.3310331714777504e+00   2.3682585871766925e+01   9.8902141996049198e-01
 -2.7000000000000011e+00   5.0958724539025391e-01   1.9623725064668298e+00   3.3394532105816430e+00   2.3739921914425711e+01   9.8842840886635686e-01
 -2.6750000000000007e+00   5.0831463885798156e-01   1.9672854636779225e+00   3.3481189924767039e+00   2.3798931336386381e+01   9.8780180364544190e-01
 -2.6500000000000004e+00   5.0700474682218766e-01   1.9723681213397226e+00   3.3570386690620491e+00   2.3859669647799151e+01   9.8713958558500969e-01
 -2.6250000000000000e+00   5.0565632681651240e-01   1.9776277818884489e+00   3.3662207008808345e+00   2.3922194460517989e+01   9.8643960649552875e-01
 -2.5999999999999996e+00   5.0426808922846500e-01   1.9830721423003577e+00   3.3756738695165973e+00   2.3986565572513211e+01   9.8569957989164969e-01
 -2.5750000000000011e+00   5.0283869542056570e-01   1.9887093199214056e+00   3.3854072903872949e+00   2.4052845054992126e+01   9.8491707155086183e-01
 -2.5500000000000007e+00   5.0136675579473278e-01   1.9945478802535830e+00   3.3954304259258103e+00   2.4121097342151391e+01   9.8408948940720697e-01
 -2.5250000000000004e+00   4.9985082780234635e-01   2.0005968668624976e+00   3.4057530991303722e+00   2.4191389323448231e+01   9.8321407273513006e-01
 -2.5000000000000000e+00   4.9828941390340364e-01   2.0068658335853304e+00   3.4163855074616367e+00   2.4263790438232267e+01   9.8228788057630601e-01
 -2.4749999999999996e+00   4.9668095947925311e-01   2.0133648792344556e+00   3.4273382370558703e+00   2.4338372772529837e+01   9.8130777936011748e-01
 -2.4500000000000011e+00   4.9502385070473137e-01   2.0201046850093562e+00   3.4386222772145794e+00   2.4415211157710743e+01   9.8027042966644062e-01
 -2.4250000000000007e+00   4.9331641238708840e-01   2.0270965548483200e+00   3.4502490351202959e+00   2.4494383270695035e+01   9.7917227207761581e-01
 -2.4000000000000004e+00   4.9155690578085587e-01   2.0343524589720978e+00   3.4622303507161729e+00   2.4575969735275230e+01   9.7800951206500031e-01
 -2.3750000000000000e+00   4.8974352638999680e-01   2.0418850808936906e+00   3.4745785116721941e+00   2.4660054224028336e+01   9.7677810385447628e-01
 -2.3499999999999996e+00   4.8787440177109975e-01   2.0497078681926393e+00   3.4873062683442653e+00   2.4746723560179419e+01   9.7547373321482156e-01
 -2.3250000000000011e+00   4.8594758935431448e-01   2.0578350873778679e+00   3.5004268486124976e+00   2.4836067818642494e+01   9.7409179911317301e-01
 -2.3000000000000007e+00   4.8396107430205648e-01   2.0662818831910150e+00   3.5139539724623061e+00   2.4928180425310170e+01   9.7262739418306587e-01
 -2.2750000000000004e+00   4.8191276742943373e-01   2.0750643427317570e+00   3.5279018661452093e+00   2.5023158253481235e+01   9.7107528395306253e-01
 -2.2500000000000000e+00   4.7980050321485113e-01   2.0841995648183125e+00   3.5422852757255696e+00   2.5121101716106850e+01   9.6942988478802783e-01
 -2.2249999999999996e+00   4.7762203793448976e-01   2.0937057350296704e+00   3.5571194797838070e+00   2.5222114852292766e+01   9.6768524050109905e-01
 -2.2000000000000011e+00   4.7537504796041591e-01   2.1036022069110980e+00   3.5724203010053857e+00   2.5326305406214221e+01   9.6583499760277702e-01
 -2.1750000000000007e+00   4.7305712826898810e-01   2.1139095898611711e+00   3.5882041163377760e+00   2.5433784896279530e+01   9.6387237916486235e-01
 -2.1500000000000004e+00   4.7066579121428687e-01   2.1246498442558690e+00   3.6044878653427537e+00   2.5544668672004839e+01   9.6179015729185102e-01
 -2.1250000000000000e+00   4.6819846563044037e-01   2.1358463844034095e+00   3.6212890563090920e+00   2.5659075955638361e+01   9.5958062421164980e-01
 -2.0999999999999996e+00   4.6565249633726330e-01   2.1475241899610023e+00   3.6386257696189004e+00   2.5777129865083364e+01   9.5723556202198701e-01
 -2.0750000000000011e+00   4.6302514413561491e-01   2.1597099264810362e+00   3.6565166577792327e+00   2.5898957414113408e+01   9.5474621115974367e-01
 -2.0500000000000007e+00   4.6031358639257675e-01   2.1724320757874693e+00   3.6749809414373362e+00   2.6024689485238294e+01   9.5210323769889749e-01
 -2.0250000000000004e+00   4.5751491833206492e-01   2.1857210769118542e+00   3.6940384005922593e+00   2.6154460769859714e+01   9.4929669963029584e-01
 -2.0000000000000000e+00   4.5462615516406396e-01   2.1996094783396773e+00   3.7137093600958870e+00   2.6288409669540933e+01   9.4631601233476315e-01
 -1.9749999999999996e+00   4.5164423520544122e-01   2.2141321023285641e+00   3.7340146684018349e+00   2.6426678151297914e+01   9.4314991353203759e-01
 -1.9500000000000011e+00   4.4856602416748320e-01   2.2293262220560544e+00   3.7549756683695805e+00   2.6569411548790789e+01   9.3978642807394386e-01
 -1.9250000000000007e+00   4.4538832081000307e-01   2.2452317523309890e+00   3.7766141587629583e+00   2.6716758300148857e+01   9.3621283305351277e-01
 -1.9000000000000004e+00   4.4210786418925158e-01   2.2618914545522166e+00   3.7989523448956986e+00   2.6868869611892599e+01   9.3241562382523246e-01
 -1.8750000000000000e+00   4.3872134275692870e-01   2.2793511565131328e+00   3.8220127766719352e+00   2.7025899037022114e+01   9.2838048167825638e-01
 -1.8499999999999996e+00   4.3522540560029960e-01   2.2976599875200661e+00   3.8458182720469214e+00   2.7188001953824813e+01   9.2409224407742097e-01
 -1.8250000000000011e+00   4.3161667614860155e-01   2.3168706291035646e+00   3.8703918236936024e+00   2.7355334930323771e+01   9.1953487858963789e-01
 -1.8000000000000007e+00   4.2789176870816004e-01   2.3370395813387135e+00   3.8957564864071577e+00   2.7528054957561864e+01   9.1469146184898698e-01
 -1.7750000000000004e+00   4.2404730822732306e-01   2.3582274444339135e+00   3.9219352425161862e+00   2.7706318533122609e+01   9.0954416518558534e-01
 -1.7500000000000000e+00   4.2007995373142309e-01   2.3804992147741166e+00   3.9489508423029243e+00   2.7890280574475721e+01   9.0407424885359600e-01
 -1.7249999999999996e+00   4.1598642590611296e-01   2.4039245939859040e+00   3.9768256161752218e+00   2.8080093139966920e+01   8.9826206714400803e-01
 -1.7000000000000011e+00   4.1176353934253607e-01   2.4285783087951467e+00   4.0055812550938725e+00   2.8275903933643423e+01   8.9208708705791251e-01
 -1.6750000000000007e+00   4.0740823998713871e-01   2.4545404384348450e+00   4.0352385555590686e+00   2.8477854568745681e+01   8.8552792364327604e-01
 -1.6500000000000004e+00   4.0291764835888311e-01   2.4818967450869494e+00   4.0658171253238837e+00   2.8686078563770781e+01   8.7856239555667714e-01
 -1.6250000000000000e+00   3.9828910910240900e-01   2.5107390012587008e+00   4.0973350459632769e+00   2.8900699044744673e+01   8.7116760489007927e-01
 -1.5999999999999996e+00   3.9352024743131342e-01   2.5411653060483093e+00   4.1298084885250077e+00   2.9121826128006827e+01   8.6332004578418797e-01
 -1.5750000000000011e+00   3.8860903297363114e-01   2.5732803798923904e+00   4.1632512787754639e+00   2.9349553959762680e+01   8.5499574680829593e-01
 -1.5500000000000007e+00   3.8355385145268700e-01   2.6071958245564750e+00   4.1976744090907090e+00   2.9583957392318172e+01   8.4617045248528611e-01
 -1.5250000000000004e+00   3.7835358450991929e-01   2.6430303317868606e+00   4.2330854949049979e+00   2.9825088282779635e+01   8.3681984962989464e-01
 -1.5000000000000000e+00   3.7300769778959453e-01   2.6809098201616153e+00   4.2694881749001379e+00   3.0072971408658542e+01   8.2691984428327325e-01
 -1.4749999999999996e+00   3.6751633714480603e-01   2.7209674752662423e+00   4.3068814558931940e+00   3.0327600006900877e+01   8.1644689488463018e-01
 -1.4500000000000011e+00   3.6188043247542206e-01   2.7633436634292661e+00   4.3452590057546026e+00   3.0588930959031035e+01   8.0537840682009154e-01
 -1.4250000000000007e+00   3.5610180825784882e-01   2.8081856840106596e+00   4.3846084007585642e+00   3.0856879666003376e+01   7.9369319251099646e-01
 -1.4000000000000004e+00   3.5018329926208142e-01   2.8556473198671530e+00   4.4249103376107159e+00   3.1131314682524664e+01   7.8137199961555637e-01
 -1.3750000000000000e+00   3.4412886926683173e-01   2.9058881404820962e+00   4.4661378250604820e+00   3.1412052212358883e+01   7.6839810757995142e-01
 -1.3499999999999996e+00   3.3794372978026033e-01   2.9590725078705429e+00   4.5082553754752599e+00   3.1698850603372161e+01   7.5475798955567419e-01
 -1.3250000000000011e+00   3.3163445486629700e-01   3.0153682324810425e+00   4.5512182229335068e+00   3.1991405023157473e+01   7.4044203249588070e-01
 -1.3000000000000007e+00   3.2520908719686675e-01   3.0749448258641237e+00   4.5949716010647936e+00   3.2289342541504830e+01   7.2544530300899235e-01
 -1.2750000000000004e+00   3.1867722945357913e-01   3.1379713000350011e+00   4.6394501206523238e+00   3.2592217892201404e+01   7.0976834033227476e-01
 -1.2500000000000000e+00   3.1205011427130386e-01   3.2046134715739152e+00   4.6845772933539287e+00   3.2899510229821715e+01   6.9341795077993384e-01
 -1.2249999999999996e+00   3.0534064516326292e-01   3.2750307430093657e+00   4.7302652530236884e+00   3.3210621232074324e+01   6.7640797059106628e-01
 -1.2000000000000011e+00   2.9856340043432394e-01   3.3493723562408766e+00   4.7764147290644630e+00   3.3524874918346541e+01   6.5875995684413946e-01
 -1.1750000000000007e+00   2.9173459213859804e-01   3.4277731436281558e+00   4.8229153259050879e+00   3.3841519552797294e+01   6.4050375984284125e-01
 -1.1500000000000004e+00   2.8487197283737820e-01   3.5103488421125206e+00   4.8696461579298287e+00   3.4159731967893130e+01   6.2167792615131767e-01
 -1.1250000000000000e+00   2.7799468441238034e-01   3.5971910833970808e+00   4.9164768789807738e+00   3.4478624574778699e+01   6.0232988043657731e-01
 -1.0999999999999996e+00   2.7112304558262673e-01   3.6883622262764924e+00   4.9632691292562363e+00   3.4797255215894630e+01   5.8251583762230275e-01
 -1.0750000000000011e+00   2.6427827806474541e-01   3.7838902513017376e+00   5.0098784000152392e+00   3.5114639862635478e+01   5.6230040550799998e-01
 -1.0500000000000007e+00   2.5748217538134471e-01   3.8837639868427676e+00   5.0561562888184879e+00   3.5429767972355890e+01   5.4175585241588864e-01
 -1.0250000000000004e+00   2.5075672288366058e-01   3.9879289715552448e+00   5.1019530869745191e+00   3.5741620107519502e+01   5.2096103431221907e-01
 -1.0000000000000000e+00   2.4412368218439254e-01   4.0962842730050077e+00   5.1471206093337534e+00   3.6049187205109760e+01   4.9999999999999384e-01
 -9.7499999999999964e-01   2.3760415734888382e-01   4.2086805683776793e+00   5.1915151482986532e+00   3.6351490691887143e+01   4.7896031921899801e-01
 -9.5000000000000107e-01   2.3121816327656239e-01   4.3249197460490585e+00   5.2350004129193488e+00   3.6647602498086258e+01   4.5793120384258051e-01
 -9.2500000000000071e-01   2.2498421818493802e-01   4.4447562058686074e+00   5.2774503038635210e+00   3.6936663953502851e+01   4.3700151346006955e-01
 -9.0000000000000036e-01   2.1891898161868889e-01   4.5678999262923261e+00   5.3187513783843414e+00   3.7217902572630486e+01   4.1625775030010570e-01
 -8.7500000000000000e-01   2.1303695684243332e-01   4.6940212384822102e+00   5.3588048768693435e+00   3.7490645854393641e+01   3.9578215234100322e-01
 -8.4999999999999964e-01   2.0735027204499448e-01   4.8227571159540243e+00   5.3975282127244331e+00   3.7754331427475066e+01   3.7565098660572177e-01
 -8.2500000000000107e-01   2.0186854898733836e-01   4.9537186699782652e+00   5.4348558668124198e+00   3.8008513140972305e+01   3.5593312774291941e-01
 -8.0000000000000071e-01   1.9659886127922613e-01   5.0864994511830686e+00   5.4707396715670935e+00   3.8252862999065286e+01   3.3668898231365224e-01
 -7.7500000000000036e-01   1.9154577816423848e-01   5.2206841079136854e+00   5.5051485128402167e+00   3.8487169130750956e+01   3.1796979012785143e-01
 -7.5000000000000000e-01   1.8671148425659764e-01   5.3558569467837325e+00   5.5380675145566647e+00   3.8711330237773176e+01   2.9981730435144788e-01
 -7.2499999999999964e-01   1.8209596164458466e-01   5.4916099784343508e+00   5.5694967986858348e+00   3.8925347150679450e+01   2.8226382550240114e-01
 -7.0000000000000107e-01   1.7769721843181130e-01   5.6275501036260467e+00   5.5994499289956483e+00   3.9129312231603322e+01   2.6533254356591901e-01
 -6.7500000000000071e-01   1.7351154713571951e-01   5.7633051892379648e+00   5.6279521514945241e+00   3.9323397392598622e+01   2.4903812876984679e-01
 -6.5000000000000036e-01   1.6953379718285744e-01   5.8985288869652939e+00   5.6550385388817084e+00   3.9507841460321075e+01   2.3338750530793942e-01
 -6.2500000000000000e-01   1.6575764766613083e-01   6.0329041469881419e+00   5.6807521332136997e+00   3.9682937528562391e+01   2.1838074268485538e-01
 -5.9999999999999964e-01   1.6217586913529283e-01   6.1661454649937140e+00   5.7051421632485368e+00   3.9849020819301508e+01   2.0401200491000446e-01
 -5.7500000000000107e-01   1.5878056607208707e-01   6.2979999677416165e+00   5.7282623933174781e+00   4.0006457439388093e+01   1.9027050673097917e-01
 -5.5000000000000071e-01   1.5556339452111709e-01   6.4282474876456499e+00   5.7501696413731036e+00   4.0155634289228765e+01   1.7714143676283298e-01
 -5.2500000000000036e-01   1.5251575186967012e-01   6.5566998014377811e+00   5.7709224866884323e+00   4.0296950262896956e+01   1.6460681830377449e-01
 -5.0000000000000000e-01   1.4962893785716549e-01   6.6831992148109176e+00   5.7905801734671583e+00   4.0430808782294697e+01   1.5264628878372555e-01
 -4.7499999999999964e-01   1.4689428749652805e-01   6.8076166680316668e+00   5.8092017057189373e+00   4.0557611633728762e+01   1.4123778752240110e-01
 -4.5000000000000107e-01   1.4430327771877138e-01   6.9298495211513629e+00   5.8268451210657979e+00   4.0677754022913945e+01   1.3035814847993474e-01
 -4.2500000000000071e-01   1.4184761026278550e-01   7.0498191555529894e+00   5.8435669263062398e+00   4.0791620731461016e+01   1.1998359993341887e-01
 -4.0000000000000036e-01   1.3951927369986744e-01   7.1674685043959636e+00   5.8594216750607639e+00   4.0899583240864736e+01   1.1009017665155051e-01
 -3.7500000000000000e-01   1.3731058758738113e-01   7.2827596004832786e+00   5.8744616671086431e+00   4.1001997685145213e+01   1.0065405240883205e-01
 -3.4999999999999964e-01   1.3521423166358493e-01   7.3956712078061075e+00   5.8887367495864922e+00   4.1099203497114573e+01   9.1651801858733964e-02
 -3.2500000000000107e-01   1.3322326279096633e-01   7.5061965834679176e+00   5.9022942016130511e+00   4.1191522622732393e+01   8.3060601144700083e-02
 -3.0000000000000071e-01   1.3133112208032691e-01   7.6143414002688834e+00   5.9151786857779163e+00   4.1279259190769423e+01   7.4858376411632663e-02
 -2.7500000000000036e-01   1.2953163432146758e-01   7.7201218469785617e+00   5.9274322520182707e+00   4.1362699539206098e+01   6.7023908789883915e-02
 -2.5000000000000000e-01   1.2781900153622991e-01   7.8235629130349063e+00   5.9390943815192871e+00   4.1442112514171200e+01   5.9536903616131141e-02
 -2.2499999999999964e-01   1.2618779217420048e-01   7.9246968567253635e+00   5.9502020602857071e+00   4.1517749970925657e+01   5.2378030748360060e-02
 -2.0000000000000107e-01   1.2463292720108923e-01   8.0235618504454127e+00   5.9607898738726703e+00   4.1589847418929757e+01   4.5528941906180516e-02
 -1.7500000000000071e-01   1.2314966409041968e-01   8.1202007929617572e+00   5.9708901163939005e+00   4.1658624764131588e+01   3.8972270078469325e-02
 -1.5000000000000036e-01   1.2173357952217435e-01   8.2146602763606840e+00   5.9805329083348342e+00   4.1724287111212561e+01   3.2691615219567621e-02
 -1.2500000000000000e-01   1.2038055141657127e-01   8.3069896942035655e+00   5.9897463188931690e+00   4.1787025596662275e+01   2.6671519719847058e-02
 -1.0000000000000142e-01   1.1908674078503355e-01   8.3972404770496230e+00   5.9985564895642218e+00   4.1847018230329880e+01   2.0897436492957298e-02
 -7.5000000000001066e-02   1.1784857376050041e-01   8.4854654417139184e+00   6.0069877565050742e+00   4.1904430728659584e+01   1.5355691969013445e-02
 -5.0000000000000711e-02   1.1666272407216063e-01   8.5717182412221007e+00   6.0150627698724257e+00   4.1959417327318818e+01   1.0033445814953216e-02
 -2.5000000000000355e-02   1.1552609615214299e-01   8.6560529032595568e+00   6.0228026088571607e+00   4.2012121564523099e+01   4.9186488123384641e-03
  0.0000000000000000e+00   1.1443580900050836e-01   8.7385234458870968e+00   6.0302268915552721e+00   4.2062677029199385e+01   0.0000000000000000e+00
