# Columns: x, rho, u, p, lamdatime_step 1000
# time   1.0000000000000000e+01
 -1.8149999999999999e+01   1.1289158051013788e-10   8.2531559376697082e-11   1.5781759376565438e-10   2.8289379582000540e-19
 -1.8099999999999998e+01   1.1289158051013788e-10   8.2531559376697082e-11   1.5781759376565438e-10   2.8289379582000540e-19
 -1.8049999999999997e+01   1.1289158051013788e-10   8.2531559376697082e-11   1.5781759376565438e-10   2.8289379582000540e-19
 -1.8000000000000000e+01   1.1289158051013788e-10   8.2531559376697082e-11   1.5781759376565438e-10   2.8289379582000540e-19
 -1.7949999999999999e+01   1.1289448967601322e-10   8.2528333140114469e-11   1.5782295155832596e-10   2.8247019140427509e-19
 -1.7899999999999999e+01   1.1289518431771785e-10   8.2527260662100313e-11   1.5782473279089897e-10   2.8215010276328255e-19
 -1.7849999999999998e+01   1.1289676029979098e-10   8.2525330359140694e-11   1.5782793888586153e-10   2.8179943150186019e-19
 -1.7799999999999997e+01   1.1289717202312121e-10   8.2524436622092493e-11   1.5782942404916533e-10   2.8143398364153235e-19
 -1.7750000000000000e+01   1.1289768970263806e-10   8.2523422608227857e-11   1.5783110958475225e-10   2.8106116597341235e-19
 -1.7699999999999999e+01   1.1289751675756860e-10   8.2523011455139010e-11   1.5783179459794589e-10   2.8067625531328458e-19
 -1.7649999999999999e+01   1.1289711404504759e-10   8.2522779950186064e-11   1.5783218158961116e-10   2.8028049010914964e-19
 -1.7599999999999998e+01   1.1289617104214246e-10   8.2523010371609645e-11   1.5783180105307983e-10   2.7987369789522757e-19
 -1.7549999999999997e+01   1.1289484157139997e-10   8.2523558778953309e-11   1.5783089108043798e-10   2.7945578272147659e-19
 -1.7500000000000000e+01   1.1289299647043420e-10   8.2524541083349996e-11   1.5782925866009407e-10   2.7902680542101316e-19
 -1.7449999999999999e+01   1.1289068006201908e-10   8.2525914660064866e-11   1.5782697547996248e-10   2.7858681139169992e-19
 -1.7399999999999999e+01   1.1288783724468803e-10   8.2527729316250573e-11   1.5782396204739280e-10   2.7813590643690272e-19
 -1.7349999999999998e+01   1.1288448002639802e-10   8.2529974532114272e-11   1.5782024144526838e-10   2.7767424887310529e-19
 -1.7299999999999997e+01   1.1288058767476672e-10   8.2532670219671371e-11   1.5781578724850587e-10   2.7720204288272802e-19
 -1.7250000000000000e+01   1.1287616514141674e-10   8.2535811477151742e-11   1.5781061255914994e-10   2.7671948234162453e-19
 -1.7199999999999999e+01   1.1287120561289346e-10   8.2539401269362193e-11   1.5780471299345585e-10   2.7622659953189518e-19
 -1.7149999999999999e+01   1.1286571056744233e-10   8.2543432031337425e-11   1.5779809726708785e-10   2.7572360418424836e-19
 -1.7099999999999998e+01   1.1285967645872374e-10   8.2547899398557653e-11   1.5779076694991056e-10   2.7521095565934499e-19
 -1.7049999999999997e+01   1.1285310150006004e-10   8.2552797503868819e-11   1.5778272685058448e-10   2.7468914950983305e-19
 -1.7000000000000000e+01   1.1284598021831082e-10   8.2558124756461594e-11   1.5777397676796791e-10   2.7415878853777645e-19
 -1.6949999999999999e+01   1.1283830509850038e-10   8.2563882297920771e-11   1.5776451405133311e-10   2.7362058589411783e-19
 -1.6899999999999999e+01   1.1283006439565461e-10   8.2570075519116287e-11   1.5775433032613095e-10   2.7307537058234137e-19
 -1.6849999999999998e+01   1.1282124300176109e-10   8.2576712696666572e-11   1.5774341288031437e-10   2.7252410715277165e-19
 -1.6799999999999997e+01   1.1281182242868978e-10   8.2583804598288402e-11   1.5773174471018212e-10   2.7196790438176292e-19
 -1.6750000000000000e+01   1.1280178206417614e-10   8.2591363118675448e-11   1.5771930651324913e-10   2.7140803439906416e-19
 -1.6699999999999999e+01   1.1279110017044037e-10   8.2599400350775497e-11   1.5770607829615779e-10   2.7084594789044973e-19
 -1.6649999999999999e+01   1.1277975524403029e-10   8.2607927421996903e-11   1.5769204154209900e-10   2.7028329361729216e-19
 -1.6599999999999998e+01   1.1276772705704114e-10   8.2616953583385567e-11   1.5767718090286755e-10   2.6972193886713228e-19
 -1.6549999999999997e+01   1.1275499747730698e-10   8.2626485432770657e-11   1.5766148556446942e-10   2.6916399379942384e-19
 -1.6500000000000000e+01   1.1274155075364735e-10   8.2636526563843357e-11   1.5764494981002532e-10   2.6861183333673580e-19
 -1.6449999999999999e+01   1.1272737328243434e-10   8.2647077647921352e-11   1.5762757280582211e-10   2.6806812839415782e-19
 -1.6399999999999999e+01   1.1271245285388397e-10   8.2658136987822925e-11   1.5760935760958783e-10   2.6753587421662066e-19
 -1.6349999999999998e+01   1.1269677758618637e-10   8.2669701417818452e-11   1.5759030971886386e-10   2.6701842393123287e-19
 -1.6299999999999997e+01   1.1268033468615169e-10   8.2681767334715945e-11   1.5757043537468183e-10   2.6651952706096692e-19
 -1.6250000000000000e+01   1.1266310922067142e-10   8.2694331703704390e-11   1.5754973990072702e-10   2.6604336824750630e-19
 -1.6199999999999999e+01   1.1264508302172820e-10   8.2707392901000057e-11   1.5752822626948903e-10   2.6559461748815723e-19
 -1.6149999999999999e+01   1.1262623383512008e-10   8.2720951341802609e-11   1.5750589406386354e-10   2.6517847576135240e-19
 -1.6099999999999998e+01   1.1260653478354268e-10   8.2735009800672845e-11   1.5748273894641971e-10   2.6480073288786616e-19
 -1.6049999999999997e+01   1.1258595419558215e-10   8.2749573379467184e-11   1.5745875271671121e-10   2.6446783046064208e-19
 -1.5999999999999998e+01   1.1256445581910524e-10   8.2764649106660205e-11   1.5743392398888836e-10   2.6418692676448528e-19
 -1.5949999999999999e+01   1.1254199934516144e-10   8.2780245227831691e-11   1.5740823938088943e-10   2.6396597687814972e-19
 -1.5899999999999999e+01   1.1251854109990656e-10   8.2796370318191604e-11   1.5738168500220546e-10   2.6381381524203572e-19
 -1.5849999999999998e+01   1.1249403471357451e-10   8.2813032373109847e-11   1.5735424795444748e-10   2.6374025233224664e-19
 -1.5799999999999999e+01   1.1246843160134385e-10   8.2830238025575967e-11   1.5732591759815082e-10   2.6375617783800265e-19
 -1.5749999999999998e+01   1.1244168116377719e-10   8.2847992008941365e-11   1.5729668645058679e-10   2.6387368560642711e-19
 -1.5699999999999999e+01   1.1241373064247941e-10   8.2866296896566126e-11   1.5726655062389260e-10   2.6410619695224992e-19
 -1.5649999999999999e+01   1.1238452461392061e-10   8.2885153143269993e-11   1.5723550978317706e-10   2.6446861591801265e-19
 -1.5599999999999998e+01   1.1235400411326493e-10   8.2904559392602402e-11   1.5720356662108948e-10   2.6497749321193573e-19
 -1.5549999999999999e+01   1.1232210543018599e-10   8.2924513033911856e-11   1.5717072591949307e-10   2.6565121558526207e-19
 -1.5499999999999998e+01   1.1228875866573400e-10   8.2945010930324681e-11   1.5713699334347349e-10   2.6651022409634051e-19
 -1.5449999999999999e+01   1.1225388616333497e-10   8.2966050202044661e-11   1.5710237414868005e-10   2.6757724506014050e-19
 -1.5399999999999999e+01   1.1221740094983013e-10   8.2987628923488841e-11   1.5706687201856021e-10   2.6887756740758164e-19
 -1.5349999999999998e+01   1.1217920531352687e-10   8.3009746635898936e-11   1.5703048823385698e-10   2.7043935255000347e-19
 -1.5299999999999999e+01   1.1213918957481661e-10   8.3032404589997378e-11   1.5699322126926532e-10   2.7229398236725782e-19
 -1.5249999999999998e+01   1.1209723105585377e-10   8.3055605715108624e-11   1.5695506683484181e-10   2.7447645890908139e-19
 -1.5199999999999999e+01   1.1205319322258547e-10   8.3079354342448341e-11   1.5691601832946462e-10   2.7702586670152882e-19
 -1.5149999999999999e+01   1.1200692493945204e-10   8.3103655736789727e-11   1.5687606762072309e-10   2.7998589012167215e-19
 -1.5099999999999998e+01   1.1195825976425304e-10   8.3128515498574458e-11   1.5683520604314867e-10   2.8340541289046261e-19
 -1.5049999999999999e+01   1.1190701519555207e-10   8.3153938917887833e-11   1.5679342547905202e-10   2.8733920966938001e-19
 -1.4999999999999998e+01   1.1185299177190544e-10   8.3179930369170813e-11   1.5675071936020858e-10   2.9184873179966413e-19
 -1.4949999999999999e+01   1.1179597193014641e-10   8.3206492843762347e-11   1.5670708343176106e-10   2.9700301525881513e-19
 -1.4899999999999999e+01   1.1173571856987200e-10   8.3233627701596397e-11   1.5666251616890636e-10   3.0287973466692345e-19
 -1.4849999999999998e+01   1.1167197331616344e-10   8.3261334670325817e-11   1.5661701879035370e-10   3.0956640111270186e-19
 -1.4799999999999999e+01   1.1160445453262155e-10   8.3289612070742528e-11   1.5657059488383471e-10   3.1716176229559921e-19
 -1.4749999999999998e+01   1.1153285520528153e-10   8.3318457223304202e-11   1.5652324973793036e-10   3.2577740592337618e-19
 -1.4699999999999999e+01   1.1145684084824524e-10   8.3347866956534688e-11   1.5647498949007795e-10   3.3553961022563189e-19
 -1.4649999999999999e+01   1.1137604762199706e-10   8.3377838154517060e-11   1.5642582022224419e-10   3.4659147977175702e-19
 -1.4599999999999998e+01   1.1129008087644348e-10   8.3408368262638427e-11   1.5637574712371141e-10   3.5909539325831490e-19
 -1.4549999999999999e+01   1.1119851436010330e-10   8.3439455688003442e-11   1.5632477383123873e-10   3.7323582115064619e-19
 -1.4499999999999998e+01   1.1110089036374997e-10   8.3471100028032956e-11   1.5627290203961955e-10   3.8922254579918835e-19
 -1.4449999999999999e+01   1.1099672109241499e-10   8.3503302104006384e-11   1.5622013145016142e-10   4.0729432652375733e-19
 -1.4399999999999999e+01   1.1088549155593639e-10   8.3536063787597602e-11   1.5616646005640903e-10   4.2772305861555304e-19
 -1.4349999999999998e+01   1.1076666426752610e-10   8.3569387661595860e-11   1.5611188470729435e-10   4.5081845982264066e-19
 -1.4299999999999999e+01   1.1063968604170239e-10   8.3603276577701652e-11   1.5605640185236721e-10   4.7693331745003723e-19
 -1.4250000000000000e+01   1.1050399716322390e-10   8.3637733181326299e-11   1.5600000833756508e-10   5.0646930411854877e-19
 -1.4199999999999999e+01   1.1035904317778984e-10   8.3672759472483760e-11   1.5594270213453149e-10   5.3988337439934419e-19
 -1.4149999999999999e+01   1.1020428949101776e-10   8.3708356461038584e-11   1.5588448291048737e-10   5.7769470638776811e-19
 -1.4099999999999998e+01   1.1003923883632864e-10   8.3744523961410500e-11   1.5582535237225389e-10   6.2049215756847182e-19
 -1.4049999999999999e+01   1.0986345146808735e-10   8.3781260548803198e-11   1.5576531433919476e-10   6.6894214106200807e-19
 -1.4000000000000000e+01   1.0967656766678550e-10   8.3818563683960111e-11   1.5570437453824440e-10   7.2379682910844665e-19
 -1.3949999999999999e+01   1.0947833181001946e-10   8.3856429984263344e-11   1.5564254015538894e-10   7.8590256818090621e-19
 -1.3899999999999999e+01   1.0926861689730374e-10   8.3894855597759884e-11   1.5557981921889169e-10   8.5620838857397232e-19
 -1.3849999999999998e+01   1.0904744806280978e-10   8.3933836615961974e-11   1.5551621991707327e-10   9.3577452889197325e-19
 -1.3799999999999999e+01   1.0881502333191900e-10   8.3973369458608210e-11   1.5545174995755982e-10   1.0257809393734215e-18
 -1.3750000000000000e+01   1.0857172975470432e-10   8.4013451178561964e-11   1.5538641606759574e-10   1.1275357819822176e-18
 -1.3699999999999999e+01   1.0831815312229896e-10   8.4054079645380860e-11   1.5532022369675669e-10   1.2424840000689117e-18
 -1.3649999999999999e+01   1.0805507977903640e-10   8.4095253586807567e-11   1.5525317694721360e-10   1.3722160905292844e-18
 -1.3599999999999998e+01   1.0778348956550711e-10   8.4136972490630978e-11   1.5518527873541832e-10   1.5184772817772158e-18
 -1.3549999999999999e+01   1.0750453959302313e-10   8.4179236385695810e-11   1.5511653115934561e-10   1.6831775207480984e-18
 -1.3500000000000000e+01   1.0721953929694974e-10   8.4222045533227046e-11   1.5504693601211019e-10   1.8684028404173324e-18
 -1.3449999999999999e+01   1.0692991800147361e-10   8.4265400080143724e-11   1.5497649536729569e-10   2.0764288556463053e-18
 -1.3399999999999999e+01   1.0663718697433903e-10   8.4309299724202100e-11   1.5490521214193919e-10   2.3097371236622809e-18
 -1.3349999999999998e+01   1.0634289857384634e-10   8.4353743443517540e-11   1.5483309054857461e-10   2.5710346162930050e-18
 -1.3299999999999999e+01   1.0604860542138398e-10   8.4398729328789298e-11   1.5476013637446031e-10   2.8632760021924938e-18
 -1.3250000000000000e+01   1.0575582236722565e-10   8.4444254539761039e-11   1.5468635705701947e-10   3.1896878532765194e-18
 -1.3199999999999999e+01   1.0546599326142054e-10   8.4490315384427748e-11   1.5461176155668402e-10   3.5537942500512240e-18
 -1.3149999999999999e+01   1.0518046336437573e-10   8.4536907504066395e-11   1.5453636005553668e-10   3.9594447451677594e-18
 -1.3099999999999998e+01   1.0490045713597848e-10   8.4584026133006795e-11   1.5446016353093983e-10   4.4108479015805372e-18
 -1.3049999999999999e+01   1.0462706078913904e-10   8.4631666394992586e-11   1.5438318326774303e-10   4.9126149263573307e-18
 -1.3000000000000000e+01   1.0436120976889569e-10   8.4679823592625142e-11   1.5430543038093905e-10   5.4698160891025910e-18
 -1.2949999999999999e+01   1.0410368284734947e-10   8.4728493448148404e-11   1.5422691541974135e-10   6.0880465188739431e-18
 -1.2899999999999999e+01   1.0385510554144068e-10   8.4777672261039516e-11   1.5414764811218941e-10   6.7734896412563780e-18
 -1.2849999999999998e+01   1.0361596446281059e-10   8.4827356961207296e-11   1.5406763728439350e-10   7.5329619443711729e-18
 -1.2799999999999999e+01   1.0338663026006158e-10   8.4877545054033085e-11   1.5398689095854116e-10   8.3739296183395543e-18
 -1.2750000000000000e+01   1.0316738132488047e-10   8.4928234471142935e-11   1.5390541660582135e-10   9.3045094248976585e-18
 -1.2699999999999999e+01   1.0295841692997513e-10   8.4979423354939656e-11   1.5382322151029280e-10   1.0333496413137140e-17
 -1.2649999999999999e+01   1.0275985109013047e-10   8.5031109811097756e-11   1.5374031318614738e-10   1.1470479842207538e-17
 -1.2599999999999998e+01   1.0257168892750469e-10   8.5083291666126245e-11   1.5365669978723769e-10   1.2726090775923844e-17
 -1.2549999999999999e+01   1.0239380223177073e-10   8.5135966263764478e-11   1.5357239045063201e-10   1.4112355895253048e-17
 -1.2500000000000000e+01   1.0222593144814366e-10   8.5189130330131563e-11   1.5348739552765053e-10   1.5643028933915485e-17
 -1.2449999999999999e+01   1.0206773728666516e-10   8.5242779926311077e-11   1.5340172667197034e-10   1.7333690884020103e-17
 -1.2399999999999999e+01   1.0191890187203546e-10   8.5296910492245300e-11   1.5331539677318570e-10   1.9201432369812671e-17
 -1.2349999999999998e+01   1.0177924393319785e-10   8.5351516974383597e-11   1.5322841975267268e-10   2.1264113886184850e-17
 -1.2299999999999999e+01   1.0164878412745034e-10   8.5406594014679577e-11   1.5314081025896364e-10   2.3539518793951619e-17
 -1.2250000000000000e+01   1.0152769817971706e-10   8.5462136170989749e-11   1.5305258331258282e-10   2.6045032589581652e-17
 -1.2199999999999999e+01   1.0141613931556823e-10   8.5518138134510143e-11   1.5296375395402997e-10   2.8798576391021125e-17
 -1.2149999999999999e+01   1.0131398604010940e-10   8.5574594914532046e-11   1.5287433694563428e-10   3.1821186205406483e-17
 -1.2099999999999998e+01   1.0122064004292043e-10   8.5631501966047629e-11   1.5278434656800394e-10   3.5140821641164984e-17
 -1.2049999999999999e+01   1.0113501522637125e-10   8.5688855245587877e-11   1.5269379653719744e-10   3.8795946670215794e-17
 -1.2000000000000000e+01   1.0105579311892809e-10   8.5746651189383777e-11   1.5260270005075586e-10   4.2836656295459553e-17
 -1.1949999999999999e+01   1.0098188506555791e-10   8.5804886620834728e-11   1.5251106995299650e-10   4.7321212413017912e-17
 -1.1899999999999999e+01   1.0091289805020314e-10   8.5863558603075878e-11   1.5241891899149664e-10   5.2307148191963162e-17
 -1.1849999999999998e+01   1.0084933321355058e-10   8.5922664262283746e-11   1.5232626012355221e-10   5.7838411011716561e-17
 -1.1799999999999999e+01   1.0079231672928101e-10   8.5982200610327861e-11   1.5223310682521523e-10   6.3932509857212591e-17
 -1.1750000000000000e+01   1.0074286825671640e-10   8.6042164393962683e-11   1.5213947335571688e-10   7.0573088347849673e-17
 -1.1699999999999999e+01   1.0070096861759968e-10   8.6102551992668962e-11   1.5204537494055361e-10   7.7712684783148245e-17
 -1.1649999999999999e+01   1.0066486220813956e-10   8.6163359378885966e-11   1.5195082785079346e-10   8.5287376198144579e-17
 -1.1599999999999998e+01   1.0063100603889589e-10   8.6224582143884884e-11   1.5185584937116774e-10   9.3240402834091346e-17
 -1.1549999999999999e+01   1.0059483029070491e-10   8.6286215584463021e-11   1.5176045766689400e-10   1.0154759264395652e-16
 -1.1500000000000000e+01   1.0055209902194325e-10   8.6348254836951249e-11   1.5166467157358362e-10   1.1023555518695121e-16
 -1.1449999999999999e+01   1.0050033461427826e-10   8.6410695038868295e-11   1.5156851034458099e-10   1.1938548854919201e-16
 -1.1399999999999999e+01   1.0043967377784239e-10   8.6473531494573203e-11   1.5147199339522742e-10   1.2912071147040748e-16
 -1.1349999999999998e+01   1.0037273273668164e-10   8.6536759821506582e-11   1.5137514008231580e-10   1.3958263437528277e-16
 -1.1299999999999999e+01   1.0030349540352530e-10   8.6600376057131841e-11   1.5127796954972552e-10   1.5090483241984327e-16
 -1.1250000000000000e+01   1.0023569452077436e-10   8.6664376713594233e-11   1.5118050065951389e-10   1.6319569253015217e-16
 -1.1199999999999999e+01   1.0017140029047490e-10   8.6728758775467699e-11   1.5108275201455088e-10   1.7653612973002755e-16
 -1.1149999999999999e+01   1.0011043107891714e-10   8.6793519645091005e-11   1.5098474206670670e-10   1.9099182495065911e-16
 -1.1099999999999998e+01   1.0005079926836299e-10   8.6858657046078424e-11   1.5088648929262927e-10   2.0663271752916998e-16
 -1.1049999999999999e+01   9.9989904621170433e-11   8.6924168902322214e-11   1.5078801241177009e-10   2.2354948777142529e-16
 -1.1000000000000000e+01   9.9925844484351720e-11   8.6990053212286068e-11   1.5068933061616186e-10   2.4185907925364935e-16
 -1.0949999999999999e+01   9.9858198257909304e-11   8.7056307939045819e-11   1.5059046377908583e-10   2.6169775613226419e-16
 -1.0899999999999999e+01   9.9787958706438089e-11   8.7122930932952447e-11   1.5049143261202663e-10   2.8320730994246957e-16
 -1.0849999999999998e+01   9.9716746647915957e-11   8.7189919899093068e-11   1.5039225874759941e-10   3.0652388982154195e-16
 -1.0799999999999999e+01   9.9645805646032790e-11   8.7257272414166108e-11   1.5029296473880772e-10   3.3177730237217646e-16
 -1.0750000000000000e+01   9.9575342601926400e-11   8.7324985990036168e-11   1.5019357397917566e-10   3.5910233689986527e-16
 -1.0699999999999999e+01   9.9504538387199679e-11   8.7393058173833934e-11   1.5009411056088729e-10   3.8865627279961674e-16
 -1.0649999999999999e+01   9.9432151813517573e-11   8.7461486670250446e-11   1.4999459909727715e-10   4.2063257589663008e-16
 -1.0600000000000000e+01   9.9357312797911879e-11   8.7530269468976641e-11   1.4989506453969946e-10   4.5526254136493788e-16
 -1.0549999999999999e+01   9.9280025565021214e-11   8.7599404960647075e-11   1.4979553201723622e-10   4.9280357008777861e-16
 -1.0500000000000000e+01   9.9201106799246267e-11   8.7668892026924522e-11   1.4969602672259448e-10   5.3352099871038948e-16
 -1.0449999999999999e+01   9.9121633058379391e-11   8.7738730094537454e-11   1.4959657385946921e-10   5.7767502486062609e-16
 -1.0399999999999999e+01   9.9042256471021545e-11   8.7808919147900896e-11   1.4949719865690292e-10   6.2552219981092301e-16
 -1.0350000000000000e+01   9.8962806026838758e-11   8.7879459701951790e-11   1.4939792644784267e-10   6.7733294627333457e-16
 -1.0299999999999999e+01   9.8882401457425291e-11   8.7950352742364990e-11   1.4929878280087591e-10   7.3341700210432989e-16
 -1.0250000000000000e+01   9.8799991590117045e-11   8.8021599645615252e-11   1.4919979368748218e-10   7.9414327382877853e-16
 -1.0199999999999999e+01   9.8714980115487280e-11   8.8093202093529974e-11   1.4910098566233339e-10   8.5994293508458324e-16
 -1.0149999999999999e+01   9.8627562545423316e-11   8.8165161997532924e-11   1.4900238603215819e-10   9.3129394198473427e-16
 -1.0100000000000000e+01   9.8538582997384331e-11   8.8237481445517407e-11   1.4890402299034931e-10   1.0086963838193104e-15
 -1.0049999999999999e+01   9.8449010371521403e-11   8.8310162680424677e-11   1.4880592569950825e-10   1.0926545926622175e-15
 -1.0000000000000000e+01   9.8359355033753033e-11   8.8383208114670109e-11   1.4870812431297180e-10   1.1836793620789233e-15
 -9.9499999999999993e+00   9.8269371583163061e-11   8.8456620378977436e-11   1.4861064993666244e-10   1.2823127632632849e-15
 -9.8999999999999986e+00   9.8178213678061622e-11   8.8530402399507727e-11   1.4851353454316099e-10   1.3891647626778361e-15
 -9.8499999999999996e+00   9.8084936191681638e-11   8.8604557493360202e-11   1.4841681085767144e-10   1.5049429645642338e-15
 -9.7999999999999989e+00   9.7989040149482281e-11   8.8679089470351371e-11   1.4832051223857101e-10   1.6304595509386870e-15
 -9.7500000000000000e+00   9.7890741236891608e-11   8.8754002728457356e-11   1.4822467257357284e-10   1.7666121239890682e-15
 -9.6999999999999993e+00   9.7790814829614899e-11   8.8829302332162184e-11   1.4812932620811900e-10   1.9143508949250703e-15
 -9.6499999999999986e+00   9.7690122075779819e-11   8.8904994065574987e-11   1.4803450791632509e-10   2.0746542771600056e-15
 -9.5999999999999996e+00   9.7589103060105801e-11   8.8981084456063089e-11   1.4794025291864683e-10   2.2485320988158913e-15
 -9.5499999999999989e+00   9.7487531685901932e-11   8.9057580768549352e-11   1.4784659694559634e-10   2.4370609836178451e-15
 -9.5000000000000000e+00   9.7384664364888169e-11   8.9134490974769202e-11   1.4775357634196143e-10   2.6414377773031573e-15
 -9.4499999999999993e+00   9.7279681899159119e-11   8.9211823705572972e-11   1.4766122820129347e-10   2.8630251289480130e-15
 -9.3999999999999986e+00   9.7172158599627392e-11   8.9289588197050827e-11   1.4756959051602628e-10   3.1033661752673261e-15
 -9.3499999999999996e+00   9.7062287555145060e-11   8.9367794241928852e-11   1.4747870232488705e-10   3.3641622986461354e-15
 -9.2999999999999989e+00   9.6950742382983293e-11   8.9446452156580035e-11   1.4738860383848401e-10   3.6472301364392908e-15
 -9.2500000000000000e+00   9.6838269852791004e-11   8.9525572771006935e-11   1.4729933652718749e-10   3.9544684981088606e-15
 -9.1999999999999993e+00   9.6725258487576081e-11   8.9605167445179258e-11   1.4721094316249897e-10   4.2878631976083730e-15
 -9.1499999999999986e+00   9.6611531600486377e-11   8.9685248110770599e-11   1.4712346781232062e-10   4.6495381041041985e-15
 -9.0999999999999996e+00   9.6496473740822817e-11   8.9765827333813653e-11   1.4703695579947479e-10   5.0418342925756491e-15
 -9.0499999999999989e+00   9.6379403649777764e-11   8.9846918391238409e-11   1.4695145363887675e-10   5.4673813334445452e-15
 -9.0000000000000000e+00   9.6259969511552247e-11   8.9928535352961077e-11   1.4686700897053581e-10   5.9291270023729267e-15
 -8.9499999999999993e+00   9.6138339614198156e-11   9.0010693160919097e-11   1.4678367050352021e-10   6.4303144822653791e-15
 -8.8999999999999986e+00   9.6015088858511930e-11   9.0093407697233218e-11   1.4670148798186052e-10   6.9744276302291921e-15
 -8.8499999999999996e+00   9.5890859942998037e-11   9.0176695835135044e-11   1.4662051217884220e-10   7.5651469579238735e-15
 -8.7999999999999989e+00   9.5766003052885220e-11   9.0260575468586181e-11   1.4654079492255231e-10   8.2063575132951161e-15
 -8.7500000000000000e+00   9.5640400553284210e-11   9.0345065519436730e-11   1.4646238915305879e-10   8.9022235985719968e-15
 -8.6999999999999993e+00   9.5513567852011772e-11   9.0430185924263843e-11   1.4638534900919910e-10   9.6573077236299911e-15
 -8.6499999999999986e+00   9.5384959804494523e-11   9.0515957606272207e-11   1.4630972993981976e-10   1.0476683884770425e-14
 -8.5999999999999996e+00   9.5254298368260130e-11   9.0602402440082633e-11   1.4623558883013961e-10   1.1365995511821852e-14
 -8.5499999999999989e+00   9.5121734138341921e-11   9.0689543218271935e-11   1.4616298412971183e-10   1.2331438630185871e-14
 -8.5000000000000000e+00   9.4987758185512298e-11   9.0777403627832905e-11   1.4609197596619777e-10   1.3379695587439282e-14
 -8.4499999999999993e+00   9.4852926814411202e-11   9.0866008242420014e-11   1.4602262623055551e-10   1.4517878582653761e-14
 -8.3999999999999986e+00   9.4717565080572995e-11   9.0955382532906985e-11   1.4595499862468600e-10   1.5753543890456372e-14
 -8.3499999999999996e+00   9.4581618582362760e-11   9.1045552895254232e-11   1.4588915867065963e-10   1.7094803121286247e-14
 -8.2999999999999989e+00   9.4444730161107980e-11   9.1136546691899842e-11   1.4582517368877445e-10   1.8550504460985292e-14
 -8.2500000000000000e+00   9.4306486475058830e-11   9.1228392301191693e-11   1.4576311275697819e-10   2.0130414845968711e-14
 -8.1999999999999993e+00   9.4166685806106095e-11   9.1321119168982163e-11   1.4570304666532162e-10   2.1845329694888514e-14
 -8.1499999999999986e+00   9.4025474120610929e-11   9.1414757856627942e-11   1.4564504787626913e-10   2.3707076273495586e-14
 -8.0999999999999996e+00   9.3883279134056705e-11   9.1509340080185747e-11   1.4558919049716431e-10   2.5728440510498250e-14
 -8.0499999999999989e+00   9.3740590375192242e-11   9.1604898736113451e-11   1.4553555026734307e-10   2.7923099236135156e-14
 -8.0000000000000000e+00   9.3597718017797818e-11   9.1701467909499408e-11   1.4548420456044911e-10   3.0305648077180441e-14
 -7.9499999999999993e+00   9.3454668226999095e-11   9.1799082862211358e-11   1.4543523240234445e-10   3.2891770536456531e-14
 -7.8999999999999986e+00   9.3311199389071884e-11   9.1897780000575716e-11   1.4538871450483926e-10   3.5698517879285479e-14
 -7.8499999999999996e+00   9.3167017671170552e-11   9.1997596825097113e-11   1.4534473331358688e-10   3.8744604842895478e-14
 -7.7999999999999989e+00   9.3021993688675784e-11   9.2098571867594531e-11   1.4530337306447279e-10   4.2050612651631563e-14
 -7.7500000000000000e+00   9.2876276506912515e-11   9.2200744622891292e-11   1.4526471983784143e-10   4.5639041364972365e-14
 -7.6999999999999993e+00   9.2730246046562035e-11   9.2304155482014656e-11   1.4522886159630784e-10   4.9534244122846732e-14
 -7.6499999999999986e+00   9.2584339624289321e-11   9.2408845671659251e-11   1.4519588819199788e-10   5.3762356076178885e-14
 -7.5999999999999996e+00   9.2438857600344953e-11   9.2514857201084962e-11   1.4516589133348571e-10   5.8351351743794659e-14
 -7.5499999999999989e+00   9.2293859122313475e-11   9.2622232813952904e-11   1.4513896451005546e-10   6.3331308009541845e-14
 -7.5000000000000000e+00   9.2149201837680091e-11   9.2731015940126267e-11   1.4511520287838593e-10   6.8734842341877511e-14
 -7.4499999999999993e+00   9.2004695023953414e-11   9.2841250641738995e-11   1.4509470312133498e-10   7.4597596569420359e-14
 -7.4000000000000004e+00   9.1860273143181671e-11   9.2952981548610812e-11   1.4507756328870925e-10   8.0958605917086252e-14
 -7.3499999999999996e+00   9.1716090465408957e-11   9.3066253779316540e-11   1.4506388262639311e-10   8.7860456052782466e-14
 -7.2999999999999989e+00   9.1572487580289839e-11   9.3181112844860775e-11   1.4505376139534606e-10   9.5349259096873438e-14
 -7.2500000000000000e+00   9.1429855775389156e-11   9.3297604531441678e-11   1.4504730067843025e-10   1.0347460265064150e-13
 -7.1999999999999993e+00   9.1288481496594234e-11   9.3415774757580410e-11   1.4504460217212727e-10   1.1228966983357884e-13
 -7.1500000000000004e+00   9.1148459694935447e-11   9.3535669400122237e-11   1.4504576796145180e-10   1.2185165909423393e-13
 -7.0999999999999996e+00   9.1009720893110097e-11   9.3657334084426217e-11   1.4505090027771018e-10   1.3222248051736101e-13
 -7.0499999999999989e+00   9.0872149999314402e-11   9.3780813936774375e-11   1.4506010123787278e-10   1.4346955335242356e-13
 -7.0000000000000000e+00   9.0735724311183397e-11   9.3906153300892387e-11   1.4507347256043721e-10   1.5566646856388130e-13
 -6.9499999999999993e+00   9.0600591447059327e-11   9.4033395423684016e-11   1.4509111524693951e-10   1.6889335594040839e-13
 -6.9000000000000004e+00   9.0467046392540537e-11   9.4162582116078377e-11   1.4511312921343177e-10   1.8323697609166793e-13
 -6.8499999999999996e+00   9.0335426142552886e-11   9.4293753392422631e-11   1.4513961285499436e-10   1.9879074592895898e-13
 -6.7999999999999989e+00   9.0205985858123624e-11   9.4426947086886566e-11   1.4517066252972415e-10   2.1565499018827476e-13
 -6.7500000000000000e+00   9.0078827172348330e-11   9.4562198439983736e-11   1.4520637195534813e-10   2.3393763064509556e-13
 -6.6999999999999993e+00   8.9953915714028239e-11   9.4699539644882380e-11   1.4524683151848265e-10   2.5375531088859066e-13
 -6.6500000000000004e+00   8.9831172359503001e-11   9.4838999343081240e-11   1.4529212750035562e-10   2.7523472259910447e-13
 -6.5999999999999996e+00   8.9710581959469255e-11   9.4980602061801019e-11   1.4534234122193469e-10   2.9851378638145493e-13
 -6.5499999999999989e+00   8.9592256656819968e-11   9.5124367588988111e-11   1.4539754810667069e-10   3.2374242618269488e-13
 -6.5000000000000000e+00   8.9476420174384277e-11   9.5270310283598571e-11   1.4545781665329291e-10   3.5108293009205971e-13
 -6.4499999999999993e+00   8.9363325990973181e-11   9.5418438317273236e-11   1.4552320730726860e-10   3.8071017722467434e-13
 -6.4000000000000004e+00   8.9253158848607540e-11   9.5568752839113264e-11   1.4559377121909225e-10   4.1281216221756646e-13
 -6.3499999999999996e+00   8.9145975499773059e-11   9.5721247050455312e-11   1.4566954887962489e-10   4.4759116110211664e-13
 -6.2999999999999989e+00   8.9041715116110152e-11   9.5875905174355628e-11   1.4575056862463337e-10   4.8526558323502868e-13
 -6.2500000000000000e+00   8.8940268603683072e-11   9.6032701306737860e-11   1.4583684499981362e-10   5.2607220135533519e-13
 -6.1999999999999993e+00   8.8841563379307888e-11   9.6191598142069328e-11   1.4592837697285128e-10   5.7026825184664533e-13
 -6.1500000000000004e+00   8.8745613922041981e-11   9.6352545572886549e-11   1.4602514597190865e-10   6.1813298598328116e-13
 -6.0999999999999996e+00   8.8652510593380636e-11   9.6515479165474187e-11   1.4612711372346785e-10   6.6996860751214284e-13
 -6.0499999999999989e+00   8.8562355618314792e-11   9.6680318510941824e-11   1.4623421985973775e-10   7.2610096783325564e-13
 -6.0000000000000000e+00   8.8475184338348613e-11   9.6846965442358930e-11   1.4634637926798411e-10   7.8688065476458380e-13
 -5.9499999999999993e+00   8.8390915803352262e-11   9.7015302098175476e-11   1.4646347915960212e-10   8.5268502816818801e-13
 -5.9000000000000004e+00   8.8309357469359004e-11   9.7185188804880357e-11   1.4658537584208375e-10   9.2392133930711916e-13
 -5.8499999999999996e+00   8.8230256610075617e-11   9.7356461751240139e-11   1.4671189117875677e-10   1.0010305361713940e-12
 -5.7999999999999989e+00   8.8153364963058655e-11   9.7528930432449573e-11   1.4684280871785985e-10   1.0844910134198967e-12
 -5.7500000000000000e+00   8.8078477499876955e-11   9.7702374851031444e-11   1.4697786946541723e-10   1.1748216404284524e-12
 -5.6999999999999993e+00   8.8005423004259802e-11   9.7876542466481860e-11   1.4711676726871575e-10   1.2725838945451044e-12
 -5.6500000000000004e+00   8.7934012539837303e-11   9.8051144883060968e-11   1.4725914377220983e-10   1.3783835878851878e-12
 -5.5999999999999996e+00   8.7863975145706386e-11   9.8225854254695635e-11   1.4740458290663082e-10   1.4928731261802030e-12
 -5.5499999999999989e+00   8.7794915367061967e-11   9.8400299372378723e-11   1.4755260487348489e-10   1.6167551849775470e-12
 -5.5000000000000000e+00   8.7726312596064470e-11   9.8574061389887679e-11   1.4770265958772602e-10   1.7507881108868572e-12
 -5.4499999999999993e+00   8.7657557121845827e-11   9.8746669143594462e-11   1.4785411953817158e-10   1.8957925459347532e-12
 -5.4000000000000004e+00   8.7587997073567187e-11   9.8917594031913235e-11   1.4800627201737858e-10   2.0526581952764926e-12
 -5.3499999999999996e+00   8.7516965546762635e-11   9.9086244433798400e-11   1.4815831066225939e-10   2.2223496874410540e-12
 -5.2999999999999989e+00   8.7443769956634942e-11   9.9251959654663636e-11   1.4830932623745444e-10   2.4059111625324402e-12
 -5.2500000000000000e+00   8.7367647789728378e-11   9.9414003384887255e-11   1.4845829658868448e-10   2.6044702275689663e-12
 -5.1999999999999993e+00   8.7287711337552523e-11   9.9571556639765608e-11   1.4860407569370679e-10   2.8192426709748987e-12
 -5.1500000000000004e+00   8.7202908484197259e-11   9.9723710127033424e-11   1.4874538174173742e-10   3.0515393504599453e-12
 -5.0999999999999996e+00   8.7112015471648411e-11   9.9869455970054507e-11   1.4888078417414356e-10   3.3027758683736026e-12
 -5.0499999999999989e+00   8.7013658031571219e-11   1.0000767871096934e-10   1.4900868961640046e-10   3.5744844209266913e-12
 -5.0000000000000000e+00   8.6906340923776691e-11   1.0013714553042795e-10   1.4912732662306020e-10   3.8683262500203865e-12
 -4.9499999999999993e+00   8.6788461836443551e-11   1.0025649564146763e-10   1.4923472914631555e-10   4.1861030519127484e-12
 -4.9000000000000004e+00   8.6658295361074657e-11   1.0036422883114599e-10   1.4932871862892937e-10   4.5297666541868535e-12
 -4.8499999999999996e+00   8.6513949985972334e-11   1.0045869312275077e-10   1.4940688461715440e-10   4.9014278030324611e-12
 -4.7999999999999989e+00   8.6353315523382117e-11   1.0053807151090409e-10   1.4946656378912355e-10   5.3033661494751871e-12
 -4.7500000000000000e+00   8.6174022043250205e-11   1.0060036769057860e-10   1.4950481729610484e-10   5.7380437031578809e-12
 -4.6999999999999993e+00   8.5973422801922406e-11   1.0064339067572258e-10   1.4951840631363570e-10   6.2081229102155255e-12
 -4.6500000000000004e+00   8.5748598442376676e-11   1.0066473819921134e-10   1.4950376569402503e-10   6.7164886408274962e-12
 -4.5999999999999996e+00   8.5496366950880922e-11   1.0066177880768052e-10   1.4945697560176620e-10   7.2662717987579820e-12
 -4.5499999999999989e+00   8.5213280610128448e-11   1.0063163260206401e-10   1.4937373100330876e-10   7.8608719895576737e-12
 -4.5000000000000000e+00   8.4895598754392264e-11   1.0057115060668892e-10   1.4924930887785968e-10   8.5039780354299490e-12
 -4.4499999999999993e+00   8.4539238538512931e-11   1.0047689275707523e-10   1.4907853301986993e-10   9.1995874824115526e-12
 -4.4000000000000004e+00   8.4139717182621980e-11   1.0034510447294519e-10   1.4885573631586919e-10   9.9520283036453960e-12
 -4.3499999999999996e+00   8.3692101966988290e-11   1.0017169174104535e-10   1.4857472039383258e-10   1.0765986483493225e-11
 -4.2999999999999989e+00   8.3190977542851741e-11   9.9952194598548293e-11   1.4822871255694021e-10   1.1646541603858985e-11
 -4.2500000000000000e+00   8.2630428316036572e-11   9.9681758907902783e-11   1.4781031992300071e-10   1.2599209673016804e-11
 -4.1999999999999993e+00   8.2004023815230932e-11   9.9355106357820341e-11   1.4731148069862034e-10   1.3629989861034899e-11
 -4.1500000000000004e+00   8.1304792582684474e-11   9.8966502698683202e-11   1.4672341253033280e-10   1.4745411171620779e-11
 -4.0999999999999996e+00   8.0525176111851439e-11   9.8509724292258575e-11   1.4603655790090088e-10   1.5952577039914032e-11
 -4.0499999999999989e+00   7.9656964750541881e-11   9.7978023093247770e-11   1.4524052658171736e-10   1.7259209544760126e-11
 -4.0000000000000000e+00   7.8691226059302593e-11   9.7364090171806482e-11   1.4432403520973607e-10   1.8673698336335874e-11
 -3.9499999999999993e+00   7.7618238076957178e-11   9.6660017850073905e-11   1.4327484412354415e-10   2.0205160404345592e-11
 -3.9000000000000004e+00   7.6427434619708884e-11   9.5857260503954709e-11   1.4207969166253233e-10   2.1863514553955310e-11
 -3.8499999999999996e+00   7.5107360688734218e-11   9.4946594117485048e-11   1.4072422620578170e-10   2.3659569934496068e-11
 -3.7999999999999989e+00   7.3645628763602666e-11   9.3918074790329830e-11   1.3919293631127910e-10   2.5605123731467300e-11
 -3.7500000000000000e+00   7.2028865325787133e-11   9.2760996569970886e-11   1.3746907942472391e-10   2.7713061896783544e-11
 -3.6999999999999993e+00   7.0242641840966056e-11   9.1463849158898661e-11   1.3553460977304039e-10   2.9997459772166239e-11
 -3.6500000000000004e+00   6.8271392405027917e-11   9.0014276180988935e-11   1.3337010624653068e-10   3.2473685426125085e-11
 -3.5999999999999996e+00   6.6098326542316890e-11   8.8399034758951328e-11   1.3095470130253037e-10   3.5158514232831464e-11
 -3.5499999999999989e+00   6.3705346784959085e-11   8.6603957185788688e-11   1.2826601218510197e-10   3.8070265154606631e-11
 -3.5000000000000000e+00   6.1072976465997485e-11   8.4613915538855951e-11   1.2528007604618046e-10   4.1228965707442180e-11
 -3.4499999999999993e+00   5.8180296578192588e-11   8.2412790262341867e-11   1.2197129088169520e-10   4.4656545206403095e-11
 -3.4000000000000004e+00   5.5004885726689057e-11   7.9983444071212782e-11   1.1831236458310644e-10   4.8377048771061352e-11
 -3.3499999999999996e+00   5.1522756947132214e-11   7.7307702980587300e-11   1.1427427488003392e-10   5.2416862302376147e-11
 -3.2999999999999989e+00   4.7708289393407200e-11   7.4366346759582542e-11   1.0982624354024503e-10   5.6804943399810528e-11
 -3.2500000000000000e+00   4.3534158932383911e-11   7.1139111562484170e-11   1.0493572891499196e-10   6.1573063016733959e-11
 -3.1999999999999993e+00   3.8971276040128013e-11   6.7604707870864810e-11   9.9568441774541162e-11   6.6756072074942672e-11
 -3.1500000000000004e+00   3.3988739974880651e-11   6.3740857245756266e-11   9.3688390372530446e-11   7.2392210187372504e-11
 -3.0999999999999996e+00   2.8553815450861588e-11   5.9524351872561889e-11   8.7257961823545280e-11   7.8523467111378883e-11
 -3.0500000000000007e+00   2.2631934464535154e-11   5.4931141629377634e-11   8.0238048216342675e-11   8.5195994066641239e-11
 -3.0000000000000000e+00   1.6186724395193936e-11   4.9936454501492812e-11   7.2588227481333887e-11   9.2460548764309913e-11
 -2.9499999999999993e+00   9.1800654394898301e-12   4.4514957565997806e-11   6.4267010962936365e-11   1.0037295283704851e-10
 -2.9000000000000004e+00   1.5721851044275505e-12   3.8640967349942775e-11   5.5232171983468349e-11   1.0899454698008672e-10
 -2.8499999999999996e+00  -6.6781972929307461e-12   3.2288719982310746e-11   4.5441172467754976e-11   1.1839264370794811e-10
 -2.8000000000000007e+00  -1.5613659357716796e-11   2.5432713169458852e-11   3.4851707941542395e-11   1.2864099000594717e-10
 -2.7500000000000000e+00  -2.5277778812602781e-11   1.8048133737706741e-11   2.3422394923577928e-11   1.3982025105455089e-10
 -2.6999999999999993e+00  -3.5714730810915491e-11   1.0111386536875899e-11   1.1113628904697614e-11   1.5201850621434981e-10
 -2.6500000000000004e+00  -4.6968755811687583e-11   1.6007431007764620e-12  -2.1113542487821029e-12   1.6533171427659917e-10
 -2.5999999999999996e+00  -5.9083468408490857e-11  -7.5028683555427852e-12  -1.6285175551540932e-11   1.7986406977442337e-10
 -2.5500000000000007e+00  -7.2100969135541000e-11  -1.7214906527110537e-11  -3.1434725542540211e-11   1.9572814994931320e-10
 -2.5000000000000000e+00  -8.6060712394005754e-11  -2.7546065877418013e-11  -4.7579243789817428e-11   2.1304474799987830e-10
 -2.4499999999999993e+00  -1.0099807587770446e-10  -3.8500900163538537e-11  -6.4728012309048424e-11   2.3194229319457715e-10
 -2.4000000000000004e+00  -1.1694257039060984e-10  -5.0076189453928816e-11  -8.2877607526454368e-11   2.5255575142501619e-10
 -2.3499999999999996e+00  -1.3391562247666857e-10  -6.2259021334526765e-11  -1.0200865671841042e-10   2.7502485999281499e-10
 -2.3000000000000007e+00  -1.5192785482940594e-10  -7.5024562261141643e-11  -1.2208205229501777e-10   2.9949147165845282e-10
 -2.2500000000000000e+00  -1.7097578266798368e-10  -8.8333505234919366e-11  -1.4303459414814024e-10   3.2609568218994757e-10
 -2.1999999999999993e+00  -1.9103784386745133e-10  -1.0212919773948291e-10  -1.6477406093306424e-10   3.5497032870870291e-10
 -2.1500000000000004e+00  -2.1206969557881266e-10  -1.1633448292839348e-10  -1.8717376119214682e-10   3.8623341140331998e-10
 -2.1000000000000014e+00  -2.3399874983179994e-10  -1.3084833191819498e-10  -2.1006669127839838e-10   4.1997803028537896e-10
 -2.0500000000000007e+00  -2.5671799223631154e-10  -1.4554241006899493e-10  -2.3323953590789742e-10   4.5625953828526710e-10
 -2.0000000000000000e+00  -2.8007923516028618e-10  -1.6025780800842225e-10  -2.5642689403694839e-10   4.9507977619569696e-10
 -1.9499999999999993e+00  -3.0388610193720713e-10  -1.7480227807142101e-10  -2.7930629803948915e-10   5.3636847423899922e-10
 -1.8999999999999986e+00  -3.2788722477258275e-10  -1.8894844231514689e-10  -3.0149480897024641e-10   5.7996222288872128e-10
 -1.8500000000000014e+00  -3.5177036815371257e-10  -2.0243356455608164e-10  -3.2254819116616790e-10   6.2558191657482778e-10
 -1.8000000000000007e+00  -3.7515845345927185e-10  -2.1496157992284729e-10  -3.4196385091201172e-10   6.7281033637847873e-10
 -1.7500000000000000e+00  -3.9760872436209402e-10  -2.2620811163116508e-10  -3.5918879752167771e-10   7.2107255130612559e-10
 -1.6999999999999993e+00  -4.1861648046422522e-10  -2.3582912405520664e-10  -3.7363376120414887e-10   7.6962290587381384e-10
 -1.6499999999999986e+00  -4.3762480112480735e-10  -2.4347360796574304e-10  -3.8469418567727979e-10   8.1754316628785558e-10
 -1.6000000000000014e+00  -4.5404135119415896e-10  -2.4880022843253958e-10  -3.9177803787301380e-10   8.6375646054951311e-10
 -1.5500000000000007e+00  -4.6726261449761275e-10  -2.5149719475778712e-10  -3.9433925183761696e-10   9.0706057939323135e-10
 -1.5000000000000000e+00  -4.7670475436821775e-10  -2.5130381738286062e-10  -3.9191428389867240e-10   9.4618186866430120e-10
 -1.4499999999999993e+00  -4.8183891763185698e-10  -2.4803146901470309e-10  -3.8415798175647392e-10   9.7984757197195641e-10
 -1.3999999999999986e+00  -4.8222748331582735e-10  -2.4158119707629510e-10  -3.7087414649065948e-10   1.0068706685799023e-09
 -1.3500000000000014e+00  -4.7755688060986880e-10  -2.3195526246191377e-10  -3.5203616799359149e-10   1.0262378325654331e-09
 -1.3000000000000007e+00  -4.6766248362354160e-10  -2.1926051998034132e-10  -3.2779414411730964e-10   1.0371890231832019e-09
 -1.2500000000000000e+00  -4.5254189039808043e-10  -2.0370274145743616e-10  -2.9846685075726874e-10   1.0392771831653332e-09
 -1.1999999999999993e+00  -4.3235453094738901e-10  -1.8557245450114659e-10  -2.6451938676622798e-10   1.0323989825041310e-09
 -1.1499999999999986e+00  -4.0740770095311393e-10  -1.6522425368629295e-10  -2.2652964556475199e-10   1.0167922693577155e-09
 -1.1000000000000014e+00  -3.7813128347513468e-10  -1.4305247918820817e-10  -1.8514836303248180e-10   9.9300183908468051e-10
 -1.0500000000000007e+00  -3.4504505758549198e-10  -1.1946644109192813e-10  -1.4105800542787275e-10   9.6182064082095654e-10
 -1.0000000000000000e+00  -3.0872319698785968e-10  -9.4867998950745704e-11  -9.4935193763584984e-11   9.2421694316316147e-10
 -9.4999999999999929e-01  -2.6976023410859690e-10  -6.9633475776476023e-11  -4.7420021812030065e-11   8.8125843050377248e-10
 -8.9999999999999858e-01  -2.2874165895526275e-10  -4.4100875300214226e-11   9.0602785489716843e-13   8.3404212482816667e-10
 -8.5000000000000142e-01  -1.8622091579392983e-10  -1.8562443234582334e-11   4.9533402742657322e-11   7.8363579773944474e-10
 -8.0000000000000071e-01  -1.4270330977178159e-10   6.7380659836704739e-12   9.8030009347861535e-11   7.3103355425647488e-10
 -7.5000000000000000e-01  -9.8636462657449039e-11   3.1604433188093607e-11   1.4604057582156752e-10   6.7712615137888220e-10
 -6.9999999999999929e-01  -5.4406428055502309e-11   5.5884455245155200e-11   1.9328167338522655e-10   6.2268513790612733e-10
 -6.4999999999999858e-01  -1.0338259656909996e-11   7.9464906587744529e-11   2.3953410016134376e-10   5.6835865228229716e-10
 -6.0000000000000142e-01   3.3300331818840675e-11   1.0226583440945457e-10   2.8463402855233698e-10   5.1467573013367169e-10
 -5.5000000000000071e-01   7.6293544452584834e-11   1.2423481059838627e-10   3.2846395212475701e-10   4.6205571505145306e-10
 -5.0000000000000000e-01   1.1847129516884691e-10   1.4534154551801306e-10   3.7094411951868988e-10   4.1082008440306987e-10
 -4.4999999999999929e-01   1.5970288706102824e-10   1.6557309087166113e-10   4.1202485204801641e-10   3.6120523931030738e-10
 -3.9999999999999858e-01   1.9989083423046784e-10   1.8492972900977492e-10   4.5167992152439444e-10   3.1337568291202565e-10
 -3.5000000000000142e-01   2.3896505056802728e-10   2.0342155926460301e-10   4.8990101516608019e-10   2.6743705046760406e-10
 -3.0000000000000071e-01   2.7687764609420070e-10   2.2106573846052428e-10   5.2669322656134038e-10   2.2344807358418471e-10
 -2.5000000000000000e-01   3.1359853546234487e-10   2.3788430010620755e-10   5.6207146106533645e-10   1.8143059483079201e-10
 -1.9999999999999929e-01   3.4911185958834381e-10   2.5390245673808426e-10   5.9605760743755722e-10   1.4137749283591603e-10
 -1.4999999999999858e-01   3.8341301877750645e-10   2.6914729545864569e-10   6.2867833428945637e-10   1.0325920591278013e-10
 -1.0000000000000142e-01   4.1650613693249330e-10   2.8364681457615583e-10   6.5996344516643164e-10   6.7029609864797505e-11
 -5.0000000000000711e-02   4.4840191343564804e-10   2.9742924229436214e-10   6.8994469910306319e-10   3.2631306991679028e-11
  0.0000000000000000e+00   4.7911573917922481e-10   3.1052247166469594e-10   7.1865475704237126e-10   0.0000000000000000e+00
