# Columns: x, rho, u, p, lamdatime_step 2000
# time   1.0000000000000000e+01
 -4.0374999999999996e+00   6.8705521089029850e-04  -1.3046625261003753e-03   8.8846261430571890e-03  -1.6438794559834270e-15
 -4.0249999999999995e+00   6.8705521089029850e-04  -1.3046625261003753e-03   8.8846261430571890e-03  -1.6438794559834270e-15
 -4.0124999999999993e+00   6.8705521089029850e-04  -1.3046625261003753e-03   8.8846261430571890e-03  -1.6438794559834270e-15
 -3.9999999999999996e+00   6.8705521089029850e-04  -1.3046625261003753e-03   8.8846261430571890e-03  -1.6438794559834270e-15
 -3.9874999999999998e+00   6.9279372929554966e-04  -1.3146970153659428e-03   8.9529559153349696e-03  -1.7042913160994186e-15
 -3.9749999999999996e+00   6.9597195883166075e-04  -1.3198833516976387e-03   8.9882724356362947e-03  -1.7572109571706258e-15
 -3.9624999999999995e+00   7.0059767851884372e-04  -1.3280067730028833e-03   9.0435891040133963e-03  -1.8197057881544154e-15
 -3.9499999999999997e+00   7.0445026659883157e-04  -1.3344590767982569e-03   9.0875264000070781e-03  -1.8913572958281487e-15
 -3.9374999999999996e+00   7.0877507861363668e-04  -1.3419103613117797e-03   9.1382662617193657e-03  -1.9722971112230979e-15
 -3.9249999999999998e+00   7.1284867879683328e-04  -1.3488074764608339e-03   9.1852325196931442e-03  -2.0644328394072260e-15
 -3.9124999999999996e+00   7.1709442508905666e-04  -1.3560526046055453e-03   9.2345685583068819e-03  -2.1691834629674400e-15
 -3.8999999999999995e+00   7.2126439299075495e-04  -1.3631209019185093e-03   9.2827004589544748e-03  -2.2883207833482132e-15
 -3.8874999999999997e+00   7.2550277784631605e-04  -1.3703169274944095e-03   9.3317021054860599e-03  -2.4238745493216140e-15
 -3.8749999999999996e+00   7.2972549597508866e-04  -1.3774631819008800e-03   9.3803648150648199e-03  -2.5781408731989994e-15
 -3.8624999999999998e+00   7.3398112189718763e-04  -1.3846623293923385e-03   9.4293876834169732e-03  -2.7537463913195254e-15
 -3.8499999999999996e+00   7.3824118450035103e-04  -1.3918541975868684e-03   9.4783609903103128e-03  -2.9536852083546738e-15
 -3.8374999999999995e+00   7.4252197787981543e-04  -1.3990732433360748e-03   9.5275194098885605e-03  -3.1813726876709873e-15
 -3.8249999999999997e+00   7.4681378958796861e-04  -1.4062989192480514e-03   9.5767230742556664e-03  -3.4407044076629649e-15
 -3.8124999999999996e+00   7.5112202704443181e-04  -1.4135426389828710e-03   9.6260497375332682e-03  -3.7361238732244632e-15
 -3.7999999999999998e+00   7.5544331384257537e-04  -1.4207972396949992e-03   9.6754506043087406e-03  -4.0726994816883589e-15
 -3.7874999999999996e+00   7.5977938025353973e-04  -1.4280663569910558e-03   9.7249503177122172e-03  -4.4562125685396996e-15
 -3.7749999999999995e+00   7.6412898906467422e-04  -1.4353473568699490e-03   9.7745307137327639e-03  -4.8932576312948172e-15
 -3.7624999999999997e+00   7.6849262884963866e-04  -1.4426412529417408e-03   9.8241983897728712e-03  -5.3913567434879145e-15
 -3.7499999999999996e+00   7.7286979251301748e-04  -1.4499469307035330e-03   9.8739455230308082e-03  -5.9590904302726495e-15
 -3.7374999999999998e+00   7.7726057215402294e-04  -1.4572644759755058e-03   9.9237728315260156e-03  -6.6062502327970369e-15
 -3.7249999999999996e+00   7.8166475245860308e-04  -1.4645931981011168e-03   9.9736765211432699e-03  -7.3440240970150922e-15
 -3.7124999999999995e+00   7.8608235755996873e-04  -1.4719327365275091e-03   1.0023656158639776e-02  -8.1852133002362699e-15
 -3.6999999999999997e+00   7.9051333729216551e-04  -1.4792824093621281e-03   1.0073710154446587e-02  -9.1442873249643622e-15
 -3.6874999999999996e+00   7.9495771773092905e-04  -1.4866416595343539e-03   1.0123837930055302e-02  -1.0236160885186771e-14
 -3.6749999999999998e+00   7.9941543985471823e-04  -1.4940099532679977e-03   1.0174037595469544e-02  -1.1470760931805479e-14
 -3.6624999999999996e+00   8.0388637714618534e-04  -1.5013870021421752e-03   1.0224306202912543e-02  -1.2847663804812778e-14
 -3.6499999999999995e+00   8.0837034352034410e-04  -1.5087725871302208e-03   1.0274639859948243e-02  -1.4387824374099197e-14
 -3.6374999999999997e+00   8.1286716779061722e-04  -1.5161664980438926e-03   1.0325034803078170e-02  -1.6109234273934852e-14
 -3.6249999999999996e+00   8.1737670726361917e-04  -1.5235684489146269e-03   1.0375487593683711e-02  -1.8032509709976414e-14
 -3.6124999999999998e+00   8.2189885834270729e-04  -1.5309780880743316e-03   1.0425995271247334e-02  -2.0180790541923238e-14
 -3.5999999999999996e+00   8.2643354261480238e-04  -1.5383950086533314e-03   1.0476555153722259e-02  -2.2579629537280396e-14
 -3.5874999999999995e+00   8.3098069782899060e-04  -1.5458187786115817e-03   1.0527164708381853e-02  -2.5257401485602533e-14
 -3.5749999999999997e+00   8.3554026784538027e-04  -1.5532489555732712e-03   1.0577821407945021e-02  -2.8245535396606089e-14
 -3.5624999999999996e+00   8.4011219920185234e-04  -1.5606850977248866e-03   1.0628522682060364e-02  -3.1578913134749777e-14
 -3.5499999999999998e+00   8.4469643937622868e-04  -1.5681267653057536e-03   1.0679265893284167e-02  -3.5296037468484106e-14
 -3.5374999999999996e+00   8.4929293760317584e-04  -1.5755735200311111e-03   1.0730048349920248e-02  -3.9439531005672859e-14
 -3.5249999999999995e+00   8.5390164582709331e-04  -1.5830249222994637e-03   1.0780867320902091e-02  -4.4056496853128839e-14
 -3.5124999999999997e+00   8.5852251990270814e-04  -1.5904805289689990e-03   1.0831720054309423e-02  -4.9198967072867622e-14
 -3.4999999999999996e+00   8.6315552028180256e-04  -1.5979398915897220e-03   1.0882603788567416e-02  -5.4924284881656008e-14
 -3.4874999999999998e+00   8.6780061242943806e-04  -1.6054025555379172e-03   1.0933515759814959e-02  -6.1295626979250421e-14
 -3.4749999999999996e+00   8.7245776676668843e-04  -1.6128680599674244e-03   1.0984453202544049e-02  -6.8382606540885918e-14
 -3.4624999999999995e+00   8.7712695832590311e-04  -1.6203359384650354e-03   1.1035413346153241e-02  -7.6261721398408477e-14
 -3.4499999999999997e+00   8.8180816636573497e-04  -1.6278057197260504e-03   1.1086393410997196e-02  -8.5016979596522967e-14
 -3.4374999999999996e+00   8.8650137434615384e-04  -1.6352769274484704e-03   1.1137390609658286e-02  -9.4740554764312586e-14
 -3.4249999999999998e+00   8.9120656985246347e-04  -1.6427490804153202e-03   1.1188402147593852e-02  -1.0553342783518383e-13
 -3.4124999999999996e+00   8.9592374456033219e-04  -1.6502216923834439e-03   1.1239425224389808e-02  -1.1750604924588443e-13
 -3.3999999999999995e+00   9.0065289430907194e-04  -1.6576942717989071e-03   1.1290457036644729e-02  -1.3077900276290038e-13
 -3.3874999999999997e+00   9.0539401907329179e-04  -1.6651663217128463e-03   1.1341494779460094e-02  -1.4548371392175623e-13
 -3.3749999999999996e+00   9.1014712293552302e-04  -1.6726373396693812e-03   1.1392535647981256e-02  -1.6176321725129741e-13
 -3.3624999999999998e+00   9.1491221407722343e-04  -1.6801068175708127e-03   1.1443576839259589e-02  -1.7977270670665552e-13
 -3.3499999999999996e+00   9.1968930472442723e-04  -1.6875742416333002e-03   1.1494615553524245e-02  -1.9968031675386863e-13
 -3.3374999999999995e+00   9.2447841116451309e-04  -1.6950390921657964e-03   1.1545648996508857e-02  -2.2166772969504636e-13
 -3.3249999999999997e+00   9.2927955375195215e-04  -1.7025008434009899e-03   1.1596674381679672e-02  -2.4593061990966975e-13
 -3.3124999999999996e+00   9.3409275685792678e-04  -1.7099589634229733e-03   1.1647688931699939e-02  -2.7267907830942334e-13
 -3.2999999999999998e+00   9.3891804887783034e-04  -1.7174129139594051e-03   1.1698689880764203e-02  -3.0213794635159474e-13
 -3.2874999999999996e+00   9.4375546220318838e-04  -1.7248621502801544e-03   1.1749674476474339e-02  -3.3454669296805424e-13
 -3.2749999999999995e+00   9.4860503324501833e-04  -1.7323061209382107e-03   1.1800639982489310e-02  -3.7015943780020733e-13
 -3.2624999999999997e+00   9.5346680248607448e-04  -1.7397442674854516e-03   1.1851583681633887e-02  -4.0924430340883997e-13
 -3.2499999999999996e+00   9.5834081448176655e-04  -1.7471760242809325e-03   1.1902502878306695e-02  -4.5208219471405152e-13
 -3.2374999999999998e+00   9.6322711789085570e-04  -1.7546008182209728e-03   1.1953394901354011e-02  -4.9896555195125000e-13
 -3.2249999999999996e+00   9.6812576547308283e-04  -1.7620180685674971e-03   1.2004257106508352e-02  -5.5019595534866687e-13
 -3.2124999999999995e+00   9.7303681412811848e-04  -1.7694271866539708e-03   1.2055086879450002e-02  -6.0608110944375011e-13
 -3.1999999999999997e+00   9.7796032501459612e-04  -1.7768275754374489e-03   1.2105881640057438e-02  -6.6693076680430874e-13
 -3.1874999999999996e+00   9.8289636362819182e-04  -1.7842186291403969e-03   1.2156638846108229e-02  -7.3305146042392320e-13
 -3.1749999999999998e+00   9.8784499984422747e-04  -1.7915997329578583e-03   1.2207355996491922e-02  -8.0473941826796235e-13
 -3.1624999999999996e+00   9.9280630799049524e-04  -1.7989702626979745e-03   1.2258030634894284e-02  -8.8227207989551914e-13
 -3.1499999999999995e+00   9.9778036694368332e-04  -1.8063295843805975e-03   1.2308660353850680e-02  -9.6589704082012331e-13
 -3.1374999999999997e+00   1.0027672602625933e-03  -1.8136770537454927e-03   1.2359242799356494e-02  -1.0558184820812032e-12
 -3.1249999999999996e+00   1.0077670763216290e-03  -1.8210120157753438e-03   1.2409775675514706e-02  -1.1521803969632385e-12
 -3.1124999999999998e+00   1.0127799084726310e-03  -1.8283338041413459e-03   1.2460256749612953e-02  -1.2550458456657029e-12
 -3.0999999999999996e+00   1.0178058552347804e-03  -1.8356417406006759e-03   1.2510683857636738e-02  -1.3643719266194412e-12
 -3.0874999999999995e+00   1.0228450204703089e-03  -1.8429351344248100e-03   1.2561054909602326e-02  -1.4799788525382464e-12
 -3.0749999999999997e+00   1.0278975135878175e-03  -1.8502132817601630e-03   1.2611367895312085e-02  -1.6015129735537710e-12
 -3.0625000000000000e+00   1.0329634497749452e-03  -1.8574754649378228e-03   1.2661620890558381e-02  -1.7284019010891350e-12
 -3.0499999999999998e+00   1.0380429502592021e-03  -1.8647209517146722e-03   1.2711812063754957e-02  -1.8598005420706254e-12
 -3.0374999999999996e+00   1.0431361425687553e-03  -1.8719489945299495e-03   1.2761939682593917e-02  -1.9945262668016589e-12
 -3.0249999999999995e+00   1.0482431608463052e-03  -1.8791588296296958e-03   1.2812002121485857e-02  -2.1309816489207034e-12
 -3.0124999999999997e+00   1.0533641461971312e-03  -1.8863496761426634e-03   1.2861997869516664e-02  -2.2670618174316424e-12
 -3.0000000000000000e+00   1.0584992470651033e-03  -1.8935207350804673e-03   1.2911925538825923e-02  -2.4000442917468329e-12
 -2.9874999999999998e+00   1.0636486196242243e-03  -1.9006711883238344e-03   1.2961783873231507e-02  -2.5264578590752926e-12
 -2.9749999999999996e+00   1.0688124282189192e-03  -1.9078001974902009e-03   1.3011571757573134e-02  -2.6419271472890349e-12
 -2.9624999999999995e+00   1.0739908458468350e-03  -1.9149069027296702e-03   1.3061288227687796e-02  -2.7409880543580415e-12
 -2.9499999999999997e+00   1.0791840546666316e-03  -1.9219904214619258e-03   1.3110932480763549e-02  -2.8168696247955726e-12
 -2.9375000000000000e+00   1.0843922465426932e-03  -1.9290498470437905e-03   1.3160503886240960e-02  -2.8612360526790984e-12
 -2.9249999999999998e+00   1.0896156236487307e-03  -1.9360842473093863e-03   1.3210001997578980e-02  -2.8638825183991318e-12
 -2.9124999999999996e+00   1.0948543991181046e-03  -1.9430926630240185e-03   1.3259426564708963e-02  -2.8123762562751372e-12
 -2.8999999999999995e+00   1.1001087977410681e-03  -1.9500741062371547e-03   1.3308777547178196e-02  -2.6916340783492925e-12
 -2.8874999999999997e+00   1.1053790567225397e-03  -1.9570275585154141e-03   1.3358055128178004e-02  -2.4834253864947443e-12
 -2.8750000000000000e+00   1.1106654264998205e-03  -1.9639519690532034e-03   1.3407259729448008e-02  -2.1657883895335348e-12
 -2.8624999999999998e+00   1.1159681716161316e-03  -1.9708462526737912e-03   1.3456392026994278e-02  -1.7123443572660880e-12
 -2.8499999999999996e+00   1.1212875716593528e-03  -1.9777092876967638e-03   1.3505452967756466e-02  -1.0914935580838161e-12
 -2.8374999999999995e+00   1.1266239222748864e-03  -1.9845399136566677e-03   1.3554443787350297e-02  -2.6547273589254456e-13
 -2.8249999999999997e+00   1.1319775362385364e-03  -1.9913369289065604e-03   1.3603366028682614e-02   8.1074864041222473e-13
 -2.8125000000000000e+00   1.1373487446071642e-03  -1.9980990880610889e-03   1.3652221561691021e-02   2.1907599925360164e-12
 -2.7999999999999998e+00   1.1427378979649396e-03  -2.0048250992500322e-03   1.3701012604464912e-02   3.9382200144876869e-12
 -2.7874999999999996e+00   1.1481453677631690e-03  -2.0115136211836795e-03   1.3749741745717036e-02   6.1286216905604281e-12
 -2.7749999999999995e+00   1.1535715477459826e-03  -2.0181632600502074e-03   1.3798411968492652e-02   8.8513538133308961e-12
 -2.7624999999999997e+00   1.1590168554682990e-03  -2.0247725662284589e-03   1.3847026675207461e-02   1.2212106879666224e-11
 -2.7500000000000000e+00   1.1644817339178173e-03  -2.0313400307960029e-03   1.3895589714181452e-02   1.6335679805161700e-11
 -2.7374999999999998e+00   1.1699666532513468e-03  -2.0378640818089471e-03   1.3944105407816055e-02   2.1369251910396026e-11
 -2.7249999999999996e+00   1.1754721126478391e-03  -2.0443430803530126e-03   1.3992578582447067e-02   2.7486195588738134e-11
 -2.7124999999999995e+00   1.1809986422840837e-03  -2.0507753163511075e-03   1.4041014599956932e-02   3.4890516867560167e-11
 -2.6999999999999997e+00   1.1865468054388243e-03  -2.0571590041196992e-03   1.4089419391228706e-02   4.3822024370135648e-11
 -2.6875000000000000e+00   1.1921172007328834e-03  -2.0634922776571656e-03   1.4137799491548877e-02   5.4562343667609897e-11
 -2.6749999999999998e+00   1.1977104645149554e-03  -2.0697731856465780e-03   1.4186162078096828e-02   6.7441912212785757e-11
 -2.6624999999999996e+00   1.2033272733983668e-03  -2.0759996861633143e-03   1.4234515009596695e-02   8.2848110815496491e-11
 -2.6499999999999995e+00   1.2089683469558403e-03  -2.0821696410739509e-03   1.4282866868231069e-02   1.0123471303577795e-10
 -2.6374999999999997e+00   1.2146344505784416e-03  -2.0882808101165607e-03   1.4331227003905727e-02   1.2313286121269505e-10
 -2.6250000000000000e+00   1.2203263985119442e-03  -2.0943308446338218e-03   1.4379605581055013e-02   1.4916381099019048e-10
 -2.6124999999999998e+00   1.2260450570758441e-03  -2.1003172809546228e-03   1.4428013628063461e-02   1.8005372420721765e-10
 -2.5999999999999996e+00   1.2317913480768524e-03  -2.1062375333956800e-03   1.4476463089474709e-02   2.1665083252507454e-10
 -2.5874999999999995e+00   1.2375662524216941e-03  -2.1120888868814930e-03   1.4524966881058211e-02   2.5994534568983194e-10
 -2.5749999999999997e+00   1.2433708139332868e-03  -2.1178684891721834e-03   1.4573538947794673e-02   3.1109253499055352e-10
 -2.5625000000000000e+00   1.2492061433814526e-03  -2.1235733426807775e-03   1.4622194324943355e-02   3.7143949019021542e-10
 -2.5499999999999998e+00   1.2550734227393990e-03  -2.1292002958576382e-03   1.4670949202357460e-02   4.4255612423176063e-10
 -2.5374999999999996e+00   1.2609739096723445e-03  -2.1347460341333670e-03   1.4719820992144255e-02   5.2627109003404311e-10
 -2.5249999999999995e+00   1.2669089422627051e-03  -2.1402070704129618e-03   1.4768828399740641e-02   6.2471337483227212e-10
 -2.5124999999999997e+00   1.2728799439792092e-03  -2.1455797351092229e-03   1.4817991498518601e-02   7.4036045631250286e-10
 -2.5000000000000000e+00   1.2788884288944245e-03  -2.1508601657104355e-03   1.4867331807996098e-02   8.7609404027585173e-10
 -2.4874999999999998e+00   1.2849360071570044e-03  -2.1560442958713536e-03   1.4916872375757244e-02   1.0352645562341387e-09
 -2.4749999999999996e+00   1.2910243907217709e-03  -2.1611278440264773e-03   1.4966637863142836e-02   1.2217657680817322e-09
 -2.4624999999999995e+00   1.2971553993377780e-03  -2.1661063015285132e-03   1.5016654634732826e-02   1.4401210644532447e-09
 -2.4499999999999997e+00   1.3033309667947414e-03  -2.1709749203158799e-03   1.5066950851649613e-02   1.6955832334495882e-09
 -2.4375000000000000e+00   1.3095531474256955e-03  -2.1757287001180682e-03   1.5117556568679694e-02   1.9942498009304729e-09
 -2.4249999999999998e+00   1.3158241228589385e-03  -2.1803623752189873e-03   1.5168503835146670e-02   2.3431963313079375e-09
 -2.4124999999999996e+00   1.3221462090117304e-03  -2.1848704007978461e-03   1.5219826799467182e-02   2.7506304528372256e-09
 -2.3999999999999995e+00   1.3285218633151729e-03  -2.1892469388755621e-03   1.5271561817284104e-02   3.2260697919044410e-09
 -2.3874999999999997e+00   1.3349536921517331e-03  -2.1934858439113503e-03   1.5323747562964870e-02   3.7805474863058551e-09
 -2.3750000000000000e+00   1.3414444584845615e-03  -2.1975806480975147e-03   1.5376425144229848e-02   4.4268495031364130e-09
 -2.3624999999999998e+00   1.3479970896527595e-03  -2.2015245464129746e-03   1.5429638219614116e-02   5.1797886310402514e-09
 -2.3499999999999996e+00   1.3546146852973519e-03  -2.2053103815150282e-03   1.5483433118343928e-02   6.0565207552672871e-09
 -2.3374999999999995e+00   1.3613005253757654e-03  -2.2089306285631213e-03   1.5537858962123662e-02   7.0769098743165173e-09
 -2.3249999999999997e+00   1.3680580782140651e-03  -2.2123773800870501e-03   1.5592967788223125e-02   8.2639492971628689e-09
 -2.3125000000000000e+00   1.3748910085370520e-03  -2.2156423310300049e-03   1.5648814673143160e-02   9.6442475855563807e-09
 -2.2999999999999998e+00   1.3818031854035881e-03  -2.2187167641247794e-03   1.5705457855976747e-02   1.1248589104170299e-08
 -2.2874999999999996e+00   1.3887986899622036e-03  -2.2215915357851296e-03   1.5762958860431903e-02   1.3112580532491325e-08
 -2.2749999999999995e+00   1.3958818229272494e-03  -2.2242570627263826e-03   1.5821382614299884e-02   1.5277396411170454e-08
 -2.2624999999999997e+00   1.4030571116586789e-03  -2.2267033095633433e-03   1.5880797564939715e-02   1.7790638770469670e-08
 -2.2500000000000000e+00   1.4103293167089159e-03  -2.2289197776748375e-03   1.5941275789107444e-02   2.0707328165060192e-08
 -2.2374999999999998e+00   1.4177034376794738e-03  -2.2308954956653231e-03   1.6002893095205820e-02   2.4091046055059106e-08
 -2.2249999999999996e+00   1.4251847182063209e-03  -2.2326190118030199e-03   1.6065729115741958e-02   2.8015251487850122e-08
 -2.2124999999999995e+00   1.4327786498661121e-03  -2.2340783888673914e-03   1.6129867387455296e-02   3.2564798502283149e-08
 -2.1999999999999997e+00   1.4404909747651935e-03  -2.2352612019000016e-03   1.6195395416213534e-02   3.7837684668899473e-08
 -2.1875000000000000e+00   1.4483276865390380e-03  -2.2361545394211182e-03   1.6262404723362427e-02   4.3947065775944364e-08
 -2.1749999999999998e+00   1.4562950294532040e-03  -2.2367450087465270e-03   1.6330990869782493e-02   5.1023576960638440e-08
 -2.1624999999999996e+00   1.4643994952541746e-03  -2.2370187461245453e-03   1.6401253453397879e-02   5.9218006679676750e-08
 -2.1499999999999999e+00   1.4726478173722394e-03  -2.2369614325025776e-03   1.6473296075341985e-02   6.8704376927973674e-08
 -2.1374999999999997e+00   1.4810469620265441e-03  -2.2365583158353471e-03   1.6547226269377852e-02   7.9683491197949331e-08
 -2.1250000000000000e+00   1.4896041157247413e-03  -2.2357942409578020e-03   1.6623155388505496e-02   9.2387020983736745e-08
 -2.1124999999999998e+00   1.4983266685866196e-03  -2.2346536881671640e-03   1.6701198441970270e-02   1.0708221236406414e-07
 -2.0999999999999996e+00   1.5072221928502988e-03  -2.2331208217935003e-03   1.6781473875085974e-02   1.2407730656733465e-07
 -2.0874999999999999e+00   1.5162984158412374e-03  -2.2311795501862297e-03   1.6864103283410509e-02   1.4372778268195428e-07
 -2.0749999999999997e+00   1.5255631865975813e-03  -2.2288135987063081e-03   1.6949211051854578e-02   1.6644354712114165e-07
 -2.0625000000000000e+00   1.5350244352499455e-03  -2.2260065974903111e-03   1.7036923908265656e-02   1.9269721342639024e-07
 -2.0499999999999998e+00   1.5446901241472962e-03  -2.2227421859480358e-03   1.7127370379884647e-02   2.2303363789012592e-07
 -2.0374999999999996e+00   1.5545681896029816e-03  -2.2190041361678406e-03   1.7220680139827374e-02   2.5808090176154798e-07
 -2.0249999999999999e+00   1.5646664730050832e-03  -2.2147764976360299e-03   1.7316983229390761e-02   2.9856295999972216e-07
 -2.0124999999999997e+00   1.5749926398901761e-03  -2.2100437659328927e-03   1.7416409140493350e-02   3.4531421028438616e-07
 -2.0000000000000000e+00   1.5855540854188270e-03  -2.2047910783470925e-03   1.7519085740938342e-02   3.9929627500761104e-07
 -1.9874999999999998e+00   1.5963578245118549e-03  -2.1990044396578610e-03   1.7625138023408288e-02   4.6161733410053608e-07
 -1.9749999999999996e+00   1.6074103647061942e-03  -2.1926709816719224e-03   1.7734686657148942e-02   5.3355439878368635e-07
 -1.9624999999999999e+00   1.6187175595657247e-03  -2.1857792604730421e-03   1.7847846319161594e-02   6.1657897682678010e-07
 -1.9499999999999997e+00   1.6302844402313651e-03  -2.1783195957519475e-03   1.7964723779362014e-02   7.1238665001302219e-07
 -1.9375000000000000e+00   1.6421150224117591e-03  -2.1702844570389355e-03   1.8085415711547030e-02   8.2293116581342550e-07
 -1.9249999999999998e+00   1.6542120857976029e-03  -2.1616689021627306e-03   1.8210006199123059e-02   9.5046373964272988e-07
 -1.9124999999999996e+00   1.6665769225219604e-03  -2.1524710738184310e-03   1.8338563901332806e-02   1.0975783736803050e-06
 -1.8999999999999999e+00   1.6792090508799171e-03  -2.1426927607487239e-03   1.8471138842131838e-02   1.2672641256630999e-06
 -1.8874999999999997e+00   1.6921058900560742e-03  -2.1323400307362308e-03   1.8607758779864616e-02   1.4629654093194178e-06
 -1.8750000000000000e+00   1.7052623910779397e-03  -2.1214239433810147e-03   1.8748425111399115e-02   1.6886515807867919e-06
 -1.8624999999999998e+00   1.7186706186070435e-03  -2.1099613515071455e-03   1.8893108259335750e-02   1.9488972666593543e-06
 -1.8499999999999996e+00   1.7323192774858246e-03  -2.0979758010168784e-03   1.9041742485239453e-02   2.2489751242287509e-06
 -1.8374999999999999e+00   1.7461931771623757e-03  -2.0854985401058527e-03   1.9194220065460631e-02   2.5949629989375668e-06
 -1.8249999999999997e+00   1.7602726262011200e-03  -2.0725696499810696e-03   1.9350384758924890e-02   2.9938677650632282e-06
 -1.8125000000000000e+00   1.7745327480367962e-03  -2.0592393106018160e-03   1.9510024488184181e-02   3.4537685115389074e-06
 -1.7999999999999998e+00   1.7889427079195103e-03  -2.0455692165099056e-03   1.9672863145920393e-02   3.9839821755207047e-06
 -1.7874999999999996e+00   1.8034648396055369e-03  -2.0316341595467656e-03   1.9838551428870130e-02   4.5952552436584684e-06
 -1.7749999999999999e+00   1.8180536587434778e-03  -2.0175237971886313e-03   2.0006656589687720e-02   5.2999857491475997e-06
 -1.7624999999999997e+00   1.8326547480544048e-03  -2.0033446273875206e-03   2.0176650984459532e-02   6.1124805084266441e-06
 -1.7500000000000000e+00   1.8472034972687082e-03  -1.9892221932030453e-03   2.0347899279310067e-02   7.0492533850560916e-06
 -1.7374999999999998e+00   1.8616236783160615e-03  -1.9753035431673261e-03   2.0519644163688049e-02   8.1293713641253299e-06
 -1.7249999999999996e+00   1.8758258334142677e-03  -1.9617599762603386e-03   2.0690990400376801e-02   9.3748563975885125e-06
 -1.7124999999999999e+00   1.8897054504039520e-03  -1.9487901036034485e-03   2.0860887022935155e-02   1.0811152374224743e-05
 -1.6999999999999997e+00   1.9031408958527234e-03  -1.9366232625213462e-03   2.1028107470044625e-02   1.2467668219548138e-05
 -1.6875000000000000e+00   1.9159910720129055e-03  -1.9255233224917620e-03   2.1191227423032737e-02   1.4378410091667254e-05
 -1.6749999999999998e+00   1.9280927585503781e-03  -1.9157929267114501e-03   2.1348600087590448e-02   1.6582717969918644e-05
 -1.6624999999999996e+00   1.9392575939339153e-03  -1.9077782175659995e-03   2.1498328633355091e-02   1.9126124707761370e-05
 -1.6499999999999999e+00   1.9492686443206770e-03  -1.9018740992059048e-03   2.1638235475572053e-02   2.2061358928782825e-05
 -1.6374999999999997e+00   1.9578764994937384e-03  -1.8985300957013692e-03   2.1765828051505832e-02   2.5449517091891281e-05
 -1.6250000000000000e+00   1.9647948256570368e-03  -1.8982568688614464e-03   2.1878260710751302e-02   2.9361434767991783e-05
 -1.6124999999999998e+00   1.9696952933722736e-03  -1.9016334657310193e-03   2.1972292303316904e-02   3.3879292811109661e-05
 -1.5999999999999996e+00   1.9722017852657589e-03  -1.9093153719651748e-03   2.2044239012718552e-02   3.9098500858793985e-05
 -1.5874999999999999e+00   1.9718837718950945e-03  -1.9220434536278538e-03   2.2089921944016509e-02   4.5129908683509962e-05
 -1.5749999999999997e+00   1.9682487248045533e-03  -1.9406538763079876e-03   2.2104608939854487e-02   5.2102405605695058e-05
 -1.5625000000000000e+00   1.9607334126588382e-03  -1.9660890965332266e-03   2.2082950062870008e-02   6.0165979787301162e-05
 -1.5499999999999998e+00   1.9486938986381236e-03  -1.9994100258877538e-03   2.2018906153025333e-02   6.9495323125584975e-05
 -1.5374999999999996e+00   1.9313940240576800e-03  -2.0418094723961850e-03   2.1905669847522416e-02   8.0294084096336896e-05
 -1.5249999999999999e+00   1.9079921233194725e-03  -2.0946269657082491e-03   2.1735578445061257e-02   9.2799890754460539e-05
 -1.5124999999999997e+00   1.8775256674887968e-03  -2.1593650710637342e-03   2.1500018014163305e-02   1.0729028975164940e-04
 -1.5000000000000000e+00   1.8388934764801104e-03  -2.2377072899752216e-03   2.1189318200019229e-02   1.2408977529133791e-04
 -1.4874999999999998e+00   1.7908350712804312e-03  -2.3315376302107918e-03   2.0792637294418440e-02   1.4357811504981053e-04
 -1.4749999999999996e+00   1.7319066558889949e-03  -2.4429618999460639e-03   2.0297837325324062e-02   1.6620021885926434e-04
 -1.4624999999999999e+00   1.6604531216308264e-03  -2.5743307351425377e-03   1.9691349234212105e-02   1.9247784085665848e-04
 -1.4499999999999997e+00   1.5745753521414008e-03  -2.7282642971918026e-03   1.8958028693464024e-02   2.2302345704121719e-04
 -1.4375000000000000e+00   1.4720919738235986e-03  -2.9076784682731962e-03   1.8081003847252433e-02   2.5855671737630572e-04
 -1.4249999999999998e+00   1.3504945428889370e-03  -3.1158122088452886e-03   1.7041517341121949e-02   2.9992393333212991e-04
 -1.4124999999999996e+00   1.2068949866873738e-03  -3.3562555032358278e-03   1.5818766581417624e-02   3.4812112500096261e-04
 -1.3999999999999999e+00   1.0379639272253486e-03  -3.6329769751141335e-03   1.4389748433439299e-02   4.0432121073715431e-04
 -1.3874999999999997e+00   8.3985831687354950e-04  -3.9503497633158174e-03   1.2729117796490550e-02   4.6990596632293384e-04
 -1.3750000000000000e+00   6.0813662697094262e-04  -4.3131735539967530e-03   1.0809074049562552e-02   5.4650339257996620e-04
 -1.3624999999999998e+00   3.3765967980787332e-04  -4.7266896925272891e-03   8.5992957299192326e-03   6.3603108199763146e-04
 -1.3500000000000001e+00   2.2475155921494636e-05  -5.1965849495334282e-03   6.0669526263081031e-03   7.4074602187552149e-04
 -1.3374999999999999e+00  -3.4431607067411175e-04  -5.7289776639659062e-03   3.1768365544991980e-03   8.6330094497439605e-04
 -1.3249999999999997e+00  -7.7071317489609112e-04  -6.3303774761305272e-03  -1.0833156015483792e-04   1.0068067347779562e-03
 -1.3125000000000000e+00  -1.2659886185088741e-03  -7.0076065131351251e-03  -3.8273388746706632e-03   1.1748993573962362e-03
 -1.2999999999999998e+00  -1.8408799190608807e-03  -7.7676655059160321e-03  -8.0195542301733612e-03   1.3718081043492397e-03
 -1.2875000000000001e+00  -2.5077951790635298e-03  -8.6175227388503532e-03  -1.2723494208919547e-02   1.6024192815701807e-03
 -1.2749999999999999e+00  -3.2810220917650697e-03  -9.5637969130891332e-03  -1.7974693763883332e-02   1.8723254608795791e-03
 -1.2624999999999997e+00  -4.1769213014277102e-03  -1.0612297172921283e-02  -2.3802643451238618e-02   2.1878445174788679e-03
 -1.2500000000000000e+00  -5.2140713065202083e-03  -1.1767375491214805e-02  -3.0226504493134711e-02   2.5559843700665801e-03
 -1.2374999999999998e+00  -6.4133116238120971e-03  -1.3031040151867934e-02  -3.7249273661472064e-02   2.9843182056772670e-03
 -1.2250000000000001e+00  -7.7976015500364941e-03  -1.4401777746818049e-02  -4.4850066026687521e-02   3.4807210893035095e-03
 -1.2124999999999999e+00  -9.3915718945954199e-03  -1.5873041120077702e-02  -5.2974256190167469e-02   4.0529035046079241e-03
 -1.1999999999999997e+00  -1.1220596845804138e-02  -1.7431391859509759e-02  -6.1521432679022922e-02   4.7076642014155026e-03
 -1.1875000000000000e+00  -1.3309158065877262e-02  -1.9054352074142304e-02  -7.0331566659148720e-02   5.4497814664435434e-03
 -1.1749999999999998e+00  -1.5678228801138765e-02  -2.0708137483924156e-02  -7.9170580829936249e-02   6.2804822025040825e-03
 -1.1625000000000001e+00  -1.8341405211806383e-02  -2.2345624672484105e-02  -8.7717707023240624e-02   7.1954920624084442e-03
 -1.1499999999999999e+00  -2.1299611985149253e-02  -2.3905144238840499e-02  -9.5558602323012248e-02   8.1828001190081615e-03
 -1.1374999999999997e+00  -2.4534487547186106e-02  -2.5310941380185359e-02  -1.0218983665614081e-01   9.2204810053143228e-03
 -1.1250000000000000e+00  -2.8001083062172274e-02  -2.6476289660183012e-02  -1.0704128775453761e-01   1.0275183933034164e-02
 -1.1124999999999998e+00  -3.1621287022033394e-02  -2.7310089093830491e-02  -1.0952187575167643e-01   1.1302132001624138e-02
 -1.1000000000000001e+00  -3.5280232476215541e-02  -2.7727114806332311e-02  -1.0908949604322066e-01   1.2247505561132346e-02
 -1.0874999999999999e+00  -3.8828418674378154e-02  -2.7660841358423286e-02  -1.0533751077367079e-01   1.3053706428843110e-02
 -1.0749999999999997e+00  -4.2091771551080195e-02  -2.7076250636876343e-02  -9.8079832115571669e-02   1.3667125098552111e-02
 -1.0625000000000000e+00  -4.4889953464791098e-02  -2.5978982128289880e-02  -8.7409683319856810e-02   1.4046873120658738e-02
 -1.0499999999999998e+00  -4.7060205829971495e-02  -2.4417475696822708e-02  -7.3709601820233769e-02   1.4172065518068610e-02
 -1.0375000000000001e+00  -4.8481137840767227e-02  -2.2476712696637074e-02  -5.7604177379846272e-02   1.4045294536163693e-02
 -1.0249999999999999e+00  -4.9089881730599548e-02  -2.0265052316831105e-02  -3.9866953760746303e-02   1.3691141672929889e-02
 -1.0124999999999997e+00  -4.8887881972942158e-02  -1.7898001886003326e-02  -2.1308434437819702e-02   1.3150392192039582e-02
 -1.0000000000000000e+00  -4.7934538534867843e-02  -1.5483342152015911e-02  -2.6752502748170451e-03   1.2472053198712923e-02
 -9.8749999999999982e-01  -4.6331908394097981e-02  -1.3110774998484518e-02   1.5418626638568505e-02   1.1705619574537902e-02
 -9.7500000000000009e-01  -4.4205751014836786e-02  -1.0847136453178008e-02   3.2522302644560588e-02   1.0895328242977731e-02
 -9.6249999999999991e-01  -4.1687852787188187e-02  -8.7363880852117173e-03   4.8345888778098693e-02   1.0077011112769617e-02
 -9.4999999999999973e-01  -3.8902658784660975e-02  -6.8026910413577736e-03   6.2737705473128125e-02   9.2772365613925413e-03
 -9.3750000000000000e-01  -3.5959097855704288e-02  -5.0548366147529465e-03   7.5652586961800786e-02   8.5139949688766460e-03
 -9.2499999999999982e-01  -3.2946985040328051e-02  -3.4907650160317313e-03   8.7119932882185142e-02   7.7981661149048266e-03
 -9.1250000000000009e-01  -2.9936724500852729e-02  -2.1014651305278362e-03   9.7216307894355231e-02   7.1352000512139649e-03
 -8.9999999999999991e-01  -2.6980997535017079e-02  -8.7399488332924721e-04   1.0604432385557799e-01   6.5266762147711049e-03
 -8.8749999999999973e-01  -2.4117389593450802e-02   2.0636471869864585e-04   1.1371765910803032e-01   5.9715912719162960e-03
 -8.7500000000000000e-01  -2.1371253886156221e-02   1.1546811892979229e-03   1.2035119450743360e-01   5.4673437626558677e-03
 -8.6249999999999982e-01  -1.8758406811470521e-02   1.9854929505839763e-03   1.2605501832308569e-01   5.0104442295408266e-03
 -8.5000000000000009e-01  -1.6287463897389057e-02   2.7123213267356274e-03   1.3093115666802790e-01   4.5970025991196560e-03
 -8.3749999999999991e-01  -1.3961758687194089e-02   3.3474426718835115e-03   1.3507211463270274e-01   4.2230469708812663e-03
 -8.2499999999999973e-01  -1.1780860648138918e-02   3.9018249173003736e-03   1.3856055413650123e-01   3.8847210112033844e-03
 -8.1250000000000000e-01  -9.7417422813626375e-03   4.3851617753636191e-03   1.4146964002631024e-01   3.5783973363487796e-03
 -7.9999999999999982e-01  -7.8396563353439561e-03   4.8059601268253460e-03   1.4386374357421663e-01   3.3007347715296679e-03
 -7.8750000000000009e-01  -6.0687823885060077e-03   5.1716521706901934e-03   1.4579930567605490e-01   3.0486994327056328e-03
 -7.7499999999999991e-01  -4.4226948576855151e-03   5.4887149495259505e-03   1.4732573957924527e-01   2.8195634458987612e-03
 -7.6249999999999973e-01  -2.8946955387420341e-03   5.7627871746520464e-03   1.4848630417627934e-01   2.6108906152757737e-03
 -7.5000000000000000e-01  -1.4780450488100561e-03   5.9987779677592445e-03   1.4931891164179559e-01   2.4205151569605347e-03
 -7.3749999999999982e-01  -1.6611987226710056e-04   6.2009650509829185e-03   1.4985685344346453e-01   2.2465174085191755e-03
 -7.2500000000000009e-01   1.0474846275224366e-03   6.3730816622823714e-03   1.5012944080255600e-01   2.0871989314646525e-03
 -7.1249999999999991e-01   2.1688899191655737e-03   6.5183924655803881e-03   1.5016256246781304e-01   1.9410584338694537e-03
 -6.9999999999999973e-01   3.2038973501621686e-03   6.6397592460815747e-03   1.4997916616874105e-01   1.8067692956178685e-03
 -6.8750000000000000e-01   4.1579701416875900e-03   6.7396974144276617e-03   1.4959967162164897e-01   1.6831590681061841e-03
 -6.7499999999999982e-01   5.0362282077544666e-03   6.8204244070500519e-03   1.4904232330082343e-01   1.5691910652734166e-03
 -6.6250000000000009e-01   5.8434513726594479e-03   6.8839010387602368e-03   1.4832349087818930e-01   1.4639480102271488e-03
 -6.4999999999999991e-01   6.5840878274532185e-03   6.9318667832963801e-03   1.4745792459789761e-01   1.3666176152734432e-03
 -6.3749999999999973e-01   7.2622656103903055e-03   6.9658698559324069e-03   1.4645897207947342e-01   1.2764799287506860e-03
 -6.2500000000000000e-01   7.8818056009400186e-03   6.9872928654828798e-03   1.4533876224545780e-01   1.1928962638185418e-03
 -6.1249999999999982e-01   8.4462350444627320e-03   6.9973747000178022e-03   1.4410836130757093e-01   1.1152995219494398e-03
 -6.0000000000000009e-01   8.9588010211680037e-03   6.9972292158454168e-03   1.4277790504931709e-01   1.0431857307313895e-03
 -5.8749999999999991e-01   9.4224835717216498e-03   6.9878612147130266e-03   1.4135671102443456e-01   9.7610662761801596e-04
 -5.7499999999999973e-01   9.8400084162060530e-03   6.9701801200939897e-03   1.3985337375103196e-01   9.1366313598104261e-04
 -5.6250000000000000e-01   1.0213859368900239e-02   6.9450116994340498e-03   1.3827584551638969e-01   8.5549959580330905e-04
 -5.4999999999999982e-01   1.0546290668811921e-02   6.9131081244826796e-03   1.3663150501026977e-01   8.0129862781716629e-04
 -5.3750000000000009e-01   1.0839339521388514e-02   6.8751566153419739e-03   1.3492721566719762e-01   7.5077652644312042e-04
 -5.2499999999999991e-01   1.1094839184082045e-02   6.8317868746170813e-03   1.3316937531255016e-01   7.0367909331106972e-04
 -5.1249999999999973e-01   1.1314432929715504e-02   6.7835774850954341e-03   1.3136395846589316e-01   6.5977783931628559e-04
 -5.0000000000000000e-01   1.1499589188697177e-02   6.7310614168526843e-03   1.2951655245107099e-01   6.1886649892960372e-04
 -4.8749999999999982e-01   1.1651618106205509e-02   6.6747307668145539e-03   1.2763238829011098e-01   5.8075781564454528e-04
 -4.7500000000000009e-01   1.1771689656666744e-02   6.6150408349226510e-03   1.2571636721191182e-01   5.4528057172464114e-04
 -4.6249999999999991e-01   1.1860853339769698e-02   6.5524136255691321e-03   1.2377308348257855e-01   5.1227684845833092e-04
 -4.4999999999999973e-01   1.1920059346193678e-02   6.4872408503605832e-03   1.2180684415846738e-01   4.8159951452781042e-04
 -4.3750000000000000e-01   1.1950180935144022e-02   6.4198864980852168e-03   1.1982168627246766e-01   4.5310994942319505e-04
 -4.2499999999999982e-01   1.1952037619121589e-02   6.3506890295761537e-03   1.1782139188626584e-01   4.2667601567970468e-04
 -4.1250000000000009e-01   1.1926418614499470e-02   6.2799632486140074e-03   1.1580950137427007e-01   4.0217029775211260e-04
 -3.9999999999999991e-01   1.1874105900150572e-02   6.2080018947547940e-03   1.1378932524688459e-01   3.7946862635800040e-04
 -3.8749999999999973e-01   1.1795896140765528e-02   6.1350769996972327e-03   1.1176395477060191e-01   3.5844890507296805e-04
 -3.7500000000000000e-01   1.1692620685442285e-02   6.0614410452407390e-03   1.0973627159889604e-01   3.3899025099230100e-04
 -3.6249999999999982e-01   1.1565162852203695e-02   5.9873279577894369e-03   1.0770895659033622e-01   3.2097245373398169e-04
 -3.5000000000000009e-01   1.1414471758929488e-02   5.9129539715215562e-03   1.0568449795805510e-01   3.0427574749282210e-04
 -3.3749999999999991e-01   1.1241572060908448e-02   5.8385183896000397e-03   1.0366519886717765e-01   2.8878087997829594e-04
 -3.2499999999999973e-01   1.1047569101228350e-02   5.7642042700228957e-03   1.0165318457361773e-01   2.7436945071369548e-04
 -3.1250000000000000e-01   1.0833649165281595e-02   5.6901790598175746e-03   9.9650409178399291e-02   2.6092448023465261e-04
 -2.9999999999999982e-01   1.0601074744302672e-02   5.6165951982317802e-03   9.7658662056012216e-02   2.4833116208152481e-04
 -2.8750000000000009e-01   1.0351174942104595e-02   5.5435907063633057e-03   9.5679574002925469e-02   2.3647774192749513e-04
 -2.7499999999999991e-01   1.0085331389569640e-02   5.4712897773391408e-03   9.3714623142912151e-02   2.2525646336371419e-04
 -2.6250000000000018e-01   9.8049602481307951e-03   5.3998033777638938e-03   9.1765140618931859e-02   2.1456451820699079e-04
 -2.5000000000000000e-01   9.5114910724356204e-03   5.3292298677958452e-03   8.9832316096599779e-02   2.0430494089189195e-04
 -2.3749999999999982e-01   9.2063434515449322e-03   5.2596556439738242e-03   8.7917203101371688e-02   1.9438739148602534e-04
 -2.2500000000000009e-01   8.8909024482166990e-03   5.1911558059114099e-03   8.6020724210110186e-02   1.8472877980382297e-04
 -2.1249999999999991e-01   8.5664939014718604e-03   5.1237948452915122e-03   8.4143676117299351e-02   1.7525369345231822e-04
 -2.0000000000000018e-01   8.2343606470804739e-03   5.0576273533159133e-03   8.2286734596485514e-02   1.6589460471803496e-04
 -1.8750000000000000e-01   7.8956406461310712e-03   4.9926987409526571e-03   8.0450459378238873e-02   1.5659184419077133e-04
 -1.7499999999999982e-01   7.5513478993392159e-03   4.9290459650160080e-03   7.8635298966764453e-02   1.4729334207922695e-04
 -1.6250000000000009e-01   7.2023568730627463e-03   4.8666982523155183e-03   7.6841595417927941e-02   1.3795415050354130e-04
 -1.4999999999999991e-01   6.8493909831321923e-03   4.8056778138111829e-03   7.5069589101802767e-02   1.2853577094782101e-04
 -1.3750000000000018e-01   6.4930154867898259e-03   4.7460005408845613e-03   7.3319423473040143e-02   1.1900531996554134e-04
 -1.2500000000000000e-01   6.1336349334974337e-03   4.6876766763902927e-03   7.1591149871691406e-02   1.0933457277501590e-04
 -1.1249999999999982e-01   5.7714951335811806e-03   4.6307114539740502e-03   6.9884732374709185e-02   9.9498928376263982e-05
 -1.0000000000000009e-01   5.4066894303348694e-03   4.5751057003247733e-03   6.8200052717879253e-02   8.9476341269179659e-05
 -8.7499999999999911e-02   5.0391689144720130e-03   4.5208563965254229e-03   6.6536915310318412e-02   7.9246263934341335e-05
 -7.5000000000000178e-02   4.6687561022452180e-03   4.4679571955341347e-03   6.4895052351191709e-02   6.8788641286097703e-05
 -6.2500000000000000e-02   4.2951615144691761e-03   4.4163988934836250e-03   6.3274129041269223e-02   5.8082993794318428e-05
 -4.9999999999999822e-02   3.9180025540205832e-03   4.3661698564425198e-03   6.1673748935204831e-02   4.7107620432995529e-05
 -3.7500000000000089e-02   3.5368240552053776e-03   4.3172564062887268e-03   6.0093459496417360e-02   3.5838946261605779e-05
 -2.5000000000000355e-02   3.1511197991221170e-03   4.2696431570194062e-03   5.8532757633080496e-02   2.4251030694713097e-05
 -1.2500000000000178e-02   2.7603542518962894e-03   4.2233133008399973e-03   5.6991095107031452e-02   1.2315234397339642e-05
  0.0000000000000000e+00   2.3639840278716034e-03   4.1782489038138474e-03   5.5467884796330184e-02   0.0000000000000000e+00
