# Columns: x, rho, u, p, lamdatime_step 6000
# time   3.0000000000000000e+01
 -8.0749999999999993e+00   6.6393539555870859e+01  -1.2102760395543494e+02   8.2430865120682165e+02  -1.4167044551342055e-09
 -8.0499999999999989e+00   6.6393539555870859e+01  -1.2102760395543494e+02   8.2430865120682165e+02  -1.4167044551342055e-09
 -8.0249999999999986e+00   6.6393539555870859e+01  -1.2102760395543494e+02   8.2430865120682165e+02  -1.4167044551342055e-09
 -7.9999999999999991e+00   6.6393539555870859e+01  -1.2102760395543494e+02   8.2430865120682165e+02  -1.4167044551342055e-09
 -7.9749999999999996e+00   6.6473956123678889e+01  -1.2085633755562465e+02   8.2314241790615813e+02  -1.5495106651205356e-09
 -7.9499999999999993e+00   6.6560608129544235e+01  -1.2078570735403601e+02   8.2266146866553595e+02  -1.6621316337217986e-09
 -7.9249999999999989e+00   6.6635618128498621e+01  -1.2066817530375698e+02   8.2186114802037264e+02  -1.7926931506928059e-09
 -7.8999999999999995e+00   6.6735576729045064e+01  -1.2059454516912962e+02   8.2135978679844743e+02  -1.9390868576445443e-09
 -7.8749999999999991e+00   6.6831992826821633e+01  -1.2051066819266448e+02   8.2078866897133912e+02  -2.1005296008349270e-09
 -7.8499999999999996e+00   6.6942184667878735e+01  -1.2044941839024968e+02   8.2037166146352763e+02  -2.2800523871755677e-09
 -7.8249999999999993e+00   6.7056438643780723e+01  -1.2039140231655848e+02   8.1997671099763568e+02  -2.4792903319864764e-09
 -7.7999999999999989e+00   6.7180431159206833e+01  -1.2034856996617050e+02   8.1968517493050513e+02  -2.7004305314394779e-09
 -7.7749999999999995e+00   6.7310934719360077e+01  -1.2031410112192206e+02   8.1945055840327620e+02  -2.9459082682999318e-09
 -7.7499999999999991e+00   6.7449983983564792e+01  -1.2029240831208904e+02   8.1930282098069517e+02  -3.2183893098984703e-09
 -7.7249999999999996e+00   6.7596459222289582e+01  -1.2028119157954389e+02   8.1922621628331956e+02  -3.5208483874216734e-09
 -7.6999999999999993e+00   6.7751131102879896e+01  -1.2028215111003050e+02   8.1923232107283843e+02  -3.8565857735564500e-09
 -7.6749999999999989e+00   6.7913644356401676e+01  -1.2029458213651056e+02   8.1931653050470152e+02  -4.2292686835146335e-09
 -7.6499999999999995e+00   6.8084325148685821e+01  -1.2031918256297740e+02   8.1948407428828364e+02  -4.6429790581386356e-09
 -7.6249999999999991e+00   6.8263105089694619e+01  -1.2035578204962492e+02   8.1973453514136224e+02  -5.1022431836097757e-09
 -7.5999999999999996e+00   6.8450154067057696e+01  -1.2040470943833708e+02   8.2007095587527374e+02  -5.6118522324489902e-09
 -7.5749999999999993e+00   6.8645486313023866e+01  -1.2046601674982827e+02   8.2049416842010191e+02  -6.1758004916582271e-09
 -7.5499999999999989e+00   6.8849174368163432e+01  -1.2053998298732829e+02   8.2100587414289964e+02  -6.7950709665652373e-09
 -7.5249999999999995e+00   6.9061223946643963e+01  -1.2062681021430654e+02   8.2160684213145817e+02  -7.4760736662308765e-09
 -7.4999999999999991e+00   6.9281666690451402e+01  -1.2072676496371875e+02   8.2229824428688551e+02  -8.2247095998299359e-09
 -7.4749999999999996e+00   6.9510520863792763e+01  -1.2084006111008721e+02   8.2308108919450160e+02  -9.0475768732883877e-09
 -7.4499999999999993e+00   6.9747821382030580e+01  -1.2096691497538490e+02   8.2395665416882650e+02  -9.9519851404700172e-09
 -7.4249999999999989e+00   6.9993601138911970e+01  -1.2110751447990295e+02   8.2492621610501567e+02  -1.0945919905778353e-08
 -7.3999999999999995e+00   7.0247897562792758e+01  -1.2126204684129809e+02   8.2599114552609126e+02  -1.2038135999721431e-08
 -7.3749999999999991e+00   7.0510744034009093e+01  -1.2143069206359613e+02   8.2715278264663993e+02  -1.3238234062850332e-08
 -7.3499999999999996e+00   7.0782171807779903e+01  -1.2161363339579853e+02   8.2841246465653285e+02  -1.4556752742583340e-08
 -7.3249999999999993e+00   7.1062207714672937e+01  -1.2181105355158314e+02   8.2977149218214640e+02  -1.6005235134751059e-08
 -7.2999999999999989e+00   7.1350875729257837e+01  -1.2202313645499329e+02   8.3123115141218489e+02  -1.7596337883852099e-08
 -7.2749999999999995e+00   7.1648196775495521e+01  -1.2225006462228679e+02   8.3279271080597834e+02  -1.9343923061616511e-08
 -7.2499999999999991e+00   7.1954189536657623e+01  -1.2249201920510362e+02   8.3445743223616284e+02  -2.1263188437301740e-08
 -7.2249999999999996e+00   7.2268870406268491e+01  -1.2274917903138216e+02   8.3622656973435460e+02  -2.3370786491298200e-08
 -7.1999999999999993e+00   7.2592253630107521e+01  -1.2302172091483612e+02   8.3810137095927780e+02  -2.5684968964515475e-08
 -7.1749999999999989e+00   7.2924351169343055e+01  -1.2330981957094907e+02   8.4008307461935260e+02  -2.8225715635834039e-08
 -7.1499999999999995e+00   7.3265172676752172e+01  -1.2361364788438073e+02   8.4217290949607138e+02  -3.1014904866974683e-08
 -7.1249999999999991e+00   7.3614725485209931e+01  -1.2393337680421001e+02   8.4437209361441921e+02  -3.4076515602890208e-08
 -7.0999999999999996e+00   7.3973014650778708e+01  -1.2426917533891773e+02   8.4668183417034345e+02  -3.7436784434075497e-08
 -7.0749999999999993e+00   7.4340042946648154e+01  -1.2462121053450737e+02   8.4910332672300513e+02  -4.1124437878514563e-08
 -7.0499999999999989e+00   7.4715810900609640e+01  -1.2498964743733505e+02   8.5163775498521966e+02  -4.5170934077836352e-08
 -7.0249999999999995e+00   7.5100316867964878e+01  -1.2537464894335190e+02   8.5428629109574456e+02  -4.9610705439715081e-08
 -6.9999999999999991e+00   7.5493557093463735e+01  -1.2577637570197693e+02   8.5705009570641198e+02  -5.4481438336101480e-08
 -6.9749999999999996e+00   7.5895525748123646e+01  -1.2619498606095753e+02   8.5993031767975549e+02  -5.9824357751688515e-08
 -6.9499999999999993e+00   7.6306214991518146e+01  -1.2663063596897246e+02   8.6292809412690303e+02  -6.5684580014226151e-08
 -6.9249999999999989e+00   7.6725614993268124e+01  -1.2708347896786462e+02   8.6604454983095775e+02  -7.2111451449337278e-08
 -6.8999999999999995e+00   7.7153713960894365e+01  -1.2755366617333907e+02   8.6928079673622153e+02  -7.9158968686372612e-08
 -6.8749999999999991e+00   7.7590498184583154e+01  -1.2804134622647689e+02   8.7263793365391416e+02  -8.6886146814974446e-08
 -6.8499999999999996e+00   7.8035952099394791e+01  -1.2854666521035378e+02   8.7611704619523073e+02  -9.5357533658195038e-08
 -6.8249999999999993e+00   7.8490058343093565e+01  -1.2906976658217562e+02   8.7971920661546585e+02  -1.0464370289473956e-07
 -6.7999999999999989e+00   7.8952797828659172e+01  -1.2961079107554551e+02   8.8344547384537293e+02  -1.1482181083445377e-07
 -6.7749999999999995e+00   7.9424149800416458e+01  -1.3016987664471137e+02   8.8729689326268544e+02  -1.2597619036352578e-07
 -6.7499999999999991e+00   7.9904091895323091e+01  -1.3074715839818967e+02   8.9127449651440156e+02  -1.3819898021402954e-07
 -6.7249999999999996e+00   8.0392600194267246e+01  -1.3134276856061032e+02   8.9537930117330677e+02  -1.5159087981021262e-07
 -6.6999999999999993e+00   8.0889649284713130e+01  -1.3195683641143526e+02   8.9961231053498921e+02  -1.6626190119263027e-07
 -6.6749999999999989e+00   8.1395212336622038e+01  -1.3258948820110430e+02   9.0397451358489320e+02  -1.8233221605182040e-07
 -6.6499999999999995e+00   8.1909261171073013e+01  -1.3324084708591027e+02   9.0846688483938374e+02  -1.9993307185396349e-07
 -6.6249999999999991e+00   8.2431766338613002e+01  -1.3391103304463144e+02   9.1309038430713258e+02  -2.1920781628043800e-07
 -6.5999999999999996e+00   8.2962697187342542e+01  -1.3460016282252482e+02   9.1784595728260661e+02  -2.4031293584547527e-07
 -6.5749999999999993e+00   8.3502021939257361e+01  -1.3530834985881123e+02   9.2273453424070965e+02  -2.6341927411655467e-07
 -6.5499999999999989e+00   8.4049707782993806e+01  -1.3603570418375787e+02   9.2775703094953110e+02  -2.8871333358697527e-07
 -6.5249999999999995e+00   8.4605720948289473e+01  -1.3678233235854390e+02   9.3291434830229150e+02  -3.1639863485946667e-07
 -6.4999999999999991e+00   8.5170026778979434e+01  -1.3754833741945890e+02   9.3820737211275355e+02  -3.4669726829652124e-07
 -6.4749999999999996e+00   8.5742589814633760e+01  -1.3833381880799217e+02   9.4363697301924526e+02  -3.7985152537317035e-07
 -6.4499999999999993e+00   8.6323373873707339e+01  -1.3913887230041294e+02   9.4920400639614934e+02  -4.1612569429004272e-07
 -6.4249999999999989e+00   8.6912342149244481e+01  -1.3996358991277549e+02   9.5490931243303658e+02  -4.5580806602213591e-07
 -6.3999999999999995e+00   8.7509457305742927e+01  -1.4080805980722508e+02   9.6075371621705960e+02  -4.9921299815152038e-07
 -6.3749999999999991e+00   8.8114681567637192e+01  -1.4167236621809064e+02   9.6673802768360156e+02  -5.4668324612436327e-07
 -6.3499999999999996e+00   8.8727976816414809e+01  -1.4255658936153000e+02   9.7286304168036895e+02  -5.9859244749828926e-07
 -6.3249999999999993e+00   8.9349304684895714e+01  -1.4346080535472464e+02   9.7912953798096248e+02  -6.5534785205738674e-07
 -6.2999999999999989e+00   8.9978626658211795e+01  -1.4438508612136988e+02   9.8553828138645122e+02  -7.1739329203840926e-07
 -6.2749999999999995e+00   9.0615904166307644e+01  -1.4532949931944000e+02   9.9209002169663631e+02  -7.8521232708025949e-07
 -6.2499999999999991e+00   9.1261098690716040e+01  -1.4629410823762771e+02   9.9878549388123270e+02  -8.5933179312851184e-07
 -6.2249999999999996e+00   9.1914171866056535e+01  -1.4727897170806642e+02   1.0056254181685664e+03  -9.4032550502142094e-07
 -6.1999999999999993e+00   9.2575085584674568e+01  -1.4828414401108148e+02   1.0126105001758826e+03  -1.0288183844366196e-06
 -6.1749999999999989e+00   9.3243802102372584e+01  -1.4930967478147619e+02   1.0197414310515708e+03  -1.1254908505107290e-06
 -6.1499999999999995e+00   9.3920284152309350e+01  -1.5035560889696902e+02   1.0270188877333585e+03  -1.2310836716575865e-06
 -6.1250000000000000e+00   9.4604495060776557e+01  -1.5142198636535608e+02   1.0344435332321966e+03  -1.3464031574594826e-06
 -6.0999999999999996e+00   9.5296398857844281e+01  -1.5250884222298467e+02   1.0420160168424234e+03  -1.4723267672121543e-06
 -6.0749999999999993e+00   9.5995960391484218e+01  -1.5361620642676493e+02   1.0497369744036866e+03  -1.6098092548619385e-06
 -6.0499999999999989e+00   9.6703145449418273e+01  -1.5474410373057873e+02   1.0576070286764957e+03  -1.7598892770520623e-06
 -6.0249999999999995e+00   9.7417920878845365e+01  -1.5589255356726611e+02   1.0656267896909537e+03  -1.9236965465828737e-06
 -6.0000000000000000e+00   9.8140254704099604e+01  -1.5706156993506258e+02   1.0737968550708304e+03  -2.1024595851027790e-06
 -5.9749999999999996e+00   9.8870116249060601e+01  -1.5825116127432466e+02   1.0821178104323749e+03  -2.2975141258116354e-06
 -5.9499999999999993e+00   9.9607476262695883e+01  -1.5946133033798253e+02   1.0905902298356573e+03  -2.5103121913269177e-06
 -5.9249999999999989e+00   1.0035230704487331e+02  -1.6069207406150065e+02   1.0992146762485461e+03  -2.7424318980335515e-06
 -5.8999999999999995e+00   1.0110458257784127e+02  -1.6194338342033450e+02   1.1079917021024355e+03  -2.9955880544123071e-06
 -5.8750000000000000e+00   1.0186427865761755e+02  -1.6321524328793919e+02   1.1169218498579576e+03  -3.2716436648452306e-06
 -5.8499999999999996e+00   1.0263137303053530e+02  -1.6450763228166144e+02   1.1260056526575634e+03  -3.5726222819302316e-06
 -5.8249999999999993e+00   1.0340584553053748e+02  -1.6582052260722494e+02   1.1352436350027722e+03  -3.9007213921150553e-06
 -5.7999999999999989e+00   1.0418767821761863e+02  -1.6715387989939398e+02   1.1446363134632575e+03  -4.2583268810445259e-06
 -5.7749999999999995e+00   1.0497685551764563e+02  -1.6850766305926746e+02   1.1541841974221961e+03  -4.6480285903150844e-06
 -5.7500000000000000e+00   1.0577336436398591e+02  -1.6988182408643806e+02   1.1638877898655596e+03  -5.0726371482980531e-06
 -5.7249999999999996e+00   1.0657719434444572e+02  -1.7127630789862789e+02   1.1737475882670378e+03  -5.5352021107770267e-06
 -5.6999999999999993e+00   1.0738833784917513e+02  -1.7269105214827630e+02   1.1837640855072109e+03  -6.0390314760694206e-06
 -5.6749999999999989e+00   1.0820679022265148e+02  -1.7412598702847316e+02   1.1939377708733830e+03  -6.5877127635385498e-06
 -5.6499999999999995e+00   1.0903254991992645e+02  -1.7558103506858757e+02   1.2042691311437720e+03  -7.1851356578821942e-06
 -5.6250000000000000e+00   1.0986561866650135e+02  -1.7705611092003895e+02   1.2147586517484372e+03  -7.8355164216428420e-06
 -5.5999999999999996e+00   1.1070600161737327e+02  -1.7855112114230170e+02   1.2254068179438727e+03  -8.5434241295860841e-06
 -5.5749999999999993e+00   1.1155370752056339e+02  -1.8006596397661275e+02   1.2362141160792783e+03  -9.3138088768074080e-06
 -5.5499999999999989e+00   1.1240874888230873e+02  -1.8160052911462017e+02   1.2471810349149487e+03  -1.0152032049448890e-05
 -5.5249999999999995e+00   1.1327114213664211e+02  -1.8315469745466527e+02   1.2583080670336128e+03  -1.1063898916368264e-05
 -5.5000000000000000e+00   1.1414090782223975e+02  -1.8472834084045058e+02   1.2695957103871983e+03  -1.2055693494064336e-05
 -5.4749999999999996e+00   1.1501807076337838e+02  -1.8632132178824679e+02   1.2810444699349339e+03  -1.3134215957857999e-05
 -5.4499999999999993e+00   1.1590266025367042e+02  -1.8793349320531922e+02   1.2926548593549498e+03  -1.4306822764459685e-05
 -5.4249999999999989e+00   1.1679471024270583e+02  -1.8956469809927853e+02   1.3044274028323230e+03  -1.5581469487727238e-05
 -5.3999999999999995e+00   1.1769425952695885e+02  -1.9121476927519123e+02   1.3163626369445540e+03  -1.6966756735860911e-05
 -5.3750000000000000e+00   1.1860135194613592e+02  -1.9288352901804089e+02   1.3284611126624498e+03  -1.8471979068129924e-05
 -5.3499999999999996e+00   1.1951603658612291e+02  -1.9457078875772157e+02   1.3407233974844776e+03  -2.0107177296058615e-05
 -5.3249999999999993e+00   1.2043836798757792e+02  -1.9627634871873337e+02   1.3531500776919331e+03  -2.1883194202408271e-05
 -5.2999999999999989e+00   1.2136840635977543e+02  -1.9799999755515424e+02   1.3657417607204231e+03  -2.3811733749829362e-05
 -5.2749999999999995e+00   1.2230621780178724e+02  -1.9974151196620255e+02   1.3784990776789884e+03  -2.5905424134080620e-05
 -5.2500000000000000e+00   1.2325187452829604e+02  -2.0150065629853049e+02   1.3914226859788555e+03  -2.8177884562453106e-05
 -5.2249999999999996e+00   1.2420545510139712e+02  -2.0327718213162589e+02   1.4045132720926586e+03  -3.0643796044861652e-05
 -5.1999999999999993e+00   1.2516704467027540e+02  -2.0507082784271182e+02   1.4177715544723214e+03  -3.3318976305922427e-05
 -5.1749999999999989e+00   1.2613673521922884e+02  -2.0688131814989578e+02   1.4311982866333881e+03  -3.6220458666762525e-05
 -5.1499999999999995e+00   1.2711462582436113e+02  -2.0870836363280984e+02   1.4447942604116263e+03  -3.9366575199359953e-05
 -5.1250000000000000e+00   1.2810082291897913e+02  -2.1055166023062890e+02   1.4585603093933487e+03  -4.2777043944486241e-05
 -5.0999999999999996e+00   1.2909544056705286e+02  -2.1241088871881360e+02   1.4724973125112374e+03  -4.6473060235762213e-05
 -5.0749999999999993e+00   1.3009860074641369e+02  -2.1428571416079816e+02   1.4866061978307844e+03  -5.0477391960659647e-05
 -5.0499999999999989e+00   1.3111043364172059e+02  -2.1617578533479090e+02   1.5008879465286848e+03  -5.4814478531899552e-05
 -5.0249999999999995e+00   1.3213107794752813e+02  -2.1808073413470490e+02   1.5153435970689382e+03  -5.9510533336754078e-05
 -5.0000000000000000e+00   1.3316068118237351e+02  -2.2000017494344462e+02   1.5299742495907146e+03  -6.4593649155794816e-05
 -4.9749999999999996e+00   1.3419940001576813e+02  -2.2193370397434322e+02   1.5447810705360264e+03  -7.0093906091889258e-05
 -4.9499999999999993e+00   1.3524740060791720e+02  -2.2388089858139963e+02   1.5597652975154335e+03  -7.6043481212150155e-05
 -4.9249999999999989e+00   1.3630485896254820e+02  -2.2584131653721670e+02   1.5749282444181151e+03  -8.2476759096109878e-05
 -4.8999999999999995e+00   1.3737196129222517e+02  -2.2781449528032434e+02   1.5902713067580312e+03  -8.9430442018737790e-05
 -4.8750000000000000e+00   1.3844890439781659e+02  -2.2979995112802274e+02   1.6057959672809634e+03  -9.6943658477320098e-05
 -4.8499999999999996e+00   1.3953589606315072e+02  -2.3179717845295070e+02   1.6215038018479861e+03  -1.0505806834893884e-04
 -4.8249999999999993e+00   1.4063315546604878e+02  -2.3380564882069274e+02   1.6373964856131738e+03  -1.1381796251846646e-04
 -4.7999999999999989e+00   1.4174091360686680e+02  -2.3582481008623546e+02   1.6534757995124376e+03  -1.2327035453799345e-04
 -4.7749999999999995e+00   1.4285941375430775e+02  -2.3785408544987837e+02   1.6697436370606752e+03  -1.3346506126164784e-04
 -4.7500000000000000e+00   1.4398891190887798e+02  -2.3989287247190722e+02   1.6862020114631409e+03  -1.4445476874561076e-04
 -4.7249999999999996e+00   1.4512967728562325e+02  -2.4194054204264086e+02   1.7028530630651630e+03  -1.5629507937667416e-04
 -4.6999999999999993e+00   1.4628199281721345e+02  -2.4399643730588761e+02   1.7196990671560502e+03  -1.6904453479803342e-04
 -4.6749999999999989e+00   1.4744615567840981e+02  -2.4605987253363909e+02   1.7367424421425801e+03  -1.8276460891500108e-04
 -4.6499999999999995e+00   1.4862247783198606e+02  -2.4813013195224352e+02   1.7539857580935238e+03  -1.9751966362780392e-04
 -4.6250000000000000e+00   1.4981128659711499e+02  -2.5020646851793737e+02   1.7714317456701938e+03  -2.1337685911163788e-04
 -4.5999999999999996e+00   1.5101292524145094e+02  -2.5228810263954080e+02   1.7890833054611326e+03  -2.3040600875814707e-04
 -4.5749999999999993e+00   1.5222775359809941e+02  -2.5437422084596562e+02   1.8069435177384821e+03  -2.4867936741050759e-04
 -4.5499999999999989e+00   1.5345614870868397e+02  -2.5646397439631522e+02   1.8250156526538256e+03  -2.6827133943952222e-04
 -4.5249999999999995e+00   1.5469850549278917e+02  -2.5855647783237350e+02   1.8433031808778685e+03  -2.8925809095872636e-04
 -4.5000000000000000e+00   1.5595523744485845e+02  -2.6065080747141695e+02   1.8618097846998676e+03  -3.1171704824186958e-04
 -4.4749999999999996e+00   1.5722677735926067e+02  -2.6274599983839238e+02   1.8805393695974351e+03  -3.3572626103512142e-04
 -4.4499999999999993e+00   1.5851357808462365e+02  -2.6484105003543084e+02   1.8994960762929129e+03  -3.6136360620102884e-04
 -4.4249999999999989e+00   1.5981611330855014e+02  -2.6693491004686587e+02   1.9186842933127834e+03  -3.8870580343385979e-04
 -4.3999999999999995e+00   1.6113487837334816e+02  -2.6902648697890078e+02   1.9381086700596270e+03  -4.1782720990152960e-04
 -4.3750000000000000e+00   1.6247039112316315e+02  -2.7111464123365909e+02   1.9577741304027097e+03  -4.4879835576442067e-04
 -4.3499999999999996e+00   1.6382319278343971e+02  -2.7319818461618036e+02   1.9776858868010690e+03  -4.8168417660859111e-04
 -4.3249999999999993e+00   1.6519384887363628e+02  -2.7527587837306044e+02   1.9978494549730128e+03  -5.1654189183852797e-04
 -4.2999999999999998e+00   1.6658295015315517e+02  -2.7734643116353442e+02   2.0182706691121982e+03  -5.5341847026177567e-04
 -4.2749999999999995e+00   1.6799111360103925e+02  -2.7940849696244123e+02   2.0389556976590482e+03  -5.9234761538299523e-04
 -4.2500000000000000e+00   1.6941898342994000e+02  -2.8146067289485103e+02   2.0599110596357191e+03  -6.3334619242399917e-04
 -4.2249999999999996e+00   1.7086723213414578e+02  -2.8350149700360686e+02   2.0811436415427329e+03  -6.7641000737694412e-04
 -4.1999999999999993e+00   1.7233656157159155e+02  -2.8552944595079032e+02   2.1026607148174317e+03  -7.2150883498372945e-04
 -4.1749999999999998e+00   1.7382770407943477e+02  -2.8754293265496750e+02   2.1244699538498703e+03  -7.6858057708744678e-04
 -4.1499999999999995e+00   1.7534142362265936e+02  -2.8954030386630586e+02   2.1465794545502249e+03  -8.1752441528494253e-04
 -4.1250000000000000e+00   1.7687851697499374e+02  -2.9151983768215280e+02   2.1689977534595942e+03  -8.6819280151326185e-04
 -4.0999999999999996e+00   1.7843981493083720e+02  -2.9347974100696717e+02   2.1917338473879486e+03  -9.2038210728015023e-04
 -4.0749999999999993e+00   1.8002618354657793e+02  -2.9541814696120719e+02   2.2147972135589116e+03  -9.7382172598755245e-04
 -4.0499999999999998e+00   1.8163852540951240e+02  -2.9733311224421391e+02   2.2381978302391021e+03  -1.0281613927505312e-03
 -4.0249999999999995e+00   1.8327778093192521e+02  -2.9922261445762513e+02   2.2619461978209383e+03  -1.0829564516857224e-03
 -4.0000000000000000e+00   1.8494492966732582e+02  -3.0108454939705780e+02   2.2860533603204317e+03  -1.1376507618220363e-03
 -3.9749999999999996e+00   1.8664099164548119e+02  -3.0291672832066035e+02   2.3105309272470704e+03  -1.1915568878505076e-03
 -3.9499999999999993e+00   1.8836702872200215e+02  -3.0471687520510773e+02   2.3353910957911439e+03  -1.2438331712125064e-03
 -3.9249999999999998e+00   1.9012414593779738e+02  -3.0648262400054642e+02   2.3606466732684698e+03  -1.2934572189416023e-03
 -3.8999999999999995e+00   1.9191349288282191e+02  -3.0821151589805760e+02   2.3863110997508479e+03  -1.3391952814332847e-03
 -3.8750000000000000e+00   1.9373626505765745e+02  -3.0990099662506918e+02   2.4123984707991644e+03  -1.3795669150306383e-03
 -3.8499999999999996e+00   1.9559370522549858e+02  -3.1154841378634273e+02   2.4389235602036620e+03  -1.4128042392157116e-03
 -3.8249999999999993e+00   1.9748710474636638e+02  -3.1315101426972615e+02   2.4659018426268090e+03  -1.4368050006042415e-03
 -3.7999999999999998e+00   1.9941780488390401e+02  -3.1470594173916692e+02   2.4933495160250995e+03  -1.4490785440559066e-03
 -3.7749999999999995e+00   2.0138719807389165e+02  -3.1621023423997008e+02   2.5212835237108006e+03  -1.4466836647156992e-03
 -3.7500000000000000e+00   2.0339672914239907e+02  -3.1766082194402452e+02   2.5497215758997354e+03  -1.4261571700068408e-03
 -3.7249999999999996e+00   2.0544789646010858e+02  -3.1905452506561181e+02   2.5786821705741131e+03  -1.3834318162422221e-03
 -3.6999999999999993e+00   2.0754225301758146e+02  -3.2038805198222508e+02   2.6081846134674870e+03  -1.3137420971417676e-03
 -3.6749999999999998e+00   2.0968140740448888e+02  -3.2165799759846419e+02   2.6382490369574389e+03  -1.2115161486652114e-03
 -3.6499999999999995e+00   2.1186702467397541e+02  -3.2286084199502392e+02   2.6688964176292220e+03  -1.0702517920598176e-03
 -3.6250000000000000e+00   2.1410082707131889e+02  -3.2399294940894021e+02   2.7001485922496840e+03  -8.8237446115539957e-04
 -3.5999999999999996e+00   2.1638459460384340e+02  -3.2505056759586347e+02   2.7320282718645385e+03  -6.3907444623574931e-04
 -3.5749999999999993e+00   2.1872016542661879e+02  -3.2602982763010806e+02   2.7645590537035273e+03  -3.3012052967276663e-04
 -3.5499999999999998e+00   2.2110943601597913e+02  -3.2692674420332480e+02   2.7977654305491992e+03   5.6353317413114619e-05
 -3.5249999999999995e+00   2.2355436110014011e+02  -3.2773721648822413e+02   2.8316727971935793e+03   5.3409197028876567e-04
 -3.5000000000000000e+00   2.2605695331322403e+02  -3.2845702963972866e+02   2.8663074535735209e+03   1.1189982358214823e-03
 -3.4749999999999996e+00   2.2861928253583883e+02  -3.2908185701220043e+02   2.9016966041405908e+03   1.8294519038019558e-03
 -3.4499999999999993e+00   2.3124347488201417e+02  -3.2960726317794229e+02   2.9378683529851760e+03   2.6866743604831785e-03
 -3.4249999999999998e+00   2.3393171128880232e+02  -3.3002870783888909e+02   2.9748516941978623e+03   3.7151451340898842e-03
 -3.3999999999999995e+00   2.3668622566082198e+02  -3.3034155073117432e+02   3.0126764969086366e+03   4.9430776224147731e-03
 -3.3750000000000000e+00   2.3950930251802458e+02  -3.3054105762966270e+02   3.0513734844045957e+03   6.4029622541964346e-03
 -3.3499999999999996e+00   2.4240327409065856e+02  -3.3062240756751743e+02   3.0909742066849303e+03   8.1321864759043121e-03
 -3.3249999999999993e+00   2.4537051680076124e+02  -3.3058070139422892e+02   3.1315110057679699e+03   1.0173742253094318e-02
 -3.2999999999999998e+00   2.4841344706448047e+02  -3.3041097180448276e+02   3.1730169730187745e+03   1.2577033252909729e-02
 -3.2749999999999995e+00   2.5153451634436772e+02  -3.3010819497905800e+02   3.2155258977211088e+03   1.5398795555720322e-02
 -3.2500000000000000e+00   2.5473620537510797e+02  -3.2966730398858095e+02   3.2590722060697858e+03   1.8704147660110564e-02
 -3.2249999999999996e+00   2.5802101748019942e+02  -3.2908320412059209e+02   3.3036908897122134e+03   2.2567787727595136e-02
 -3.1999999999999993e+00   2.6139147089064284e+02  -3.2835079030066368e+02   3.3494174229191485e+03   2.7075358500391576e-02
 -3.1749999999999998e+00   2.6485008996985840e+02  -3.2746496678868436e+02   3.3962876674164158e+03   3.2325003160580928e-02
 -3.1499999999999995e+00   2.6839939524170615e+02  -3.2642066934222765e+02   3.4443377638610627e+03   3.8429138631682631e-02
 -3.1250000000000000e+00   2.7204189211044229e+02  -3.2521289005030866e+02   3.4936040088953450e+03   4.5516476511348887e-02
 -3.0999999999999996e+00   2.7578005815276072e+02  -3.2383670505262103e+02   3.5441227166619879e+03   5.3734326032213335e-02
 -3.0749999999999993e+00   2.7961632885265567e+02  -3.2228730537150443e+02   3.5959300636147959e+03   6.3251218252448768e-02
 -3.0499999999999998e+00   2.8355308163947490e+02  -3.2056003109678494e+02   3.6490619154078981e+03   7.4259896165575934e-02
 -3.0249999999999995e+00   2.8759261807809173e+02  -3.1865040917717675e+02   3.7035536345954279e+03   8.6980721690098420e-02
 -3.0000000000000000e+00   2.9173714404745618e+02  -3.1655419508631695e+02   3.7594398678207976e+03   1.0166555767020562e-01
 -2.9749999999999996e+00   2.9598874772959135e+02  -3.1426741864695322e+02   3.8167543111195937e+03   1.1860219122126732e-01
 -2.9499999999999993e+00   3.0034937521518174e+02  -3.1178643431344864e+02   3.8755294519025429e+03   1.3811937414330588e-01
 -2.9249999999999998e+00   3.0482080351383001e+02  -3.0910797623107078e+02   3.9357962861223450e+03   1.6059256687942600e-01
 -2.8999999999999995e+00   3.0940461073650818e+02  -3.0622921841065568e+02   3.9975840090600736e+03   1.8645048482080853e-01
 -2.8750000000000000e+00   3.1410214319419777e+02  -3.0314784037974323e+02   4.0609196780907255e+03   2.1618255989403551e-01
 -2.8499999999999996e+00   3.1891447912958063e+02  -2.9986209869670466e+02   4.1258278457003371e+03   2.5034744658688424e-01
 -2.8249999999999993e+00   3.2384238876730655e+02  -2.9637090474323617e+02   4.1923301609268865e+03   2.8958272019662373e-01
 -2.7999999999999998e+00   3.2888629033192450e+02  -2.9267390924381573e+02   4.2604449372787994e+03   3.3461593649326155e-01
 -2.7749999999999995e+00   3.3404620164007576e+02  -2.8877159399914933e+02   4.3301866850440947e+03   3.8627724661282709e-01
 -2.7500000000000000e+00   3.3932168682388800e+02  -2.8466537136527967e+02   4.4015656057347833e+03   4.4551378933692781e-01
 -2.7249999999999996e+00   3.4471179768428721e+02  -2.8035769206224387e+02   4.4745870462080757e+03   5.1340611556280158e-01
 -2.7000000000000002e+00   3.5021500910459838e+02  -2.7585216195729828e+02   4.5492509097608881e+03   5.9118693740654060e-01
 -2.6749999999999998e+00   3.5582914787440228e+02  -2.7115366853954498e+02   4.6255510211976471e+03   6.8026253781107804e-01
 -2.6499999999999995e+00   3.6155131417899662e+02  -2.6626851788710434e+02   4.7034744425137869e+03   7.8223722668158058e-01
 -2.6250000000000000e+00   3.6737779489834747e+02  -2.6120458302702667e+02   4.7830007354063509e+03   8.9894128753341906e-01
 -2.5999999999999996e+00   3.7330396772805221e+02  -2.5597146470435999e+02   4.8641011663052859e+03   1.0324629256851554e+00
 -2.5750000000000002e+00   3.7932419498005549e+02  -2.5058066571284374e+02   4.9467378489999373e+03   1.1851848066497117e+00
 -2.5499999999999998e+00   3.8543170573845134e+02  -2.4504578009867541e+02   5.0308628191978360e+03   1.3598258633137263e+00
 -2.5249999999999995e+00   3.9161846483082786e+02  -2.3938269873390277e+02   5.1164170344791446e+03   1.5594891547866416e+00
 -2.5000000000000000e+00   3.9787502682262175e+02  -2.3360983297071309e+02   5.2033292920811318e+03   1.7877166808359342e+00
 -2.4749999999999996e+00   4.0419037294416785e+02  -2.2774835833604286e+02   5.2915150557413208e+03   2.0485521963980253e+00
 -2.4500000000000002e+00   4.1055172850991210e+02  -2.2182248051119174e+02   5.3808751814251318e+03   2.3466132340392076e+00
 -2.4249999999999998e+00   4.1694435797757234e+02  -2.1585972616744004e+02   5.4712945301423706e+03   2.6871737322686977e+00
 -2.3999999999999995e+00   4.2335133431145692e+02  -2.0989126159959315e+02   5.5626404541969168e+03   3.0762588887569362e+00
 -2.3750000000000000e+00   4.2975327874645222e+02  -2.0395224251828537e+02   5.6547611410977634e+03   3.5207541150234389e+00
 -2.3499999999999996e+00   4.3612806638322667e+02  -1.9808219883117556e+02   5.7474837969742684e+03   4.0285302691398526e+00
 -2.3250000000000002e+00   4.4245049226434168e+02  -1.9232545876451744e+02   5.8406126486769435e+03   4.6085876925645151e+00
 -2.2999999999999998e+00   4.4869189166588723e+02  -1.8673161724972098e+02   5.9339267408110527e+03   5.2712219846532555e+00
 -2.2749999999999995e+00   4.5481970726740337e+02  -1.8135605412197722e+02   6.0271775007613651e+03   6.0282149232561126e+00
 -2.2500000000000000e+00   4.6079699460776834e+02  -1.7626050834409057e+02   6.1200860413600985e+03   6.8930544931542430e+00
 -2.2249999999999996e+00   4.6658185576554075e+02  -1.7151371516815752e+02   6.2123401672909777e+03   7.8811886285748498e+00
 -2.2000000000000002e+00   4.7212678948275220e+02  -1.6719211386449075e+02   6.3035910477118478e+03   9.0103180260525821e+00
 -2.1749999999999998e+00   4.7737794393890363e+02  -1.6338063435724226e+02   6.3934495140656063e+03   1.0300734255715494e+01
 -2.1499999999999995e+00   4.8227425602727266e+02  -1.6017357177483359e+02   6.4814819388485121e+03   1.1775710410702480e+01
 -2.1250000000000000e+00   4.8674645823044307e+02  -1.5767555850203337e+02   6.5672056485161465e+03   1.3461952705554941e+01
 -2.0999999999999996e+00   4.9071593096833288e+02  -1.5600264374245907e+02   6.6500838221413778e+03   1.5390122785979434e+01
 -2.0750000000000002e+00   4.9409337452095269e+02  -1.5528349077449016e+02   6.7295198274547274e+03   1.7595442065683358e+01
 -2.0499999999999998e+00   4.9677727021832249e+02  -1.5566070188744024e+02   6.8048509482480931e+03   2.0118391181399918e+01
 -2.0249999999999995e+00   4.9865209543671807e+02  -1.5729228025419982e+02   6.8753414628145292e+03   2.3005519671831440e+01
 -2.0000000000000000e+00   4.9958625092524198e+02  -1.6035323651269729e+02   6.9401750434704027e+03   2.6310383250260216e+01
 -1.9749999999999996e+00   4.9942965197807729e+02  -1.6503734530119877e+02   6.9984464640393826e+03   3.0094628551776815e+01
 -1.9500000000000002e+00   4.9801092682391010e+02  -1.7155905303746974e+02   7.0491526278225119e+03   3.4429247971384839e+01
 -1.9249999999999998e+00   4.9513415617897516e+02  -1.8015553234202264e+02   7.0911829661377178e+03   3.9396030112258643e+01
 -1.8999999999999995e+00   4.9057507706538189e+02  -1.9108887001355907e+02   7.1233093110673735e+03   4.5089234326031352e+01
 -1.8750000000000000e+00   4.8407666162080437e+02  -2.0464836349384225e+02   7.1441754209585588e+03   5.1617520662548237e+01
 -1.8499999999999996e+00   4.7534396766939199e+02  -2.2115288416304412e+02   7.1522864404768006e+03   5.9106168951277382e+01
 -1.8250000000000002e+00   4.6403814235228299e+02  -2.4095324309178409e+02   7.1459987177256689e+03   6.7699622234401232e+01
 -1.7999999999999998e+00   4.4976944339581615e+02  -2.6443446410865420e+02   7.1235105908861005e+03   7.7564389635801021e+01
 -1.7749999999999995e+00   4.3208912522681015e+02  -2.9201782773665707e+02   7.0828550111032509e+03   8.8892340893794710e+01
 -1.7500000000000000e+00   4.1048002026513967e+02  -3.2416249454741143e+02   7.0218952061135369e+03   1.0190441760987108e+02
 -1.7249999999999996e+00   3.8434563131834716e+02  -3.6136644381303626e+02   6.9383250343046793e+03   1.1685477245364812e+02
 -1.7000000000000002e+00   3.5299754236273134e+02  -4.0416636812478725e+02   6.8296762608389008e+03   1.3403532380460084e+02
 -1.6749999999999998e+00   3.1564095740165624e+02  -4.5313604106014310e+02   6.6933357409285163e+03   1.5378067494035122e+02
 -1.6499999999999995e+00   2.7135819881192282e+02  -5.0888251632443416e+02   6.5265764597466514e+03   1.7647328743759047e+02
 -1.6250000000000000e+00   2.1909005030598715e+02  -5.7203931590517004e+02   6.3266075950793147e+03   2.0254870915228079e+02
 -1.5999999999999996e+00   1.5761493446196582e+02  -6.4325551492315003e+02   6.0906502747161212e+03   2.3250052634193645e+02
 -1.5750000000000002e+00   8.5526098992400847e+01  -7.2317932753505261e+02   5.8160475165714715e+03   2.6688452223475286e+02
 -1.5499999999999998e+00   1.2072906087949202e+00  -8.1243444241425368e+02   5.5004189488399388e+03   3.0632126234230270e+02
 -1.5249999999999995e+00  -9.7192121220063413e+01  -9.1158696004422347e+02   5.1418732194604208e+03   3.5149596929019162e+02
 -1.5000000000000000e+00  -2.1178086578492216e+02  -1.0211003794272499e+03   4.7392932959395002e+03   4.0315407641598648e+02
 -1.4749999999999996e+00  -3.4494552511889736e+02  -1.1412757349616595e+03   4.2927116840135177e+03   4.6209024581562346e+02
 -1.4500000000000002e+00  -4.9936190167836543e+02  -1.2721738154290363e+03   3.8037931632930367e+03   5.2912790730856295e+02
 -1.4249999999999998e+00  -6.7799132788049383e+02  -1.4135166074960384e+03   3.2764406385778539e+03   6.0508556388147645e+02
 -1.3999999999999995e+00  -8.8405221002282974e+02  -1.5645660093581218e+03   2.7175331149883573e+03   6.9072533400635416e+02
 -1.3750000000000000e+00  -1.1209532284473701e+03  -1.7239799089128537e+03   2.1377907326477125e+03   7.8667870207250974e+02
 -1.3499999999999996e+00  -1.3921700758590359e+03  -1.8896495090746282e+03   1.5527364974347113e+03   8.9334464973021306e+02
 -1.3250000000000002e+00  -1.7010430235500355e+03  -2.0585279808843638e+03   9.8368367593548078e+02   1.0107569092127463e+03
 -1.2999999999999998e+00  -2.0504693801136282e+03  -2.2264696798785326e+03   4.5861858491141845e+02   1.1384209291011639e+03
 -1.2749999999999995e+00  -2.4424657011516383e+03  -2.3881112711643627e+03   1.2771236312609089e+01   1.2751283055958286e+03
 -1.2500000000000000e+00  -2.8775836342636562e+03  -2.5368399021702044e+03  -3.1142003216293841e+02   1.4187676557572815e+03
 -1.2249999999999996e+00  -3.3541860887197499e+03  -2.6649055382149650e+03  -4.6531561266680933e+02   1.5661658511040148e+03
 -1.2000000000000002e+00  -3.8676323214080435e+03  -2.7637381964282517e+03  -3.9643295875096760e+02   1.7130095671222414e+03
 -1.1749999999999998e+00  -4.4094828320155866e+03  -2.8245167826522684e+03  -5.2430771163976729e+01   1.8539081919558139e+03
 -1.1499999999999995e+00  -4.9669088596184083e+03  -2.8389953001908302e+03   6.1329020153939678e+02   1.9826558342138778e+03
 -1.1250000000000000e+00  -5.5225518320104547e+03  -2.8005214983196170e+03   1.6348574159713974e+03   2.0927224414525108e+03
 -1.0999999999999996e+00  -6.0550843256913240e+03  -2.7050945954822942e+03   3.0271424975784116e+03   2.1779477555264284e+03
 -1.0750000000000002e+00  -6.5406327968926280e+03  -2.5522342782753794e+03   4.7804730135251548e+03   2.2333369383494287e+03
 -1.0499999999999998e+00  -6.9550179850801014e+03  -2.3454165401536229e+03   6.8584552460976984e+03   2.2557908235639302e+03
 -1.0249999999999995e+00  -7.2764952371579566e+03  -2.0919052515377753e+03   9.1999687519849158e+03   2.2445835857972361e+03
 -1.0000000000000000e+00  -7.4884416264644915e+03  -1.8019637264956791e+03   1.1725297442189190e+04   2.2014504533009149e+03
 -9.7499999999999964e-01  -7.5813654873307241e+03  -1.4876109530828314e+03   1.4345139433959490e+04   2.1302581621092927e+03
 -9.5000000000000018e-01  -7.5537711915438567e+03  -1.1612130150550490e+03   1.6970437708626443e+04   2.0363554384760780e+03
 -9.2499999999999982e-01  -7.4117448085145606e+03  -8.3421754452762070e+02   1.9520938191286856e+04   1.9257834831352727e+03
 -8.9999999999999947e-01  -7.1674868043268243e+03  -5.1625178305676911e+02   2.1931043761427951e+04   1.8045352945894961e+03
 -8.7500000000000000e-01  -6.8372537195051855e+03  -2.1466634505213224e+02   2.4152503529084319e+04   1.6779971363368290e+03
 -8.4999999999999964e-01  -6.4392126698181273e+03   6.5518773829340361e+01   2.6154322829493438e+04   1.5506233586346752e+03
 -8.2500000000000018e-01  -5.9915950805596822e+03   3.2138253168349701e+02   2.7920751034940029e+04   1.4258255856387009e+03
 -7.9999999999999982e-01  -5.5113506201596310e+03   5.5171823175857298e+02   2.9448286943217492e+04   1.3060185712549071e+03
 -7.7499999999999947e-01  -5.0133335416820519e+03   7.5660616536505370e+02   3.0742467324360277e+04   1.1927569717963841e+03
 -7.5000000000000000e-01  -4.5099448423106078e+03   9.3701598945747878e+02   3.1814933387631103e+04   1.0869083020548612e+03
 -7.2499999999999964e-01  -4.0111079290844191e+03   1.0944754524299894e+03   3.2681017112057842e+04   9.8882518908380132e+02
 -7.0000000000000018e-01  -3.5244546799887194e+03   1.2308158985132184e+03   3.3357906728538277e+04   8.9849675880597817e+02
 -6.7499999999999982e-01  -3.0556211223604600e+03   1.3479895074310530e+03   3.3863344058436560e+04   8.1567126805424073e+02
 -6.4999999999999947e-01  -2.6085810137680505e+03   1.4479461705980150e+03   3.4214759242899789e+04   7.3994962673764246e+02
 -6.2500000000000000e-01  -2.1859722002538592e+03   1.5325562250995354e+03   3.4428738923466059e+04   6.7085326782036509e+02
 -5.9999999999999964e-01  -1.7893911178024891e+03   1.6035664209104148e+03   3.4520734085732453e+04   6.0787120359090920e+02
 -5.7500000000000018e-01  -1.4196448375164109e+03   1.6625787844569647e+03   3.4504931498058642e+04   5.5049112303354639e+02
 -5.4999999999999982e-01  -1.0769587307216864e+03   1.7110445004100084e+03   3.4394231195037464e+04   4.9821876577749481e+02
 -5.2500000000000036e-01  -7.6114261505668412e+02   1.7502671111203942e+03   3.4200288641332401e+04   4.5058898540885730e+02
 -5.0000000000000000e-01  -4.7172046153399634e+02   1.7814110773616158e+03   3.3933593070243092e+04   4.0717111246823578e+02
 -4.7499999999999964e-01  -2.0802940822967895e+02   1.8055130556929837e+03   3.3603563100681415e+04   3.6757054057419998e+02
 -4.5000000000000018e-01   3.0706362618516767e+01   1.8234941909846812e+03   3.3218647608848543e+04   3.3142791294364815e+02
 -4.2499999999999982e-01   2.4532192468040429e+02   1.8361723777620973e+03   3.2786424578559701e+04   2.9841687255153749e+02
 -4.0000000000000036e-01   4.3667386615286193e+02   1.8442738856839064e+03   3.2313693835769944e+04   2.6824103572433000e+02
 -3.7500000000000000e-01   6.0561502737661613e+02   1.8484440338720437e+03   3.1806561642377441e+04   2.4063063214468508e+02
 -3.4999999999999964e-01   7.5297890449415104e+02   1.8492567827251096e+03   3.1270516426487731e+04   2.1533910243682567e+02
 -3.2500000000000018e-01   8.7957147314402971e+02   1.8472232244051713e+03   3.0710495711312764e+04   1.9213983999682776e+02
 -2.9999999999999982e-01   9.8616865020513615e+02   1.8427990185613914e+03   3.0130944749653587e+04   1.7082319283216799e+02
 -2.7500000000000036e-01   1.0735179812816916e+03   1.8363908547657234e+03   2.9535867597974491e+04   1.5119379366772199e+02
 -2.5000000000000000e-01   1.1423434298291816e+03   1.8283620387424928e+03   2.8928871452915759e+04   1.3306825504197019e+02
 -2.2499999999999964e-01   1.1933523644028617e+03   1.8190373031395113e+03   2.8313205075246118e+04   1.1627324527265597e+02
 -2.0000000000000018e-01   1.2272440092532079e+03   1.8087069409436474e+03   2.7691792091625390e+04   1.0064394731138567e+02
 -1.7499999999999982e-01   1.2447187525636805e+03   1.7976303538883451e+03   2.7067259917250802e+04   8.6022893077107724e+01
 -1.5000000000000036e-01   1.2464877939921967e+03   1.7860390977255461e+03   2.6441964924181229e+04   7.2259159145540295e+01
 -1.2500000000000000e-01   1.2332826745973932e+03   1.7741394949158848e+03   2.5818014352017337e+04   5.9207904570429690e+01
 -9.9999999999999645e-02   1.2058643253846212e+03   1.7621148889373574e+03   2.5197285634912438e+04   4.6730227329623517e+01
 -7.5000000000000178e-02   1.1650313199939219e+03   1.7501276080098019e+03   2.4581443794733139e+04   3.4693311320733144e+01
 -5.0000000000000711e-02   1.1116268606239939e+03   1.7383206371353681e+03   2.3971956249555409e+04   2.2970827996457821e+01
 -2.5000000000000355e-02   1.0465443080351024e+03   1.7268190311537503e+03   2.3370105228140597e+04   1.1443537975020909e+01
  0.0000000000000000e+00   9.7073239022196140e+02   1.7157313659996526e+03   2.2777003462826477e+04   0.0000000000000000e+00
