# First column is time, second column is the perturbation of detonation velocity.
  0.0000000000000000e+00   1.0000000000000000e-10
  1.0000000000000000e-02   1.0009488420662078e-10
  2.0000000000000000e-02   1.0018392117412397e-10
  2.9999999999999999e-02   1.0027058418693883e-10
  4.0000000000000001e-02   1.0035765155226315e-10
  5.0000000000000003e-02   1.0044702700060177e-10
  5.9999999999999998e-02   1.0053966310724127e-10
  7.0000000000000007e-02   1.0063561567166048e-10
  8.0000000000000002e-02   1.0073422663426383e-10
  8.9999999999999997e-02   1.0083440344689024e-10
  1.0000000000000001e-01   1.0093494089404598e-10
  1.1000000000000000e-01   1.0103482223161197e-10
  1.2000000000000000e-01   1.0113344203574551e-10
  1.3000000000000000e-01   1.0123071167018872e-10
  1.4000000000000001e-01   1.0132703510146019e-10
  1.4999999999999999e-01   1.0142317144049691e-10
  1.6000000000000000e-01   1.0152002439684617e-10
  1.7000000000000001e-01   1.0161841251768341e-10
  1.7999999999999999e-01   1.0171887494158630e-10
  1.9000000000000000e-01   1.0182155581427041e-10
  2.0000000000000001e-01   1.0192618974390852e-10
  2.0999999999999999e-01   1.0203218594428903e-10
  2.2000000000000000e-01   1.0213878591418791e-10
  2.3000000000000001e-01   1.0224525378029576e-10
  2.3999999999999999e-01   1.0235105303851995e-10
  2.5000000000000000e-01   1.0245596905596078e-10
  2.6000000000000001e-01   1.0256015144750693e-10
  2.7000000000000002e-01   1.0266407040805791e-10
  2.8000000000000003e-01   1.0276840135473871e-10
  2.8999999999999998e-01   1.0287386809555159e-10
  2.9999999999999999e-01   1.0298108275009022e-10
  3.1000000000000000e-01   1.0309041936898433e-10
  3.2000000000000001e-01   1.0320194842828993e-10
  3.3000000000000002e-01   1.0331544383680855e-10
  3.4000000000000002e-01   1.0343045670325399e-10
  3.5000000000000003e-01   1.0354643499966960e-10
  3.5999999999999999e-01   1.0366285880829052e-10
  3.7000000000000000e-01   1.0377935893534035e-10
  3.8000000000000000e-01   1.0389579234831181e-10
  3.9000000000000001e-01   1.0401225941442327e-10
  4.0000000000000002e-01   1.0412906229498834e-10
  4.1000000000000003e-01   1.0424661759055409e-10
  4.1999999999999998e-01   1.0436534627913869e-10
  4.2999999999999999e-01   1.0448556804029599e-10
  4.4000000000000000e-01   1.0460742458942719e-10
  4.5000000000000001e-01   1.0473084858496368e-10
  4.6000000000000002e-01   1.0485558318939188e-10
  4.7000000000000003e-01   1.0498124531362718e-10
  4.7999999999999998e-01   1.0510741578142189e-10
  4.8999999999999999e-01   1.0523373426793137e-10
  5.0000000000000000e-01   1.0535997690634348e-10
  5.1000000000000001e-01   1.0548609961790772e-10
  5.2000000000000002e-01   1.0561223903107184e-10
  5.3000000000000003e-01   1.0573867307512532e-10
  5.4000000000000004e-01   1.0586575251735069e-10
  5.5000000000000004e-01   1.0599382078749807e-10
  5.6000000000000005e-01   1.0612314116014280e-10
  5.7000000000000006e-01   1.0625384758066881e-10
  5.7999999999999996e-01   1.0638592901618180e-10
  5.8999999999999997e-01   1.0651924887181262e-10
  5.9999999999999998e-01   1.0665359277666827e-10
  6.0999999999999999e-01   1.0678873181800189e-10
  6.2000000000000000e-01   1.0692448542277473e-10
  6.3000000000000000e-01   1.0706076903925839e-10
  6.4000000000000001e-01   1.0719761612815598e-10
  6.5000000000000002e-01   1.0733517053657645e-10
  6.6000000000000003e-01   1.0747365245509436e-10
  6.7000000000000004e-01   1.0761330716218769e-10
  6.8000000000000005e-01   1.0775434930732488e-10
  6.9000000000000006e-01   1.0789691588189064e-10
  7.0000000000000007e-01   1.0804103835216090e-10
  7.0999999999999996e-01   1.0818663946578514e-10
  7.1999999999999997e-01   1.0833355426630136e-10
  7.2999999999999998e-01   1.0848156929925942e-10
  7.3999999999999999e-01   1.0863047013215439e-10
  7.5000000000000000e-01   1.0878008594199548e-10
  7.6000000000000001e-01   1.0893032123072974e-10
  7.7000000000000002e-01   1.0908116826151486e-10
  7.8000000000000003e-01   1.0923269862761650e-10
  7.9000000000000004e-01   1.0938503728295738e-10
  8.0000000000000004e-01   1.0953832623329874e-10
  8.1000000000000005e-01   1.0969268706926459e-10
  8.2000000000000006e-01   1.0984819126028553e-10
  8.3000000000000007e-01   1.1000484480571791e-10
  8.3999999999999997e-01   1.1016259010794638e-10
  8.4999999999999998e-01   1.1032132373593787e-10
  8.5999999999999999e-01   1.1048092508705262e-10
  8.7000000000000000e-01   1.1064128865202667e-10
  8.8000000000000000e-01   1.1080235210537897e-10
  8.9000000000000001e-01   1.1096411379599147e-10
  9.0000000000000002e-01   1.1112663598836234e-10
  9.1000000000000003e-01   1.1129003368396142e-10
  9.2000000000000004e-01   1.1145445218969342e-10
  9.3000000000000005e-01   1.1162003903039806e-10
  9.4000000000000006e-01   1.1178691681008712e-10
  9.5000000000000007e-01   1.1195516305527981e-10
  9.5999999999999996e-01   1.1212480114102301e-10
  9.6999999999999997e-01   1.1229580362749688e-10
  9.7999999999999998e-01   1.1246810641045854e-10
  9.8999999999999999e-01   1.1264162969793163e-10
  1.0000000000000000e+00   1.1281630049312900e-10
  1.0100000000000000e+00   1.1299207124011090e-10
  1.0200000000000000e+00   1.1316893050729683e-10
  1.0300000000000000e+00   1.1334690369322456e-10
  1.0400000000000000e+00   1.1352604419984155e-10
  1.0500000000000000e+00   1.1370641773976611e-10
  1.0600000000000001e+00   1.1388808392179146e-10
  1.0700000000000001e+00   1.1407107968976968e-10
  1.0800000000000001e+00   1.1425540852983828e-10
  1.0900000000000001e+00   1.1444103782146068e-10
  1.1000000000000001e+00   1.1462790469349451e-10
  1.1100000000000001e+00   1.1481592875055010e-10
  1.1200000000000001e+00   1.1500502851964341e-10
  1.1300000000000001e+00   1.1519513775863998e-10
  1.1400000000000001e+00   1.1538621798765167e-10
  1.1500000000000001e+00   1.1557826465205289e-10
  1.1599999999999999e+00   1.1577130591428216e-10
  1.1699999999999999e+00   1.1596539480434994e-10
  1.1799999999999999e+00   1.1616059692731595e-10
  1.1899999999999999e+00   1.1635697680476006e-10
  1.2000000000000000e+00   1.1655458604566523e-10
  1.2100000000000000e+00   1.1675345591499087e-10
  1.2200000000000000e+00   1.1695359568245508e-10
  1.2300000000000000e+00   1.1715499669594321e-10
  1.2400000000000000e+00   1.1735764078159689e-10
  1.2500000000000000e+00   1.1756151063284074e-10
  1.2600000000000000e+00   1.1776659950996701e-10
  1.2700000000000000e+00   1.1797291787712842e-10
  1.2800000000000000e+00   1.1818049544877641e-10
  1.2900000000000000e+00   1.1838937827704885e-10
  1.3000000000000000e+00   1.1859962169877715e-10
  1.3100000000000001e+00   1.1881128089798103e-10
  1.3200000000000001e+00   1.1902440132217555e-10
  1.3300000000000001e+00   1.1923901113024760e-10
  1.3400000000000001e+00   1.1945511728849825e-10
  1.3500000000000001e+00   1.1967270602594918e-10
  1.3600000000000001e+00   1.1989174733788205e-10
  1.3700000000000001e+00   1.2011220233030129e-10
  1.3800000000000001e+00   1.2033403162782281e-10
  1.3900000000000001e+00   1.2055720293723112e-10
  1.4000000000000001e+00   1.2078169617435612e-10
  1.4099999999999999e+00   1.2100750522516805e-10
  1.4199999999999999e+00   1.2123463625001065e-10
  1.4299999999999999e+00   1.2146310324861746e-10
  1.4399999999999999e+00   1.2169292219694968e-10
  1.4500000000000000e+00   1.2192410531913710e-10
  1.4600000000000000e+00   1.2215665692922128e-10
  1.4700000000000000e+00   1.2239057181898721e-10
  1.4800000000000000e+00   1.2262583650482388e-10
  1.4900000000000000e+00   1.2286243294407104e-10
  1.5000000000000000e+00   1.2310034375566487e-10
  1.5100000000000000e+00   1.2333955765869039e-10
  1.5200000000000000e+00   1.2358007383734442e-10
  1.5300000000000000e+00   1.2382190423676035e-10
  1.5400000000000000e+00   1.2406507330699739e-10
  1.5500000000000000e+00   1.2430961531224277e-10
  1.5600000000000001e+00   1.2455556986567106e-10
  1.5700000000000001e+00   1.2480297671490505e-10
  1.5800000000000001e+00   1.2505187091407594e-10
  1.5900000000000001e+00   1.2530227936423071e-10
  1.6000000000000001e+00   1.2555421933446211e-10
  1.6100000000000001e+00   1.2580769908886898e-10
  1.6200000000000001e+00   1.2606272025845772e-10
  1.6300000000000001e+00   1.2631928122465791e-10
  1.6400000000000001e+00   1.2657738060197909e-10
  1.6500000000000001e+00   1.2683701995195545e-10
  1.6600000000000001e+00   1.2709820510573449e-10
  1.6699999999999999e+00   1.2736094584995275e-10
  1.6799999999999999e+00   1.2762525414444036e-10
  1.6899999999999999e+00   1.2789114139202117e-10
  1.7000000000000000e+00   1.2815861549125461e-10
  1.7100000000000000e+00   1.2842767843051753e-10
  1.7200000000000000e+00   1.2869832502929348e-10
  1.7300000000000000e+00   1.2897054314459536e-10
  1.7400000000000000e+00   1.2924431531089803e-10
  1.7500000000000000e+00   1.2951962145502987e-10
  1.7600000000000000e+00   1.2979644209772574e-10
  1.7700000000000000e+00   1.3007476136908861e-10
  1.7800000000000000e+00   1.3035456923796941e-10
  1.7900000000000000e+00   1.3063586256017046e-10
  1.8000000000000000e+00   1.3091864483313998e-10
  1.8100000000000001e+00   1.3120292483613454e-10
  1.8200000000000001e+00   1.3148871456721418e-10
  1.8300000000000001e+00   1.3177602701179900e-10
  1.8400000000000001e+00   1.3206487426978926e-10
  1.8500000000000001e+00   1.3235526643898115e-10
  1.8600000000000001e+00   1.3264721143890426e-10
  1.8700000000000001e+00   1.3294071571598168e-10
  1.8800000000000001e+00   1.3323578555662991e-10
  1.8900000000000001e+00   1.3353242859816349e-10
  1.9000000000000001e+00   1.3383065509601795e-10
  1.9100000000000001e+00   1.3413047858164920e-10
  1.9199999999999999e+00   1.3443191570521701e-10
  1.9299999999999999e+00   1.3473498525919388e-10
  1.9399999999999999e+00   1.3503970657406976e-10
  1.9500000000000000e+00   1.3534609762024005e-10
  1.9600000000000000e+00   1.3565417321029639e-10
  1.9700000000000000e+00   1.3596394366340665e-10
  1.9800000000000000e+00   1.3627541418035280e-10
  1.9900000000000000e+00   1.3658858501417740e-10
  2.0000000000000000e+00   1.3690345234741256e-10
  2.0100000000000002e+00   1.3722000964289508e-10
  2.0200000000000000e+00   1.3753824915244110e-10
  2.0300000000000002e+00   1.3785816326152464e-10
  2.0400000000000000e+00   1.3817974541538548e-10
  2.0499999999999998e+00   1.3850299049270004e-10
  2.0600000000000001e+00   1.3882789463585969e-10
  2.0699999999999998e+00   1.3915445467742644e-10
  2.0800000000000001e+00   1.3948266739072635e-10
  2.0899999999999999e+00   1.3981252882053576e-10
  2.1000000000000001e+00   1.4014403391425863e-10
  2.1099999999999999e+00   1.4047717658673605e-10
  2.1200000000000001e+00   1.4081195023617183e-10
  2.1299999999999999e+00   1.4114834861329999e-10
  2.1400000000000001e+00   1.4148636685800594e-10
  2.1499999999999999e+00   1.4182600247649317e-10
  2.1600000000000001e+00   1.4216725604524198e-10
  2.1699999999999999e+00   1.4251013148992554e-10
  2.1800000000000002e+00   1.4285463588160421e-10
  2.1899999999999999e+00   1.4320077879577120e-10
  2.2000000000000002e+00   1.4354857136814306e-10
  2.2100000000000000e+00   1.4389802523514843e-10
  2.2200000000000002e+00   1.4424915155648708e-10
  2.2300000000000000e+00   1.4460196028235683e-10
  2.2400000000000002e+00   1.4495645975958955e-10
  2.2500000000000000e+00   1.4531265668673209e-10
  2.2600000000000002e+00   1.4567055634842818e-10
  2.2700000000000000e+00   1.4603016300243241e-10
  2.2800000000000002e+00   1.4639148027003978e-10
  2.2900000000000000e+00   1.4675451139574881e-10
  2.3000000000000003e+00   1.4711925928875844e-10
  2.3100000000000001e+00   1.4748572632449057e-10
  2.3199999999999998e+00   1.4785391395210181e-10
  2.3300000000000001e+00   1.4822382220764506e-10
  2.3399999999999999e+00   1.4859544926005492e-10
  2.3500000000000001e+00   1.4896879111309460e-10
  2.3599999999999999e+00   1.4934384155308934e-10
  2.3700000000000001e+00   1.4972059237866931e-10
  2.3799999999999999e+00   1.5009903388810697e-10
  2.3900000000000001e+00   1.5047915554639934e-10
  2.3999999999999999e+00   1.5086094671986895e-10
  2.4100000000000001e+00   1.5124439735761095e-10
  2.4199999999999999e+00   1.5162949851714552e-10
  2.4300000000000002e+00   1.5201624267059891e-10
  2.4399999999999999e+00   1.5240462377759209e-10
  2.4500000000000002e+00   1.5279463715980543e-10
  2.4600000000000000e+00   1.5318627924889818e-10
  2.4700000000000002e+00   1.5357954729652497e-10
  2.4800000000000000e+00   1.5397443913003809e-10
  2.4900000000000002e+00   1.5437095301284080e-10
  2.5000000000000000e+00   1.5476908763138158e-10
  2.5100000000000002e+00   1.5516884219104975e-10
  2.5200000000000000e+00   1.5557021657044040e-10
  2.5300000000000002e+00   1.5597321146513638e-10
  2.5400000000000000e+00   1.5637782845202434e-10
  2.5500000000000003e+00   1.5678406992247835e-10
  2.5600000000000001e+00   1.5719193886269067e-10
  2.5699999999999998e+00   1.5760143849446631e-10
  2.5800000000000001e+00   1.5801257182154381e-10
  2.5899999999999999e+00   1.5842534114773925e-10
  2.6000000000000001e+00   1.5883974763947767e-10
  2.6099999999999999e+00   1.5925579099578229e-10
  2.6200000000000001e+00   1.5967346926639523e-10
  2.6299999999999999e+00   1.6009277882905694e-10
  2.6400000000000001e+00   1.6051371450707928e-10
  2.6499999999999999e+00   1.6093626978486381e-10
  2.6600000000000001e+00   1.6136043706674759e-10
  2.6699999999999999e+00   1.6178620792543934e-10
  2.6800000000000002e+00   1.6221357329914112e-10
  2.6899999999999999e+00   1.6264252361734209e-10
  2.7000000000000002e+00   1.6307304885870624e-10
  2.7100000000000000e+00   1.6350513856468763e-10
  2.7200000000000002e+00   1.6393878184483176e-10
  2.7300000000000000e+00   1.6437396741162952e-10
  2.7400000000000002e+00   1.6481068367436237e-10
  2.7500000000000000e+00   1.6524891890513461e-10
  2.7600000000000002e+00   1.6568866147048988e-10
  2.7700000000000000e+00   1.6612990010354827e-10
  2.7800000000000002e+00   1.6657262417884856e-10
  2.7900000000000000e+00   1.6701682394787520e-10
  2.8000000000000003e+00   1.6746249069833163e-10
  2.8100000000000001e+00   1.6790961681314850e-10
  2.8199999999999998e+00   1.6835819572282133e-10
  2.8300000000000001e+00   1.6880822176287315e-10
  2.8399999999999999e+00   1.6925968996303121e-10
  2.8500000000000001e+00   1.6971259580307699e-10
  2.8599999999999999e+00   1.7016693497089080e-10
  2.8700000000000001e+00   1.7062270315143867e-10
  2.8799999999999999e+00   1.7107989586344591e-10
  2.8900000000000001e+00   1.7153850834644038e-10
  2.8999999999999999e+00   1.7199853548815238e-10
  2.9100000000000001e+00   1.7245997177381292e-10
  2.9199999999999999e+00   1.7292281123638548e-10
  2.9300000000000002e+00   1.7338704739038328e-10
  2.9399999999999999e+00   1.7385267314036894e-10
  2.9500000000000002e+00   1.7431968066613896e-10
  2.9600000000000000e+00   1.7478806129710803e-10
  2.9700000000000002e+00   1.7525780539591577e-10
  2.9800000000000000e+00   1.7572890227397938e-10
  2.9900000000000002e+00   1.7620134015902821e-10
  3.0000000000000000e+00   1.7667510622727391e-10
  3.0100000000000002e+00   1.7715018670255877e-10
  3.0200000000000000e+00   1.7762656701394234e-10
  3.0300000000000002e+00   1.7810423199413149e-10
  3.0400000000000000e+00   1.7858316609579584e-10
  3.0500000000000003e+00   1.7906335360209002e-10
  3.0600000000000001e+00   1.7954477881147686e-10
  3.0700000000000003e+00   1.8002742618407630e-10
  3.0800000000000001e+00   1.8051128044542807e-10
  3.0899999999999999e+00   1.8099632665172103e-10
  3.1000000000000001e+00   1.8148255022642241e-10
  3.1099999999999999e+00   1.8196993698072395e-10
  3.1200000000000001e+00   1.8245847312905822e-10
  3.1299999999999999e+00   1.8294814530676185e-10
  3.1400000000000001e+00   1.8343894059109122e-10
  3.1499999999999999e+00   1.8393084652086288e-10
  3.1600000000000001e+00   1.8442385110557337e-10
  3.1699999999999999e+00   1.8491794281306533e-10
  3.1800000000000002e+00   1.8541311052609603e-10
  3.1899999999999999e+00   1.8590934346220743e-10
  3.2000000000000002e+00   1.8640663105713353e-10
  3.2100000000000000e+00   1.8690496281825293e-10
  3.2200000000000002e+00   1.8740432815988937e-10
  3.2300000000000000e+00   1.8790471623543326e-10
  3.2400000000000002e+00   1.8840611578168383e-10
  3.2500000000000000e+00   1.8890851498850457e-10
  3.2600000000000002e+00   1.8941190140246555e-10
  3.2700000000000000e+00   1.8991626186765870e-10
  3.2800000000000002e+00   1.9042158250152942e-10
  3.2900000000000000e+00   1.9092784869946765e-10
  3.3000000000000003e+00   1.9143504515977331e-10
  3.3100000000000001e+00   1.9194315592068715e-10
  3.3200000000000003e+00   1.9245216440315783e-10
  3.3300000000000001e+00   1.9296205345618035e-10
  3.3399999999999999e+00   1.9347280540494608e-10
  3.3500000000000001e+00   1.9398440210475002e-10
  3.3599999999999999e+00   1.9449682500490655e-10
  3.3700000000000001e+00   1.9501005522651206e-10
  3.3799999999999999e+00   1.9552407365588116e-10
  3.3900000000000001e+00   1.9603886105239673e-10
  3.3999999999999999e+00   1.9655439816610854e-10
  3.4100000000000001e+00   1.9707066585752668e-10
  3.4199999999999999e+00   1.9758764521036681e-10
  3.4300000000000002e+00   1.9810531762791707e-10
  3.4399999999999999e+00   1.9862366490523516e-10
  3.4500000000000002e+00   1.9914266927221796e-10
  3.4600000000000000e+00   1.9966231340610871e-10
  3.4700000000000002e+00   2.0018258041550098e-10
  3.4800000000000000e+00   2.0070345380068882e-10
  3.4900000000000002e+00   2.0122491739682922e-10
  3.5000000000000000e+00   2.0174695530664005e-10
  3.5100000000000002e+00   2.0226955182839227e-10
  3.5200000000000000e+00   2.0279269138315648e-10
  3.5300000000000002e+00   2.0331635844318702e-10
  3.5400000000000000e+00   2.0384053746152365e-10
  3.5500000000000003e+00   2.0436521280181542e-10
  3.5600000000000001e+00   2.0489036866724142e-10
  3.5700000000000003e+00   2.0541598902819846e-10
  3.5800000000000001e+00   2.0594205754987261e-10
  3.5899999999999999e+00   2.0646855752249256e-10
  3.6000000000000001e+00   2.0699547179849630e-10
  3.6099999999999999e+00   2.0752278274162301e-10
  3.6200000000000001e+00   2.0805047219282134e-10
  3.6299999999999999e+00   2.0857852145680389e-10
  3.6400000000000001e+00   2.0910691131126250e-10
  3.6499999999999999e+00   2.0963562203852894e-10
  3.6600000000000001e+00   2.1016463347725140e-10
  3.6699999999999999e+00   2.1069392508986320e-10
  3.6800000000000002e+00   2.1122347604054913e-10
  3.6899999999999999e+00   2.1175326527819220e-10
  3.7000000000000002e+00   2.1228327161935988e-10
  3.7100000000000000e+00   2.1281347382753635e-10
  3.7200000000000002e+00   2.1334385068621562e-10
  3.7300000000000000e+00   2.1387438106478830e-10
  3.7400000000000002e+00   2.1440504397710924e-10
  3.7500000000000000e+00   2.1493581863305359e-10
  3.7600000000000002e+00   2.1546668448324931e-10
  3.7700000000000000e+00   2.1599762125663860e-10
  3.7800000000000002e+00   2.1652860898980236e-10
  3.7900000000000000e+00   2.1705962804634963e-10
  3.8000000000000003e+00   2.1759065912436978e-10
  3.8100000000000001e+00   2.1812168325011893e-10
  3.8200000000000003e+00   2.1865268175680135e-10
  3.8300000000000001e+00   2.1918363624841081e-10
  3.8399999999999999e+00   2.1971452854992669e-10
  3.8500000000000001e+00   2.2024534064646392e-10
  3.8599999999999999e+00   2.2077605461501279e-10
  3.8700000000000001e+00   2.2130665255299199e-10
  3.8799999999999999e+00   2.2183711650788739e-10
  3.8900000000000001e+00   2.2236742841178795e-10
  3.8999999999999999e+00   2.2289757002378109e-10
  3.9100000000000001e+00   2.2342752288212632e-10
  3.9199999999999999e+00   2.2395726826709465e-10
  3.9300000000000002e+00   2.2448678717452868e-10
  3.9399999999999999e+00   2.2501606029965327e-10
  3.9500000000000002e+00   2.2554506803048348e-10
  3.9600000000000000e+00   2.2607379045026975e-10
  3.9700000000000002e+00   2.2660220734867481e-10
  3.9800000000000000e+00   2.2713029824163223e-10
  3.9900000000000002e+00   2.2765804239995949e-10
  4.0000000000000000e+00   2.2818541888668511e-10
  4.0099999999999998e+00   2.2871240660267928e-10
  4.0200000000000005e+00   2.2923898433958983e-10
  4.0300000000000002e+00   2.2976513083839066e-10
  4.0400000000000000e+00   2.3029082485118640e-10
  4.0499999999999998e+00   2.3081604520342227e-10
  4.0600000000000005e+00   2.3134077085343558e-10
  4.0700000000000003e+00   2.3186498094640142e-10
  4.0800000000000001e+00   2.3238865486016185e-10
  4.0899999999999999e+00   2.3291177224110406e-10
  4.0999999999999996e+00   2.3343431302906246e-10
  4.1100000000000003e+00   2.3395625747102176e-10
  4.1200000000000001e+00   2.3447758612408111e-10
  4.1299999999999999e+00   2.3499827984862533e-10
  4.1399999999999997e+00   2.3551831979290183e-10
  4.1500000000000004e+00   2.3603768737025722e-10
  4.1600000000000001e+00   2.3655636423019878e-10
  4.1699999999999999e+00   2.3707433222431074e-10
  4.1799999999999997e+00   2.3759157336795082e-10
  4.1900000000000004e+00   2.3810806979864625e-10
  4.2000000000000002e+00   2.3862380373222287e-10
  4.2100000000000000e+00   2.3913875741791857e-10
  4.2199999999999998e+00   2.3965291309399751e-10
  4.2300000000000004e+00   2.4016625294562573e-10
  4.2400000000000002e+00   2.4067875906690578e-10
  4.2500000000000000e+00   2.4119041342894456e-10
  4.2599999999999998e+00   2.4170119785561101e-10
  4.2700000000000005e+00   2.4221109400824141e-10
  4.2800000000000002e+00   2.4272008338001111e-10
  4.2900000000000000e+00   2.4322814730008814e-10
  4.2999999999999998e+00   2.4373526694709277e-10
  4.3100000000000005e+00   2.4424142337088646e-10
  4.3200000000000003e+00   2.4474659752135439e-10
  4.3300000000000001e+00   2.4525077028265028e-10
  4.3399999999999999e+00   2.4575392251133021e-10
  4.3500000000000005e+00   2.4625603507688024e-10
  4.3600000000000003e+00   2.4675708890328325e-10
  4.3700000000000001e+00   2.4725706501042520e-10
  4.3799999999999999e+00   2.4775594455426231e-10
  4.3899999999999997e+00   2.4825370886474231e-10
  4.4000000000000004e+00   2.4875033948049129e-10
  4.4100000000000001e+00   2.4924581817926927e-10
  4.4199999999999999e+00   2.4974012700320252e-10
  4.4299999999999997e+00   2.5023324827785140e-10
  4.4400000000000004e+00   2.5072516462431224e-10
  4.4500000000000002e+00   2.5121585896378464e-10
  4.4600000000000000e+00   2.5170531451436445e-10
  4.4699999999999998e+00   2.5219351478021090e-10
  4.4800000000000004e+00   2.5268044353365069e-10
  4.4900000000000002e+00   2.5316608479116367e-10
  4.5000000000000000e+00   2.5365042278450765e-10
  4.5099999999999998e+00   2.5413344192844044e-10
  4.5200000000000005e+00   2.5461512678658423e-10
  4.5300000000000002e+00   2.5509546203694189e-10
  4.5400000000000000e+00   2.5557443243845272e-10
  4.5499999999999998e+00   2.5605202279978837e-10
  4.5600000000000005e+00   2.5652821795138549e-10
  4.5700000000000003e+00   2.5700300272150871e-10
  4.5800000000000001e+00   2.5747636191696754e-10
  4.5899999999999999e+00   2.5794828030896764e-10
  4.6000000000000005e+00   2.5841874262446174e-10
  4.6100000000000003e+00   2.5888773354325643e-10
  4.6200000000000001e+00   2.5935523770100779e-10
  4.6299999999999999e+00   2.5982123969808841e-10
  4.6399999999999997e+00   2.6028572411411833e-10
  4.6500000000000004e+00   2.6074867552773047e-10
  4.6600000000000001e+00   2.6121007854090072e-10
  4.6699999999999999e+00   2.6166991780693920e-10
  4.6799999999999997e+00   2.6212817806103892e-10
  4.6900000000000004e+00   2.6258484415214102e-10
  4.7000000000000002e+00   2.6303990107481313e-10
  4.7100000000000000e+00   2.6349333399986601e-10
  4.7199999999999998e+00   2.6394512830253638e-10
  4.7300000000000004e+00   2.6439526958723864e-10
  4.7400000000000002e+00   2.6484374370809833e-10
  4.7500000000000000e+00   2.6529053678471235e-10
  4.7599999999999998e+00   2.6573563521280224e-10
  4.7700000000000005e+00   2.6617902566963063e-10
  4.7800000000000002e+00   2.6662069511422077e-10
  4.7900000000000000e+00   2.6706063078256349e-10
  4.7999999999999998e+00   2.6749882017811486e-10
  4.8100000000000005e+00   2.6793525105799750e-10
  4.8200000000000003e+00   2.6836991141542539e-10
  4.8300000000000001e+00   2.6880278945897876e-10
  4.8399999999999999e+00   2.6923387358946696e-10
  4.8500000000000005e+00   2.6966315237522002e-10
  4.8600000000000003e+00   2.7009061452673579e-10
  4.8700000000000001e+00   2.7051624887166397e-10
  4.8799999999999999e+00   2.7094004433111507e-10
  4.8899999999999997e+00   2.7136198989823952e-10
  4.9000000000000004e+00   2.7178207461992132e-10
  4.9100000000000001e+00   2.7220028758228027e-10
  4.9199999999999999e+00   2.7261661790049119e-10
  4.9299999999999997e+00   2.7303105471321703e-10
  4.9400000000000004e+00   2.7344358718174370e-10
  4.9500000000000002e+00   2.7385420449370183e-10
  4.9600000000000000e+00   2.7426289587108944e-10
  4.9699999999999998e+00   2.7466965058216474e-10
  4.9800000000000004e+00   2.7507445795667134e-10
  4.9900000000000002e+00   2.7547730740377807e-10
  5.0000000000000000e+00   2.7587818843206233e-10
  5.0099999999999998e+00   2.7627709067082752e-10
  5.0200000000000005e+00   2.7667400389202418e-10
  5.0300000000000002e+00   2.7706891803203031e-10
  5.0400000000000000e+00   2.7746182321255069e-10
  5.0499999999999998e+00   2.7785270975991212e-10
  5.0600000000000005e+00   2.7824156822207591e-10
  5.0700000000000003e+00   2.7862838938275789e-10
  5.0800000000000001e+00   2.7901316427214893e-10
  5.0899999999999999e+00   2.7939588417385647e-10
  5.1000000000000005e+00   2.7977654062784439e-10
  5.1100000000000003e+00   2.8015512542931402e-10
  5.1200000000000001e+00   2.8053163062364438e-10
  5.1299999999999999e+00   2.8090604849766955e-10
  5.1399999999999997e+00   2.8127837156771702e-10
  5.1500000000000004e+00   2.8164859256494556e-10
  5.1600000000000001e+00   2.8201670441860316e-10
  5.1699999999999999e+00   2.8238270023787666e-10
  5.1799999999999997e+00   2.8274657329302163e-10
  5.1900000000000004e+00   2.8310831699645470e-10
  5.2000000000000002e+00   2.8346792488446124e-10
  5.2100000000000000e+00   2.8382539060012804e-10
  5.2199999999999998e+00   2.8418070787805235e-10
  5.2300000000000004e+00   2.8453387053131317e-10
  5.2400000000000002e+00   2.8488487244111208e-10
  5.2500000000000000e+00   2.8523370754940210e-10
  5.2599999999999998e+00   2.8558036985472238e-10
  5.2700000000000005e+00   2.8592485341134555e-10
  5.2800000000000002e+00   2.8626715233172201e-10
  5.2900000000000000e+00   2.8660726079208205e-10
  5.2999999999999998e+00   2.8694517304093076e-10
  5.3100000000000005e+00   2.8728088341005761e-10
  5.3200000000000003e+00   2.8761438632758254e-10
  5.3300000000000001e+00   2.8794567633248528e-10
  5.3399999999999999e+00   2.8827474809001566e-10
  5.3500000000000005e+00   2.8860159640736301e-10
  5.3600000000000003e+00   2.8892621624897215e-10
  5.3700000000000001e+00   2.8924860275092843e-10
  5.3799999999999999e+00   2.8956875123388994e-10
  5.3899999999999997e+00   2.8988665721411730e-10
  5.4000000000000004e+00   2.9020231641223477e-10
  5.4100000000000001e+00   2.9051572475944520e-10
  5.4199999999999999e+00   2.9082687840101461e-10
  5.4299999999999997e+00   2.9113577369693653e-10
  5.4400000000000004e+00   2.9144240721977933e-10
  5.4500000000000002e+00   2.9174677574981349e-10
  5.4600000000000000e+00   2.9204887626760584e-10
  5.4699999999999998e+00   2.9234870594435374e-10
  5.4800000000000004e+00   2.9264626213031092e-10
  5.4900000000000002e+00   2.9294154234172542e-10
  5.5000000000000000e+00   2.9323454424676335e-10
  5.5099999999999998e+00   2.9352526565092783e-10
  5.5200000000000005e+00   2.9381370448249668e-10
  5.5300000000000002e+00   2.9409985877849478e-10
  5.5400000000000000e+00   2.9438372667168649e-10
  5.5499999999999998e+00   2.9466530637902253e-10
  5.5600000000000005e+00   2.9494459619190746e-10
  5.5700000000000003e+00   2.9522159446857411e-10
  5.5800000000000001e+00   2.9549629962876147e-10
  5.5899999999999999e+00   2.9576871015080133e-10
  5.6000000000000005e+00   2.9603882457112824e-10
  5.6100000000000003e+00   2.9630664148613963e-10
  5.6200000000000001e+00   2.9657215955625498e-10
  5.6299999999999999e+00   2.9683537751194838e-10
  5.6399999999999997e+00   2.9709629416146863e-10
  5.6500000000000004e+00   2.9735490839990742e-10
  5.6600000000000001e+00   2.9761121921923474e-10
  5.6699999999999999e+00   2.9786522571889187e-10
  5.6799999999999997e+00   2.9811692711651500e-10
  5.6900000000000004e+00   2.9836632275836276e-10
  5.7000000000000002e+00   2.9861341212903252e-10
  5.7100000000000000e+00   2.9885819486008205e-10
  5.7199999999999998e+00   2.9910067073721574e-10
  5.7300000000000004e+00   2.9934083970575530e-10
  5.7400000000000002e+00   2.9957870187418237e-10
  5.7500000000000000e+00   2.9981425751561987e-10
  5.7599999999999998e+00   3.0004750706719902e-10
  5.7700000000000005e+00   3.0027845112734062e-10
  5.7800000000000002e+00   3.0050709045105750e-10
  5.7900000000000000e+00   3.0073342594345482e-10
  5.7999999999999998e+00   3.0095745865166564e-10
  5.8100000000000005e+00   3.0117918975550929e-10
  5.8200000000000003e+00   3.0139862055719725e-10
  5.8300000000000001e+00   3.0161575247043676e-10
  5.8399999999999999e+00   3.0183058700929367e-10
  5.8500000000000005e+00   3.0204312577717867e-10
  5.8600000000000003e+00   3.0225337045630709e-10
  5.8700000000000001e+00   3.0246132279796308e-10
  5.8799999999999999e+00   3.0266698461386342e-10
  5.8899999999999997e+00   3.0287035776887464e-10
  5.9000000000000004e+00   3.0307144417528453e-10
  5.9100000000000001e+00   3.0327024578877031e-10
  5.9199999999999999e+00   3.0346676460614105e-10
  5.9299999999999997e+00   3.0366100266486452e-10
  5.9400000000000004e+00   3.0385296204432156e-10
  5.9500000000000002e+00   3.0404264486866632e-10
  5.9600000000000000e+00   3.0423005331111301e-10
  5.9699999999999998e+00   3.0441518959941855e-10
  5.9800000000000004e+00   3.0459805602229167e-10
  5.9900000000000002e+00   3.0477865493643025e-10
  6.0000000000000000e+00   3.0495698877387362e-10
  6.0099999999999998e+00   3.0513306004935176e-10
  6.0200000000000005e+00   3.0530687136732228e-10
  6.0300000000000002e+00   3.0547842542840514e-10
  6.0400000000000000e+00   3.0564772503495208e-10
  6.0499999999999998e+00   3.0581477309552518e-10
  6.0600000000000005e+00   3.0597957262810181e-10
  6.0700000000000003e+00   3.0614212676187123e-10
  6.0800000000000001e+00   3.0630243873754069e-10
  6.0899999999999999e+00   3.0646051190612325e-10
  6.1000000000000005e+00   3.0661634972623408e-10
  6.1100000000000003e+00   3.0676995575997640e-10
  6.1200000000000001e+00   3.0692133366754796e-10
  6.1299999999999999e+00   3.0707048720074431e-10
  6.1400000000000006e+00   3.0721742019557428e-10
  6.1500000000000004e+00   3.0736213656423091e-10
  6.1600000000000001e+00   3.0750464028668319e-10
  6.1699999999999999e+00   3.0764493540216104e-10
  6.1799999999999997e+00   3.0778302600080616e-10
  6.1900000000000004e+00   3.0791891621574817e-10
  6.2000000000000002e+00   3.0805261021584537e-10
  6.2100000000000000e+00   3.0818411219929791e-10
  6.2199999999999998e+00   3.0831342638830644e-10
  6.2300000000000004e+00   3.0844055702490553e-10
  6.2400000000000002e+00   3.0856550836805832e-10
  6.2500000000000000e+00   3.0868828469204935e-10
  6.2599999999999998e+00   3.0880889028616769e-10
  6.2700000000000005e+00   3.0892732945562555e-10
  6.2800000000000002e+00   3.0904360652361502e-10
  6.2900000000000000e+00   3.0915772583436663e-10
  6.2999999999999998e+00   3.0926969175703975e-10
  6.3100000000000005e+00   3.0937950869024812e-10
  6.3200000000000003e+00   3.0948718106700368e-10
  6.3300000000000001e+00   3.0959271335984933e-10
  6.3399999999999999e+00   3.0969611008595054e-10
  6.3500000000000005e+00   3.0979737581191752e-10
  6.3600000000000003e+00   3.0989651515814786e-10
  6.3700000000000001e+00   3.0999353280249778e-10
  6.3799999999999999e+00   3.1008843348312112e-10
  6.3900000000000006e+00   3.1018122200034840e-10
  6.4000000000000004e+00   3.1027190321751720e-10
  6.4100000000000001e+00   3.1036048206070504e-10
  6.4199999999999999e+00   3.1044696351735834e-10
  6.4299999999999997e+00   3.1053135263385058e-10
  6.4400000000000004e+00   3.1061365451204261e-10
  6.4500000000000002e+00   3.1069387430495093e-10
  6.4600000000000000e+00   3.1077201721166164e-10
  6.4699999999999998e+00   3.1084808847165125e-10
  6.4800000000000004e+00   3.1092209335869419e-10
  6.4900000000000002e+00   3.1099403717454850e-10
  6.5000000000000000e+00   3.1106392524261716e-10
  6.5099999999999998e+00   3.1113176290177784e-10
  6.5200000000000005e+00   3.1119755550056751e-10
  6.5300000000000002e+00   3.1126130839189013e-10
  6.5400000000000000e+00   3.1132302692839634e-10
  6.5499999999999998e+00   3.1138271645865527e-10
  6.5600000000000005e+00   3.1144038232420878e-10
  6.5700000000000003e+00   3.1149602985756452e-10
  6.5800000000000001e+00   3.1154966438114858e-10
  6.5899999999999999e+00   3.1160129120720305e-10
  6.6000000000000005e+00   3.1165091563857981e-10
  6.6100000000000003e+00   3.1169854297035034e-10
  6.6200000000000001e+00   3.1174417849212291e-10
  6.6299999999999999e+00   3.1178782749093561e-10
  6.6400000000000006e+00   3.1182949525457561e-10
  6.6500000000000004e+00   3.1186918707516374e-10
  6.6600000000000001e+00   3.1190690825283578e-10
  6.6699999999999999e+00   3.1194266409935437e-10
  6.6799999999999997e+00   3.1197645994148947e-10
  6.6900000000000004e+00   3.1200830112401889e-10
  6.7000000000000002e+00   3.1203819301221536e-10
  6.7100000000000000e+00   3.1206614099370991e-10
  6.7199999999999998e+00   3.1209215047964457e-10
  6.7300000000000004e+00   3.1211622690505557e-10
  6.7400000000000002e+00   3.1213837572845838e-10
  6.7500000000000000e+00   3.1215860243063441e-10
  6.7599999999999998e+00   3.1217691251264976e-10
  6.7700000000000005e+00   3.1219331149316445e-10
  6.7800000000000002e+00   3.1220780490511473e-10
  6.7900000000000000e+00   3.1222039829187416e-10
  6.7999999999999998e+00   3.1223109720301625e-10
  6.8100000000000005e+00   3.1223990718981337e-10
  6.8200000000000003e+00   3.1224683380061437e-10
  6.8300000000000001e+00   3.1225188257624599e-10
  6.8399999999999999e+00   3.1225505904557805e-10
  6.8500000000000005e+00   3.1225636872138570e-10
  6.8600000000000003e+00   3.1225581709662697e-10
  6.8700000000000001e+00   3.1225340964123902e-10
  6.8799999999999999e+00   3.1224915179953330e-10
  6.8900000000000006e+00   3.1224304898824943e-10
  6.9000000000000004e+00   3.1223510659530126e-10
  6.9100000000000001e+00   3.1222532997922432e-10
  6.9199999999999999e+00   3.1221372446930765e-10
  6.9299999999999997e+00   3.1220029536636960e-10
  6.9400000000000004e+00   3.1218504794411487e-10
  6.9500000000000002e+00   3.1216798745098944e-10
  6.9600000000000000e+00   3.1214911911243485e-10
  6.9699999999999998e+00   3.1212844813343025e-10
  6.9800000000000004e+00   3.1210597970120262e-10
  6.9900000000000002e+00   3.1208171898798173e-10
  7.0000000000000000e+00   3.1205567115367811e-10
  7.0099999999999998e+00   3.1202784134836680e-10
  7.0200000000000005e+00   3.1199823471447034e-10
  7.0300000000000002e+00   3.1196685638854762e-10
  7.0400000000000000e+00   3.1193371150261102e-10
  7.0499999999999998e+00   3.1189880518491476e-10
  7.0600000000000005e+00   3.1186214256017726e-10
  7.0700000000000003e+00   3.1182372874922163e-10
  7.0800000000000001e+00   3.1178356886804145e-10
  7.0899999999999999e+00   3.1174166802631841e-10
  7.1000000000000005e+00   3.1169803132543976e-10
  7.1100000000000003e+00   3.1165266385607982e-10
  7.1200000000000001e+00   3.1160557069542500e-10
  7.1299999999999999e+00   3.1155675690413449e-10
  7.1400000000000006e+00   3.1150622752313546e-10
  7.1500000000000004e+00   3.1145398757035732e-10
  7.1600000000000001e+00   3.1140004203751005e-10
  7.1699999999999999e+00   3.1134439588700781e-10
  7.1799999999999997e+00   3.1128705404913327e-10
  7.1900000000000004e+00   3.1122802141952619e-10
  7.2000000000000002e+00   3.1116730285706900e-10
  7.2100000000000000e+00   3.1110490318222420e-10
  7.2199999999999998e+00   3.1104082717586272e-10
  7.2300000000000004e+00   3.1097507957860338e-10
  7.2400000000000002e+00   3.1090766509066541e-10
  7.2500000000000000e+00   3.1083858837221625e-10
  7.2599999999999998e+00   3.1076785404418118e-10
  7.2700000000000005e+00   3.1069546668946412e-10
  7.2800000000000002e+00   3.1062143085451611e-10
  7.2900000000000000e+00   3.1054575105117628e-10
  7.2999999999999998e+00   3.1046843175870303e-10
  7.3100000000000005e+00   3.1038947742590607e-10
  7.3200000000000003e+00   3.1030889247329128e-10
  7.3300000000000001e+00   3.1022668129512880e-10
  7.3399999999999999e+00   3.1014284826136216e-10
  7.3500000000000005e+00   3.1005739771928155e-10
  7.3600000000000003e+00   3.0997033399489657e-10
  7.3700000000000001e+00   3.0988166139395517e-10
  7.3799999999999999e+00   3.0979138420256986e-10
  7.3900000000000006e+00   3.0969950668742776e-10
  7.4000000000000004e+00   3.0960603309557701e-10
  7.4100000000000001e+00   3.0951096765379761e-10
  7.4199999999999999e+00   3.0941431456758054e-10
  7.4299999999999997e+00   3.0931607801975307e-10
  7.4400000000000004e+00   3.0921626216879987e-10
  7.4500000000000002e+00   3.0911487114694156e-10
  7.4600000000000000e+00   3.0901190905803798e-10
  7.4699999999999998e+00   3.0890737997539177e-10
  7.4800000000000004e+00   3.0880128793952672e-10
  7.4900000000000002e+00   3.0869363695601880e-10
  7.5000000000000000e+00   3.0858443099345123e-10
  7.5099999999999998e+00   3.0847367398156215e-10
  7.5200000000000005e+00   3.0836136980964342e-10
  7.5300000000000002e+00   3.0824752232523987e-10
  7.5400000000000000e+00   3.0813213533318711e-10
  7.5499999999999998e+00   3.0801521259501225e-10
  7.5600000000000005e+00   3.0789675782870950e-10
  7.5700000000000003e+00   3.0777677470888821e-10
  7.5800000000000001e+00   3.0765526686727808e-10
  7.5899999999999999e+00   3.0753223789356345e-10
  7.6000000000000005e+00   3.0740769133650810e-10
  7.6100000000000003e+00   3.0728163070532121e-10
  7.6200000000000001e+00   3.0715405947120811e-10
  7.6299999999999999e+00   3.0702498106904501e-10
  7.6400000000000006e+00   3.0689439889911134e-10
  7.6500000000000004e+00   3.0676231632881536e-10
  7.6600000000000001e+00   3.0662873669434849e-10
  7.6699999999999999e+00   3.0649366330220935e-10
  7.6799999999999997e+00   3.0635709943054314e-10
  7.6900000000000004e+00   3.0621904833025147e-10
  7.7000000000000002e+00   3.0607951322583599e-10
  7.7100000000000000e+00   3.0593849731595056e-10
  7.7199999999999998e+00   3.0579600377364757e-10
  7.7300000000000004e+00   3.0565203574631605e-10
  7.7400000000000002e+00   3.0550659635532007e-10
  7.7500000000000000e+00   3.0535968869535748e-10
  7.7599999999999998e+00   3.0521131583356881e-10
  7.7700000000000005e+00   3.0506148080843438e-10
  7.7800000000000002e+00   3.0491018662850649e-10
  7.7900000000000000e+00   3.0475743627102618e-10
  7.7999999999999998e+00   3.0460323268048077e-10
  7.8100000000000005e+00   3.0444757876715641e-10
  7.8200000000000003e+00   3.0429047740574220e-10
  7.8300000000000001e+00   3.0413193143403710e-10
  7.8399999999999999e+00   3.0397194365180853e-10
  7.8500000000000005e+00   3.0381051681984349e-10
  7.8600000000000003e+00   3.0364765365922659e-10
  7.8700000000000001e+00   3.0348335685086990e-10
  7.8799999999999999e+00   3.0331762903531057e-10
  7.8900000000000006e+00   3.0315047281278193e-10
  7.9000000000000004e+00   3.0298189074355437e-10
  7.9100000000000001e+00   3.0281188534853150e-10
  7.9199999999999999e+00   3.0264045911008015e-10
  7.9300000000000006e+00   3.0246761447306312e-10
  7.9400000000000004e+00   3.0229335384603766e-10
  7.9500000000000002e+00   3.0211767960257781e-10
  7.9600000000000000e+00   3.0194059408267475e-10
  7.9699999999999998e+00   3.0176209959416709e-10
  7.9800000000000004e+00   3.0158219841415439e-10
  7.9900000000000002e+00   3.0140089279034702e-10
  8.0000000000000000e+00   3.0121818494231041e-10
  8.0099999999999998e+00   3.0103407706256560e-10
  8.0199999999999996e+00   3.0084857131751440e-10
  8.0299999999999994e+00   3.0066166984816450e-10
  8.0400000000000009e+00   3.0047337477063811e-10
  8.0500000000000007e+00   3.0028368817645570e-10
  8.0600000000000005e+00   3.0009261213259450e-10
  8.0700000000000003e+00   2.9990014868133117e-10
  8.0800000000000001e+00   2.9970629983988436e-10
  8.0899999999999999e+00   2.9951106759988039e-10
  8.0999999999999996e+00   2.9931445392667243e-10
  8.1099999999999994e+00   2.9911646075854695e-10
  8.1200000000000010e+00   2.9891709000585525e-10
  8.1300000000000008e+00   2.9871634355011134e-10
  8.1400000000000006e+00   2.9851422324309530e-10
  8.1500000000000004e+00   2.9831073090600335e-10
  8.1600000000000001e+00   2.9810586832868103e-10
  8.1699999999999999e+00   2.9789963726897421e-10
  8.1799999999999997e+00   2.9769203945222649e-10
  8.1899999999999995e+00   2.9748307657094610e-10
  8.1999999999999993e+00   2.9727275028465942e-10
  8.2100000000000009e+00   2.9706106221996083e-10
  8.2200000000000006e+00   2.9684801397076099e-10
  8.2300000000000004e+00   2.9663360709872913e-10
  8.2400000000000002e+00   2.9641784313391782e-10
  8.2500000000000000e+00   2.9620072357555228e-10
  8.2599999999999998e+00   2.9598224989296034e-10
  8.2699999999999996e+00   2.9576242352661573e-10
  8.2799999999999994e+00   2.9554124588926208e-10
  8.2900000000000009e+00   2.9531871836708514e-10
  8.3000000000000007e+00   2.9509484232089697e-10
  8.3100000000000005e+00   2.9486961908729848e-10
  8.3200000000000003e+00   2.9464304997978688e-10
  8.3300000000000001e+00   2.9441513628977811e-10
  8.3399999999999999e+00   2.9418587928751718e-10
  8.3499999999999996e+00   2.9395528022285471e-10
  8.3599999999999994e+00   2.9372334032587347e-10
  8.3700000000000010e+00   2.9349006080735386e-10
  8.3800000000000008e+00   2.9325544285907388e-10
  8.3900000000000006e+00   2.9301948765394501e-10
  8.4000000000000004e+00   2.9278219634599222e-10
  8.4100000000000001e+00   2.9254357007019045e-10
  8.4199999999999999e+00   2.9230360994217663e-10
  8.4299999999999997e+00   2.9206231705785946e-10
  8.4399999999999995e+00   2.9181969249295232e-10
  8.4499999999999993e+00   2.9157573730245844e-10
  8.4600000000000009e+00   2.9133045252013695e-10
  8.4700000000000006e+00   2.9108383915798017e-10
  8.4800000000000004e+00   2.9083589820573000e-10
  8.4900000000000002e+00   2.9058663063046115e-10
  8.5000000000000000e+00   2.9033603737625438e-10
  8.5099999999999998e+00   2.9008411936398056e-10
  8.5199999999999996e+00   2.8983087749121048e-10
  8.5299999999999994e+00   2.8957631263226236e-10
  8.5400000000000009e+00   2.8932042563839222e-10
  8.5500000000000007e+00   2.8906321733812783e-10
  8.5600000000000005e+00   2.8880468853774127e-10
  8.5700000000000003e+00   2.8854484002185088e-10
  8.5800000000000001e+00   2.8828367255413833e-10
  8.5899999999999999e+00   2.8802118687816245e-10
  8.5999999999999996e+00   2.8775738371824919e-10
  8.6099999999999994e+00   2.8749226378043361e-10
  8.6200000000000010e+00   2.8722582775342950e-10
  8.6300000000000008e+00   2.8695807630960100e-10
  8.6400000000000006e+00   2.8668901010591066e-10
  8.6500000000000004e+00   2.8641862978482119e-10
  8.6600000000000001e+00   2.8614693597512867e-10
  8.6699999999999999e+00   2.8587392929270888e-10
  8.6799999999999997e+00   2.8559961034116201e-10
  8.6899999999999995e+00   2.8532397971234375e-10
  8.7000000000000011e+00   2.8504703798677739e-10
  8.7100000000000009e+00   2.8476878573394351e-10
  8.7200000000000006e+00   2.8448922351245022e-10
  8.7300000000000004e+00   2.8420835187009043e-10
  8.7400000000000002e+00   2.8392617134379685e-10
  8.7500000000000000e+00   2.8364268245950834e-10
  8.7599999999999998e+00   2.8335788573196533e-10
  8.7699999999999996e+00   2.8307178166445330e-10
  8.7799999999999994e+00   2.8278437074851543e-10
  8.7900000000000009e+00   2.8249565346365562e-10
  8.8000000000000007e+00   2.8220563027705383e-10
  8.8100000000000005e+00   2.8191430164331416e-10
  8.8200000000000003e+00   2.8162166800426470e-10
  8.8300000000000001e+00   2.8132772978882624e-10
  8.8399999999999999e+00   2.8103248741296367e-10
  8.8499999999999996e+00   2.8073594127973057e-10
  8.8599999999999994e+00   2.8043809177941432e-10
  8.8700000000000010e+00   2.8013893928978496e-10
  8.8800000000000008e+00   2.7983848417644736e-10
  8.8900000000000006e+00   2.7953672679329163e-10
  8.9000000000000004e+00   2.7923366748303517e-10
  8.9100000000000001e+00   2.7892930657784406e-10
  8.9199999999999999e+00   2.7862364440002074e-10
  8.9299999999999997e+00   2.7831668126274189e-10
  8.9399999999999995e+00   2.7800841747082889e-10
  8.9500000000000011e+00   2.7769885332153277e-10
  8.9600000000000009e+00   2.7738798910531483e-10
  8.9700000000000006e+00   2.7707582510660497e-10
  8.9800000000000004e+00   2.7676236160452080e-10
  8.9900000000000002e+00   2.7644759887353259e-10
  9.0000000000000000e+00   2.7613153718406046e-10
  9.0099999999999998e+00   2.7581417680299425e-10
  9.0199999999999996e+00   2.7549551799412809e-10
  9.0299999999999994e+00   2.7517556101850645e-10
  9.0400000000000009e+00   2.7485430613467966e-10
  9.0500000000000007e+00   2.7453175359887272e-10
  9.0600000000000005e+00   2.7420790366507179e-10
  9.0700000000000003e+00   2.7388275658503755e-10
  9.0800000000000001e+00   2.7355631260825586e-10
  9.0899999999999999e+00   2.7322857198183907e-10
  9.0999999999999996e+00   2.7289953495039166e-10
  9.1099999999999994e+00   2.7256920175585667e-10
  9.1200000000000010e+00   2.7223757263735776e-10
  9.1300000000000008e+00   2.7190464783105328e-10
  9.1400000000000006e+00   2.7157042757001620e-10
  9.1500000000000004e+00   2.7123491208415471e-10
  9.1600000000000001e+00   2.7089810160018423e-10
  9.1699999999999999e+00   2.7055999634166097e-10
  9.1799999999999997e+00   2.7022059652908414e-10
  9.1899999999999995e+00   2.6987990238007125e-10
  9.2000000000000011e+00   2.6953791410960795e-10
  9.2100000000000009e+00   2.6919463193037229e-10
  9.2200000000000006e+00   2.6885005605312768e-10
  9.2300000000000004e+00   2.6850418668718048e-10
  9.2400000000000002e+00   2.6815702404089201e-10
  9.2500000000000000e+00   2.6780856832223511e-10
  9.2599999999999998e+00   2.6745881973938319e-10
  9.2699999999999996e+00   2.6710777850131914e-10
  9.2799999999999994e+00   2.6675544481845013e-10
  9.2900000000000009e+00   2.6640181890321488e-10
  9.3000000000000007e+00   2.6604690097067140e-10
  9.3100000000000005e+00   2.6569069123905102e-10
  9.3200000000000003e+00   2.6533318993027043e-10
  9.3300000000000001e+00   2.6497439727039086e-10
  9.3399999999999999e+00   2.6461431349001836e-10
  9.3499999999999996e+00   2.6425293882464047e-10
  9.3599999999999994e+00   2.6389027351489600e-10
  9.3700000000000010e+00   2.6352631780677917e-10
  9.3800000000000008e+00   2.6316107195177956e-10
  9.3900000000000006e+00   2.6279453620696277e-10
  9.4000000000000004e+00   2.6242671083499852e-10
  9.4100000000000001e+00   2.6205759610414437e-10
  9.4199999999999999e+00   2.6168719228819462e-10
  9.4299999999999997e+00   2.6131549966640571e-10
  9.4399999999999995e+00   2.6094251852340882e-10
  9.4500000000000011e+00   2.6056824914912167e-10
  9.4600000000000009e+00   2.6019269183867061e-10
  9.4700000000000006e+00   2.5981584689233327e-10
  9.4800000000000004e+00   2.5943771461551228e-10
  9.4900000000000002e+00   2.5905829531874752e-10
  9.5000000000000000e+00   2.5867758931777364e-10
  9.5099999999999998e+00   2.5829559693362784e-10
  9.5199999999999996e+00   2.5791231849281074e-10
  9.5299999999999994e+00   2.5752775432750042e-10
  9.5400000000000009e+00   2.5714190477581933e-10
  9.5500000000000007e+00   2.5675477018215026e-10
  9.5600000000000005e+00   2.5636635089749581e-10
  9.5700000000000003e+00   2.5597664727987595e-10
  9.5800000000000001e+00   2.5558565969475489e-10
  9.5899999999999999e+00   2.5519338851548845e-10
  9.5999999999999996e+00   2.5479983412378260e-10
  9.6099999999999994e+00   2.5440499691015307e-10
  9.6200000000000010e+00   2.5400887727437651e-10
  9.6300000000000008e+00   2.5361147562592387e-10
  9.6400000000000006e+00   2.5321279238436649e-10
  9.6500000000000004e+00   2.5281282797974926e-10
  9.6600000000000001e+00   2.5241158285292263e-10
  9.6699999999999999e+00   2.5200905745583024e-10
  9.6799999999999997e+00   2.5160525225174807e-10
  9.6899999999999995e+00   2.5120016771547480e-10
  9.7000000000000011e+00   2.5079380433347276e-10
  9.7100000000000009e+00   2.5038616260396302e-10
  9.7200000000000006e+00   2.4997724303697636e-10
  9.7300000000000004e+00   2.4956704615436737e-10
  9.7400000000000002e+00   2.4915557248979665e-10
  9.7500000000000000e+00   2.4874282258868898e-10
  9.7599999999999998e+00   2.4832879700817545e-10
  9.7699999999999996e+00   2.4791349631702739e-10
  9.7799999999999994e+00   2.4749692109559137e-10
  9.7900000000000009e+00   2.4707907193573264e-10
  9.8000000000000007e+00   2.4665994944079508e-10
  9.8100000000000005e+00   2.4623955422558390e-10
  9.8200000000000003e+00   2.4581788691637758e-10
  9.8300000000000001e+00   2.4539494815097303e-10
  9.8399999999999999e+00   2.4497073857876714e-10
  9.8499999999999996e+00   2.4454525886087663e-10
  9.8599999999999994e+00   2.4411850967029621e-10
  9.8700000000000010e+00   2.4369049169209361e-10
  9.8800000000000008e+00   2.4326120562363926e-10
  9.8900000000000006e+00   2.4283065217486590e-10
  9.9000000000000004e+00   2.4239883206855374e-10
  9.9100000000000001e+00   2.4196574604063494e-10
  9.9199999999999999e+00   2.4153139484051079e-10
  9.9299999999999997e+00   2.4109577923137415e-10
  9.9399999999999995e+00   2.4065889999053094e-10
  9.9500000000000011e+00   2.4022075790971237e-10
  9.9600000000000009e+00   2.3978135379537234e-10
  9.9700000000000006e+00   2.3934068846896308e-10
  9.9800000000000004e+00   2.3889876276718419e-10
  9.9900000000000002e+00   2.3845557754220091e-10
  1.0000000000000000e+01   2.3801113366182818e-10
