# ZND solution.
# Columns are: spatial coordinate; specific volume; density;
# flow velocity in lab frame; pressure; reaction progress variable.
 -1.8149999999999999e+01   7.4323645206671785e-01   1.3454668392801505e+00   4.2640185891777937e-01   1.7081166573371300e+00   9.9999999999900002e-01
 -1.8099999999999998e+01   7.4323645206671785e-01   1.3454668392801505e+00   4.2640185891777937e-01   1.7081166573371300e+00   9.9999999999900002e-01
 -1.8049999999999997e+01   7.4323645206671785e-01   1.3454668392801505e+00   4.2640185891777937e-01   1.7081166573371300e+00   9.9999999999900002e-01
 -1.8000000000000000e+01   7.4323645206671785e-01   1.3454668392801505e+00   4.2640185891777937e-01   1.7081166573371300e+00   9.9999999999900002e-01
 -1.7949999999999999e+01   7.4323645206671785e-01   1.3454668392801505e+00   4.2640185891777937e-01   1.7081166573371300e+00   9.9999999999900002e-01
 -1.7899999999999999e+01   7.4323645206671785e-01   1.3454668392801505e+00   4.2640185891777937e-01   1.7081166573371300e+00   9.9999999999900002e-01
 -1.7849999999999998e+01   7.4323645206671785e-01   1.3454668392801505e+00   4.2640185891777937e-01   1.7081166573371300e+00   9.9999999999900002e-01
 -1.7799999999999997e+01   7.4323645206671785e-01   1.3454668392801505e+00   4.2640185891777937e-01   1.7081166573371300e+00   9.9999999999900002e-01
 -1.7750000000000000e+01   7.4323645206671785e-01   1.3454668392801505e+00   4.2640185891777937e-01   1.7081166573371300e+00   9.9999999999900002e-01
 -1.7699999999999999e+01   7.4323645206671785e-01   1.3454668392801505e+00   4.2640185891777937e-01   1.7081166573371300e+00   9.9999999999900002e-01
 -1.7649999999999999e+01   7.4323645206671785e-01   1.3454668392801505e+00   4.2640185891777937e-01   1.7081166573371300e+00   9.9999999999900002e-01
 -1.7599999999999998e+01   7.4323645206671785e-01   1.3454668392801505e+00   4.2640185891777937e-01   1.7081166573371300e+00   9.9999999999900002e-01
 -1.7549999999999997e+01   7.4323645206671785e-01   1.3454668392801505e+00   4.2640185891777937e-01   1.7081166573371300e+00   9.9999999999900002e-01
 -1.7500000000000000e+01   7.4323645206671785e-01   1.3454668392801505e+00   4.2640185891777937e-01   1.7081166573371300e+00   9.9999999999900002e-01
 -1.7449999999999999e+01   7.4323645206671785e-01   1.3454668392801505e+00   4.2640185891777937e-01   1.7081166573371300e+00   9.9999999999900002e-01
 -1.7399999999999999e+01   7.4323645206671785e-01   1.3454668392801505e+00   4.2640185891777937e-01   1.7081166573371300e+00   9.9999999999900002e-01
 -1.7349999999999998e+01   7.4323645206671785e-01   1.3454668392801505e+00   4.2640185891777937e-01   1.7081166573371300e+00   9.9999999999900002e-01
 -1.7299999999999997e+01   7.4323645206671785e-01   1.3454668392801505e+00   4.2640185891777937e-01   1.7081166573371300e+00   9.9999999999900002e-01
 -1.7250000000000000e+01   7.4323644674522682e-01   1.3454668489135448e+00   4.2640186775506828e-01   1.7081166720130314e+00   9.9999999999895661e-01
 -1.7199999999999999e+01   7.4323643596397704e-01   1.3454668684306372e+00   4.2640188565926440e-01   1.7081167017461558e+00   9.9999999999887024e-01
 -1.7149999999999999e+01   7.4323642483583152e-01   1.3454668885757088e+00   4.2640190413954326e-01   1.7081167324359687e+00   9.9999999999877665e-01
 -1.7099999999999998e+01   7.4323641329618473e-01   1.3454669094657143e+00   4.2640192330319349e-01   1.7081167642606423e+00   9.9999999999867528e-01
 -1.7049999999999997e+01   7.4323640119189305e-01   1.3454669313778864e+00   4.2640194340453785e-01   1.7081167976425249e+00   9.9999999999856537e-01
 -1.7000000000000000e+01   7.4323638877863429e-01   1.3454669538493764e+00   4.2640196401897734e-01   1.7081168318764934e+00   9.9999999999844658e-01
 -1.6949999999999999e+01   7.4323637581454283e-01   1.3454669773180297e+00   4.2640198554817310e-01   1.7081168676295793e+00   9.9999999999831768e-01
 -1.6899999999999999e+01   7.4323636236146695e-01   1.3454670016718828e+00   4.2640200788941507e-01   1.7081169047312130e+00   9.9999999999817835e-01
 -1.6849999999999998e+01   7.4323634813385653e-01   1.3454670274278626e+00   4.2640203151691036e-01   1.7081169439689008e+00   9.9999999999802736e-01
 -1.6799999999999997e+01   7.4323633346481666e-01   1.3454670539829550e+00   4.2640205587747837e-01   1.7081169844239872e+00   9.9999999999786393e-01
 -1.6750000000000000e+01   7.4323631832555892e-01   1.3454670813892751e+00   4.2640208101892729e-01   1.7081170261758660e+00   9.9999999999768696e-01
 -1.6699999999999999e+01   7.4323630246664663e-01   1.3454671100983739e+00   4.2640210735549156e-01   1.7081170699124479e+00   9.9999999999749534e-01
 -1.6649999999999999e+01   7.4323628596906421e-01   1.3454671399636469e+00   4.2640213475268207e-01   1.7081171154103894e+00   9.9999999999728773e-01
 -1.6599999999999998e+01   7.4323626883496019e-01   1.3454671709812047e+00   4.2640216320693058e-01   1.7081171626637657e+00   9.9999999999706313e-01
 -1.6549999999999997e+01   7.4323625093483325e-01   1.3454672033854813e+00   4.2640219293329729e-01   1.7081172120297219e+00   9.9999999999681977e-01
 -1.6500000000000000e+01   7.4323623222630220e-01   1.3454672372531993e+00   4.2640222400216388e-01   1.7081172636251392e+00   9.9999999999655631e-01
 -1.6449999999999999e+01   7.4323621304825027e-01   1.3454672719708840e+00   4.2640225585075409e-01   1.7081173165154273e+00   9.9999999999627109e-01
 -1.6399999999999999e+01   7.4323619285831954e-01   1.3454673085203568e+00   4.2640228937975011e-01   1.7081173721963308e+00   9.9999999999596212e-01
 -1.6349999999999998e+01   7.4323617194199865e-01   1.3454673463848028e+00   4.2640232411504719e-01   1.7081174298805126e+00   9.9999999999562761e-01
 -1.6299999999999997e+01   7.4323614999659970e-01   1.3454673861121731e+00   4.2640236055931280e-01   1.7081174904027430e+00   9.9999999999526501e-01
 -1.6250000000000000e+01   7.4323612734955102e-01   1.3454674271097300e+00   4.2640239816879322e-01   1.7081175528600214e+00   9.9999999999487255e-01
 -1.6199999999999999e+01   7.4323610372478388e-01   1.3454674698772362e+00   4.2640243740195038e-01   1.7081176180137057e+00   9.9999999999444755e-01
 -1.6149999999999999e+01   7.4323607913495182e-01   1.3454675143917856e+00   4.2640247823777067e-01   1.7081176858288991e+00   9.9999999999398725e-01
 -1.6099999999999998e+01   7.4323605359511058e-01   1.3454675606261233e+00   4.2640252065125139e-01   1.7081177562640804e+00   9.9999999999348910e-01
 -1.6049999999999997e+01   7.4323602698711932e-01   1.3454676087941180e+00   4.2640256483858652e-01   1.7081178296450643e+00   9.9999999999294953e-01
 -1.5999999999999998e+01   7.4323599934471885e-01   1.3454676588346899e+00   4.2640261074374330e-01   1.7081179058787992e+00   9.9999999999236533e-01
 -1.5949999999999999e+01   7.4323597053485890e-01   1.3454677109886981e+00   4.2640265858767568e-01   1.7081179853322181e+00   9.9999999999173261e-01
 -1.5899999999999999e+01   7.4323594048930230e-01   1.3454677653796714e+00   4.2640270848370387e-01   1.7081180681935093e+00   9.9999999999104761e-01
 -1.5849999999999998e+01   7.4323590930901473e-01   1.3454678218248342e+00   4.2640276026415580e-01   1.7081181541842239e+00   9.9999999999030542e-01
 -1.5799999999999999e+01   7.4323587682668280e-01   1.3454678806270715e+00   4.2640281420688586e-01   1.7081182437657882e+00   9.9999999998950229e-01
 -1.5749999999999998e+01   7.4323584311803326e-01   1.3454679416492970e+00   4.2640287018613576e-01   1.7081183367293589e+00   9.9999999998863243e-01
 -1.5699999999999999e+01   7.4323580791219912e-01   1.3454680053818575e+00   4.2640292865172880e-01   1.7081184338219479e+00   9.9999999998769051e-01
 -1.5649999999999999e+01   7.4323577131243934e-01   1.3454680716378260e+00   4.2640298943218502e-01   1.7081185347587815e+00   9.9999999998667044e-01
 -1.5599999999999998e+01   7.4323573322416747e-01   1.3454681405884312e+00   4.2640305268458234e-01   1.7081186398007158e+00   9.9999999998556532e-01
 -1.5549999999999999e+01   7.4323569363368835e-01   1.3454682122584665e+00   4.2640311843166367e-01   1.7081187489855201e+00   9.9999999998436917e-01
 -1.5499999999999998e+01   7.4323565236154476e-01   1.3454682869728012e+00   4.2640318697145019e-01   1.7081188628081114e+00   9.9999999998307387e-01
 -1.5449999999999999e+01   7.4323560951346734e-01   1.3454683645400336e+00   4.2640325812835700e-01   1.7081189809769000e+00   9.9999999998167111e-01
 -1.5399999999999999e+01   7.4323556486441378e-01   1.3454684453675558e+00   4.2640333227610738e-01   1.7081191041125194e+00   9.9999999998015232e-01
 -1.5349999999999998e+01   7.4323551841095670e-01   1.3454685294615734e+00   4.2640340942039301e-01   1.7081192322244223e+00   9.9999999997850786e-01
 -1.5299999999999999e+01   7.4323547005903023e-01   1.3454686169923735e+00   4.2640348971742692e-01   1.7081193655720290e+00   9.9999999997672673e-01
 -1.5249999999999998e+01   7.4323541976059115e-01   1.3454687080469296e+00   4.2640357324699374e-01   1.7081195042878350e+00   9.9999999997479816e-01
 -1.5199999999999999e+01   7.4323536741455298e-01   1.3454688028082387e+00   4.2640366017696540e-01   1.7081196486506229e+00   9.9999999997270983e-01
 -1.5149999999999999e+01   7.4323531294371514e-01   1.3454689014160572e+00   4.2640375063554758e-01   1.7081197988733003e+00   9.9999999997044808e-01
 -1.5099999999999998e+01   7.4323525624933806e-01   1.3454690040491344e+00   4.2640384478671511e-01   1.7081199552281765e+00   9.9999999996799904e-01
 -1.5049999999999999e+01   7.4323519723673714e-01   1.3454691108788777e+00   4.2640394278770821e-01   1.7081201179763785e+00   9.9999999996534727e-01
 -1.4999999999999998e+01   7.4323513585491063e-01   1.3454692219976172e+00   4.2640404472322491e-01   1.7081202872585610e+00   9.9999999996247535e-01
 -1.4949999999999999e+01   7.4323507201444383e-01   1.3454693375672215e+00   4.2640415074175420e-01   1.7081204633213174e+00   9.9999999995936595e-01
 -1.4899999999999999e+01   7.4323500552368971e-01   1.3454694579346294e+00   4.2640426116156038e-01   1.7081206466931818e+00   9.9999999995599864e-01
 -1.4849999999999998e+01   7.4323493638680305e-01   1.3454695830923216e+00   4.2640437597574343e-01   1.7081208373626966e+00   9.9999999995235234e-01
 -1.4799999999999999e+01   7.4323486438593545e-01   1.3454697134346696e+00   4.2640449554607973e-01   1.7081210359306556e+00   9.9999999994840405e-01
 -1.4749999999999998e+01   7.4323478950789112e-01   1.3454698489855643e+00   4.2640461989448331e-01   1.7081212424334513e+00   9.9999999994412847e-01
 -1.4699999999999999e+01   7.4323471156959331e-01   1.3454699900764313e+00   4.2640474932498584e-01   1.7081214573759826e+00   9.9999999993949884e-01
 -1.4649999999999999e+01   7.4323463048744309e-01   1.3454701368586119e+00   4.2640488397641851e-01   1.7081216809888029e+00   9.9999999993448541e-01
 -1.4599999999999998e+01   7.4323454604787575e-01   1.3454702897187243e+00   4.2640502420344362e-01   1.7081219138608934e+00   9.9999999992905630e-01
 -1.4549999999999999e+01   7.4323445824728918e-01   1.3454704486632934e+00   4.2640517001204326e-01   1.7081221560021880e+00   9.9999999992317745e-01
 -1.4499999999999998e+01   7.4323436684828403e-01   1.3454706141220854e+00   4.2640532179646118e-01   1.7081224080673998e+00   9.9999999991681154e-01
 -1.4449999999999999e+01   7.4323427173983281e-01   1.3454707862960971e+00   4.2640547974107879e-01   1.7081226703627257e+00   9.9999999990991817e-01
 -1.4399999999999999e+01   7.4323417279515414e-01   1.3454709654148453e+00   4.2640564405643921e-01   1.7081229432378113e+00   9.9999999990245336e-01
 -1.4349999999999998e+01   7.4323406981826645e-01   1.3454711518331193e+00   4.2640581506800501e-01   1.7081232272331452e+00   9.9999999989437005e-01
 -1.4299999999999999e+01   7.4323396264861952e-01   1.3454713458415684e+00   4.2640599304239823e-01   1.7081235227915013e+00   9.9999999988561672e-01
 -1.4250000000000000e+01   7.4323385112481699e-01   1.3454715477323735e+00   4.2640617824764671e-01   1.7081238303579878e+00   9.9999999987613819e-01
 -1.4199999999999999e+01   7.4323373508708968e-01   1.3454717577947715e+00   4.2640637094907596e-01   1.7081241503732243e+00   9.9999999986587396e-01
 -1.4149999999999999e+01   7.4323361431983204e-01   1.3454719764190792e+00   4.2640657150473715e-01   1.7081244834318206e+00   9.9999999985475918e-01
 -1.4099999999999998e+01   7.4323348866000394e-01   1.3454722039004559e+00   4.2640678018538791e-01   1.7081248299834169e+00   9.9999999984272347e-01
 -1.4049999999999999e+01   7.4323335788932032e-01   1.3454724406340712e+00   4.2640699735352983e-01   1.7081251906300121e+00   9.9999999982969034e-01
 -1.4000000000000000e+01   7.4323322181770635e-01   1.3454726869640270e+00   4.2640722332481595e-01   1.7081255658958052e+00   9.9999999981557719e-01
 -1.3949999999999999e+01   7.4323308022177592e-01   1.3454729432947286e+00   4.2640745847021888e-01   1.7081259563968625e+00   9.9999999980029453e-01
 -1.3899999999999999e+01   7.4323293285404635e-01   1.3454732100742053e+00   4.2640770320072807e-01   1.7081263628157055e+00   9.9999999978374543e-01
 -1.3849999999999998e+01   7.4323277952888700e-01   1.3454734876385162e+00   4.2640795782461649e-01   1.7081267856642768e+00   9.9999999976582499e-01
 -1.3799999999999999e+01   7.4323261997902301e-01   1.3454737764715226e+00   4.2640822278574175e-01   1.7081272256796809e+00   9.9999999974641951e-01
 -1.3750000000000000e+01   7.4323245392454751e-01   1.3454740770799540e+00   4.2640849854893936e-01   1.7081276836338612e+00   9.9999999972540565e-01
 -1.3699999999999999e+01   7.4323228113462969e-01   1.3454743898816999e+00   4.2640878549754557e-01   1.7081281601634153e+00   9.9999999970265063e-01
 -1.3649999999999999e+01   7.4323210134210993e-01   1.3454747153604170e+00   4.2640908407522637e-01   1.7081286560051310e+00   9.9999999967800979e-01
 -1.3599999999999998e+01   7.4323191422190438e-01   1.3454750541046239e+00   4.2640939482184170e-01   1.7081291720555423e+00   9.9999999965132680e-01
 -1.3549999999999999e+01   7.4323171953519629e-01   1.3454754065466716e+00   4.2640971813398987e-01   1.7081297089732708e+00   9.9999999962243291e-01
 -1.3500000000000000e+01   7.4323151692238476e-01   1.3454757733375688e+00   4.2641005460885228e-01   1.7081302677500441e+00   9.9999999959114405e-01
 -1.3449999999999999e+01   7.4323130608328603e-01   1.3454761550207637e+00   4.2641040474493797e-01   1.7081308492137257e+00   9.9999999955726271e-01
 -1.3399999999999999e+01   7.4323108667800009e-01   1.3454765522116048e+00   4.2641076910671183e-01   1.7081314543017099e+00   9.9999999952057361e-01
 -1.3349999999999998e+01   7.4323085837040481e-01   1.3454769655186045e+00   4.2641114825236470e-01   1.7081320839409733e+00   9.9999999948084417e-01
 -1.3299999999999999e+01   7.4323062078696456e-01   1.3454773956180075e+00   4.2641154280221971e-01   1.7081327391616732e+00   9.9999999943782225e-01
 -1.3250000000000000e+01   7.4323037355788379e-01   1.3454778431792906e+00   4.2641195337038806e-01   1.7081334209836516e+00   9.9999999939123507e-01
 -1.3199999999999999e+01   7.4323011628452662e-01   1.3454783089241442e+00   4.2641238061887665e-01   1.7081341305062892e+00   9.9999999934078709e-01
 -1.3149999999999999e+01   7.4322984856375363e-01   1.3454787935824146e+00   4.2641282521717017e-01   1.7081348688413853e+00   9.9999999928615835e-01
 -1.3099999999999998e+01   7.4322956996874701e-01   1.3454792979268173e+00   4.2641328787407651e-01   1.7081356371660421e+00   9.9999999922700245e-01
 -1.3049999999999999e+01   7.4322928005940936e-01   1.3454798227541116e+00   4.2641376932045572e-01   1.7081364366939842e+00   9.9999999916294413e-01
 -1.3000000000000000e+01   7.4322897837917656e-01   1.3454803688908714e+00   4.2641427031451462e-01   1.7081372686843497e+00   9.9999999909357706e-01
 -1.2949999999999999e+01   7.4322866444929248e-01   1.3454809372038503e+00   4.2641479165131346e-01   1.7081381344574780e+00   9.9999999901846148e-01
 -1.2899999999999999e+01   7.4322833776503106e-01   1.3454815286068200e+00   4.2641533416904043e-01   1.7081390354053307e+00   9.9999999893712044e-01
 -1.2849999999999998e+01   7.4322799781114701e-01   1.3454821440326019e+00   4.2641589872335217e-01   1.7081399729488798e+00   9.9999999884903867e-01
 -1.2799999999999999e+01   7.4322764405425668e-01   1.3454827844468586e+00   4.2641648620002814e-01   1.7081409485591204e+00   9.9999999875365719e-01
 -1.2750000000000000e+01   7.4322727592775906e-01   1.3454834508753941e+00   4.2641709754001056e-01   1.7081419637986550e+00   9.9999999865037104e-01
 -1.2699999999999999e+01   7.4322689285533361e-01   1.3454841443616146e+00   4.2641773370038316e-01   1.7081430202568932e+00   9.9999999853852539e-01
 -1.2649999999999999e+01   7.4322649421593434e-01   1.3454848660299017e+00   4.2641839571250384e-01   1.7081441196465890e+00   9.9999999841741027e-01
 -1.2599999999999998e+01   7.4322607938962471e-01   1.3454856170026368e+00   4.2641908460588840e-01   1.7081452636774381e+00   9.9999999828625774e-01
 -1.2549999999999999e+01   7.4322564772191912e-01   1.3454863984647554e+00   4.2641980146742720e-01   1.7081464541544165e+00   9.9999999814423568e-01
 -1.2500000000000000e+01   7.4322519851010360e-01   1.3454872116885119e+00   4.2642054746410296e-01   1.7081476930155080e+00   9.9999999799044337e-01
 -1.2449999999999999e+01   7.4322473106042897e-01   1.3454880579299420e+00   4.2642132374801012e-01   1.7081489821739724e+00   9.9999999782390547e-01
 -1.2399999999999999e+01   7.4322424462264447e-01   1.3454889385473798e+00   4.2642213156507447e-01   1.7081503236988915e+00   9.9999999764356506e-01
 -1.2349999999999998e+01   7.4322373843223943e-01   1.3454898549249865e+00   4.2642297218490333e-01   1.7081517196986762e+00   9.9999999744827850e-01
 -1.2299999999999999e+01   7.4322321167627914e-01   1.3454908085346013e+00   4.2642384695751989e-01   1.7081531724152819e+00   9.9999999723680699e-01
 -1.2250000000000000e+01   7.4322266352691135e-01   1.3454918008750831e+00   4.2642475725772111e-01   1.7081546841318054e+00   9.9999999700780895e-01
 -1.2199999999999999e+01   7.4322209311188359e-01   1.3454928335256866e+00   4.2642570453403872e-01   1.7081562572537927e+00   9.9999999675983187e-01
 -1.2149999999999999e+01   7.4322149953305927e-01   1.3454939081125423e+00   4.2642669027798941e-01   1.7081578942581741e+00   9.9999999649130256e-01
 -1.2099999999999998e+01   7.4322088183941815e-01   1.3454950263575371e+00   4.2642771606891228e-01   1.7081595977677257e+00   9.9999999620051738e-01
 -1.2049999999999999e+01   7.4322023906142198e-01   1.3454961900161022e+00   4.2642878351689961e-01   1.7081613704562932e+00   9.9999999588563171e-01
 -1.2000000000000000e+01   7.4321957017101847e-01   1.3454974009496212e+00   4.2642989432921596e-01   1.7081632151590966e+00   9.9999999554464802e-01
 -1.1949999999999999e+01   7.4321887411039811e-01   1.3454986610733723e+00   4.2643105026254391e-01   1.7081651347934210e+00   9.9999999517540239e-01
 -1.1899999999999999e+01   7.4321814977950296e-01   1.3454999723791443e+00   4.2643225314372657e-01   1.7081671323930663e+00   9.9999999477555290e-01
 -1.1849999999999998e+01   7.4321739602292425e-01   1.3455013369589581e+00   4.2643350489152687e-01   1.7081692111444826e+00   9.9999999434256226e-01
 -1.1799999999999999e+01   7.4321661164732222e-01   1.3455027569735334e+00   4.2643480748769935e-01   1.7081713743387281e+00   9.9999999387368310e-01
 -1.1750000000000000e+01   7.4321579541461213e-01   1.3455042346646273e+00   4.2643616298830556e-01   1.7081736253902617e+00   9.9999999336594103e-01
 -1.1699999999999999e+01   7.4321494602131455e-01   1.3455057723924206e+00   4.2643757355800660e-01   1.7081759678938901e+00   9.9999999281611418e-01
 -1.1649999999999999e+01   7.4321406212500707e-01   1.3455073725876328e+00   4.2643904142613520e-01   1.7081784055518199e+00   9.9999999222071390e-01
 -1.1599999999999998e+01   7.4321314232248159e-01   1.3455090377910703e+00   4.2644056892296978e-01   1.7081809422338954e+00   9.9999999157596209e-01
 -1.1549999999999999e+01   7.4321218515585197e-01   1.3455107706425715e+00   4.2644215846959144e-01   1.7081835819607560e+00   9.9999999087776781e-01
 -1.1500000000000000e+01   7.4321118910490036e-01   1.3455125738948681e+00   4.2644381259059405e-01   1.7081863289249419e+00   9.9999999012170049e-01
 -1.1449999999999999e+01   7.4321015259013101e-01   1.3455144504080592e+00   4.2644553390901319e-01   1.7081891874824731e+00   9.9999998930296219e-01
 -1.1399999999999999e+01   7.4320907396619906e-01   1.3455164031615143e+00   4.2644732515723893e-01   1.7081921621709730e+00   9.9999998841635707e-01
 -1.1349999999999998e+01   7.4320795152329699e-01   1.3455184352513665e+00   4.2644918917471264e-01   1.7081952577058428e+00   9.9999998745625918e-01
 -1.1299999999999999e+01   7.4320678347722635e-01   1.3455205499084932e+00   4.2645112892441572e-01   1.7081984790076428e+00   9.9999998641657495e-01
 -1.1250000000000000e+01   7.4320556798087112e-01   1.3455227504777498e+00   4.2645314747381469e-01   1.7082018311704519e+00   9.9999998529070588e-01
 -1.1199999999999999e+01   7.4320430309772967e-01   1.3455250404658949e+00   4.2645524803881774e-01   1.7082053195348603e+00   9.9999998407150659e-01
 -1.1149999999999999e+01   7.4320298682402919e-01   1.3455274235015602e+00   4.2645743394704816e-01   1.7082089496269837e+00   9.9999998275123825e-01
 -1.1099999999999998e+01   7.4320161707109533e-01   1.3455299033671761e+00   4.2645970866712424e-01   1.7082127272070831e+00   9.9999998132152157e-01
 -1.1049999999999999e+01   7.4320019166700324e-01   1.3455324839959917e+00   4.2646207580591566e-01   1.7082166582650125e+00   9.9999997977328114e-01
 -1.1000000000000000e+01   7.4319870834388457e-01   1.3455351694950621e+00   4.2646453912962445e-01   1.7082207490552239e+00   9.9999997809668861e-01
 -1.0949999999999999e+01   7.4319716475136777e-01   1.3455379641209262e+00   4.2646710254146347e-01   1.7082250060597017e+00   9.9999997628110215e-01
 -1.0899999999999999e+01   7.4319555843592222e-01   1.3455408723170124e+00   4.2646977011595943e-01   1.7082294360449275e+00   9.9999997431499466e-01
 -1.0849999999999998e+01   7.4319388685103394e-01   1.3455438986952275e+00   4.2647254608205531e-01   1.7082340460338186e+00   9.9999997218588477e-01
 -1.0799999999999999e+01   7.4319214733899586e-01   1.3455470480689364e+00   4.2647543485334949e-01   1.7082388433559452e+00   9.9999996988025475e-01
 -1.0750000000000000e+01   7.4319033714021621e-01   1.3455503254361232e+00   4.2647844101263832e-01   1.7082438356218614e+00   9.9999996738346586e-01
 -1.0699999999999999e+01   7.4318845337816875e-01   1.3455537360066514e+00   4.2648156933690884e-01   1.7082490307646108e+00   9.9999996467966434e-01
 -1.0649999999999999e+01   7.4318649306136231e-01   1.3455572851987145e+00   4.2648482479406802e-01   1.7082544370342911e+00   9.9999996175168160e-01
 -1.0600000000000000e+01   7.4318445307723580e-01   1.3455609786499052e+00   4.2648821255308089e-01   1.7082600630148961e+00   9.9999995858092472e-01
 -1.0549999999999999e+01   7.4318233018767044e-01   1.3455648222253578e+00   4.2649173799142392e-01   1.7082659176366874e+00   9.9999995514725737e-01
 -1.0500000000000000e+01   7.4318012101526520e-01   1.3455688220426170e+00   4.2649540671787611e-01   1.7082720102140474e+00   9.9999995142887221e-01
 -1.0449999999999999e+01   7.4317782205398975e-01   1.3455729844523709e+00   4.2649922455482892e-01   1.7082783504161005e+00   9.9999994740215248e-01
 -1.0399999999999999e+01   7.4317542964870120e-01   1.3455773160755593e+00   4.2650319757230171e-01   1.7082849483232003e+00   9.9999994304152140e-01
 -1.0350000000000000e+01   7.4317294000004397e-01   1.3455818237945274e+00   4.2650733207980496e-01   1.7082918144134194e+00   9.9999993831927925e-01
 -1.0299999999999999e+01   7.4317034914988334e-01   1.3455865147794250e+00   4.2651163465053021e-01   1.7082989596027200e+00   9.9999993320542768e-01
 -1.0250000000000000e+01   7.4316765298025544e-01   1.3455913964901378e+00   4.2651611212309426e-01   1.7083063952478490e+00   9.9999992766747714e-01
 -1.0199999999999999e+01   7.4316484720581300e-01   1.3455964766899944e+00   4.2652077161408353e-01   1.7083141331671738e+00   9.9999992167024221e-01
 -1.0149999999999999e+01   7.4316192736475539e-01   1.3456017634622239e+00   4.2652562053311716e-01   1.7083221856656934e+00   9.9999991517561537e-01
 -1.0100000000000000e+01   7.4315888881590575e-01   1.3456072652152837e+00   4.2653066658770045e-01   1.7083305655431018e+00   9.9999990814232576e-01
 -1.0049999999999999e+01   7.4315572672571917e-01   1.3456129907064227e+00   4.2653591780480071e-01   1.7083392861296147e+00   9.9999990052567578e-01
 -1.0000000000000000e+01   7.4315243606551329e-01   1.3456189490467392e+00   4.2654138253544560e-01   1.7083483612936097e+00   9.9999989227725583e-01
 -9.9499999999999993e+00   7.4314901160114988e-01   1.3456251497199094e+00   4.2654706947185894e-01   1.7083578054700812e+00   9.9999988334463608e-01
 -9.8999999999999986e+00   7.4314544788508485e-01   1.3456316025966339e+00   4.2655298766066330e-01   1.7083676336825668e+00   9.9999987367103238e-01
 -9.8499999999999996e+00   7.4314173924438653e-01   1.3456383179563867e+00   4.2655914652277804e-01   1.7083778615761900e+00   9.9999986319494372e-01
 -9.7999999999999989e+00   7.4313787977857737e-01   1.3456453064913827e+00   4.2656555585700295e-01   1.7083885054236125e+00   9.9999985184976004e-01
 -9.7500000000000000e+00   7.4313386334393816e-01   1.3456525793350622e+00   4.2657222586608401e-01   1.7083995821683220e+00   9.9999983956333816e-01
 -9.6999999999999993e+00   7.4312968354510134e-01   1.3456601480773833e+00   4.2657916717067446e-01   1.7084111094478152e+00   9.9999982625753991e-01
 -9.6499999999999986e+00   7.4312533372792255e-01   1.3456680247778041e+00   4.2658639082117267e-01   1.7084231056132579e+00   9.9999981184773523e-01
 -9.5999999999999996e+00   7.4312080696370264e-01   1.3456762219939356e+00   4.2659390832392496e-01   1.7084355897729986e+00   9.9999979624225999e-01
 -9.5499999999999989e+00   7.4311609604080608e-01   1.3456847527968063e+00   4.2660173165514337e-01   1.7084485818156825e+00   9.9999977934183160e-01
 -9.5000000000000000e+00   7.4311119345434962e-01   1.3456936307896314e+00   4.2660987327803102e-01   1.7084621024386908e+00   9.9999976103891475e-01
 -9.4499999999999993e+00   7.4310609139012362e-01   1.3457028701370306e+00   4.2661834616948213e-01   1.7084761731924809e+00   9.9999974121703339e-01
 -9.3999999999999986e+00   7.4310078171557814e-01   1.3457124855814646e+00   4.2662716383505295e-01   1.7084908165054471e+00   9.9999971975002799e-01
 -9.3499999999999996e+00   7.4309525596466419e-01   1.3457224924708067e+00   4.2663634033413400e-01   1.7085060557257257e+00   9.9999969650124765e-01
 -9.2999999999999989e+00   7.4308950532493301e-01   1.3457329067818378e+00   4.2664589030137456e-01   1.7085219151567732e+00   9.9999967132267542e-01
 -9.2500000000000000e+00   7.4308352062236949e-01   1.3457437451478538e+00   4.2665582897187004e-01   1.7085384200991944e+00   9.9999964405398323e-01
 -9.1999999999999993e+00   7.4307729230737096e-01   1.3457550248842136e+00   4.2666617220444580e-01   1.7085555968894086e+00   9.9999961452150332e-01
 -9.1499999999999986e+00   7.4307081043883105e-01   1.3457667640173294e+00   4.2667693650809002e-01   1.7085734729435478e+00   9.9999958253711796e-01
 -9.0999999999999996e+00   7.4306406466817476e-01   1.3457789813137626e+00   4.2668813906846448e-01   1.7085920768014815e+00   9.9999954789705425e-01
 -9.0499999999999989e+00   7.4305704422117980e-01   1.3457916963133427e+00   4.2669979777809508e-01   1.7086114381769537e+00   9.9999951038057666e-01
 -9.0000000000000000e+00   7.4304973788257744e-01   1.3458049293572698e+00   4.2671193126194429e-01   1.7086315880000500e+00   9.9999946974857390e-01
 -8.9499999999999993e+00   7.4304213397584828e-01   1.3458187016249388e+00   4.2672455891096406e-01   1.7086525584729193e+00   9.9999942574202394e-01
 -8.8999999999999986e+00   7.4303422034508737e-01   1.3458330351670345e+00   4.2673770091221153e-01   1.7086743831197859e+00   9.9999937808033301e-01
 -8.8499999999999996e+00   7.4302598433478018e-01   1.3458479529424328e+00   4.2675137828243526e-01   1.7086970968427244e+00   9.9999932645953327e-01
 -8.7999999999999989e+00   7.4301741276856070e-01   1.3458634788569694e+00   4.2676561290335102e-01   1.7087207359802434e+00   9.9999927055033067e-01
 -8.7500000000000000e+00   7.4300849192826990e-01   1.3458796378016902e+00   4.2678042755641887e-01   1.7087453383650377e+00   9.9999920999598879e-01
 -8.6999999999999993e+00   7.4299920753101079e-01   1.3458964556947561e+00   4.2679584596094733e-01   1.7087709433872669e+00   9.9999914441003490e-01
 -8.6499999999999986e+00   7.4298954470556255e-01   1.3459139595245415e+00   4.2681189281326226e-01   1.7087975920596037e+00   9.9999907337377392e-01
 -8.5999999999999996e+00   7.4297948796785440e-01   1.3459321773944664e+00   4.2682859382743632e-01   1.7088253270848708e+00   9.9999899643359302e-01
 -8.5499999999999989e+00   7.4296902119531849e-01   1.3459511385698959e+00   4.2684597577788086e-01   1.7088541929267742e+00   9.9999891309803945e-01
 -8.5000000000000000e+00   7.4295812760027125e-01   1.3459708735268365e+00   4.2686406654355169e-01   1.7088842358833127e+00   9.9999882283465324e-01
 -8.4499999999999993e+00   7.4294678970163996e-01   1.3459914140036733e+00   4.2688289515490063e-01   1.7089155041647515e+00   9.9999872506653342e-01
 -8.3999999999999986e+00   7.4293498929657453e-01   1.3460127930531576e+00   4.2690249184102047e-01   1.7089480479719135e+00   9.9999861916861432e-01
 -8.3499999999999996e+00   7.4292270742880295e-01   1.3460350451003460e+00   4.2692288808219625e-01   1.7089819195834499e+00   9.9999850446362837e-01
 -8.2999999999999989e+00   7.4290992435904946e-01   1.3460582059968531e+00   4.2694411665903065e-01   1.7090171734374224e+00   9.9999838021772902e-01
 -8.2500000000000000e+00   7.4289661952963404e-01   1.3460823130857040e+00   4.2696621171123317e-01   1.7090538662289343e+00   9.9999824563574458e-01
 -8.1999999999999993e+00   7.4288277153151394e-01   1.3461074052618258e+00   4.2698920879235414e-01   1.7090920570010222e+00   9.9999809985602994e-01
 -8.1499999999999986e+00   7.4286835806794416e-01   1.3461335230387321e+00   4.2701314493013176e-01   1.7091318072448782e+00   9.9999794194488434e-01
 -8.0999999999999996e+00   7.4285335591633761e-01   1.3461607086185432e+00   4.2703805868983125e-01   1.7091731810050321e+00   9.9999777089049691e-01
 -8.0499999999999989e+00   7.4283774088996657e-01   1.3461890059623745e+00   4.2706399023784591e-01   1.7092162449849742e+00   9.9999758559638063e-01
 -8.0000000000000000e+00   7.4282148779623480e-01   1.3462184608670240e+00   4.2709098141099400e-01   1.7092610686622343e+00   9.9999738487424739e-01
 -7.9499999999999993e+00   7.4280457039401548e-01   1.3462491210434488e+00   4.2711907578736641e-01   1.7093077244060377e+00   9.9999716743628264e-01
 -7.8999999999999986e+00   7.4278696134904909e-01   1.3462810361988595e+00   4.2714831876039705e-01   1.7093562876003108e+00   9.9999693188676153e-01
 -7.8499999999999996e+00   7.4276863218754208e-01   1.3463142581221839e+00   4.2717875761591961e-01   1.7094068367716497e+00   9.9999667671295667e-01
 -7.7999999999999989e+00   7.4274955324654757e-01   1.3463488407754867e+00   4.2721044161457011e-01   1.7094594537261640e+00   9.9999640027526682e-01
 -7.7500000000000000e+00   7.4272969362402141e-01   1.3463848403861067e+00   4.2724342207472787e-01   1.7095142236872136e+00   9.9999610079651313e-01
 -7.6999999999999993e+00   7.4270902112492831e-01   1.3464223155460955e+00   4.2727775246201505e-01   1.7095712354440398e+00   9.9999577635031722e-01
 -7.6499999999999986e+00   7.4268750220553625e-01   1.3464613273150965e+00   4.2731348848180639e-01   1.7096305815053952e+00   9.9999542484849113e-01
 -7.5999999999999996e+00   7.4266510191558721e-01   1.3465019393272393e+00   4.2735068817526556e-01   1.7096923582590260e+00   9.9999504402735040e-01
 -7.5499999999999989e+00   7.4264178383699098e-01   1.3465442179045219e+00   4.2738941202115344e-01   1.7097566661407484e+00   9.9999463143285616e-01
 -7.5000000000000000e+00   7.4261751002061849e-01   1.3465882321738352e+00   4.2742972304079618e-01   1.7098236098087605e+00   9.9999418440448773e-01
 -7.4499999999999993e+00   7.4259224091929443e-01   1.3466340541910953e+00   4.2747168690936110e-01   1.7098932983284416e+00   9.9999370005773025e-01
 -7.4000000000000004e+00   7.4256593531832404e-01   1.3466817590700801e+00   4.2751537207123103e-01   1.7099658453639468e+00   9.9999317526506148e-01
 -7.3499999999999996e+00   7.4253855026288973e-01   1.3467314251171985e+00   4.2756084986057363e-01   1.7100413693784389e+00   9.9999260663530531e-01
 -7.2999999999999989e+00   7.4251004098130191e-01   1.3467831339740526e+00   4.2760819462879818e-01   1.7101199938457494e+00   9.9999199049120757e-01
 -7.2500000000000000e+00   7.4248036080531532e-01   1.3468369707656260e+00   4.2765748387688496e-01   1.7102018474701364e+00   9.9999132284508041e-01
 -7.1999999999999993e+00   7.4244946108675325e-01   1.3468930242554957e+00   4.2770879839384390e-01   1.7102870644162214e+00   9.9999059937234391e-01
 -7.1500000000000004e+00   7.4241729110950661e-01   1.3469513870097887e+00   4.2776222240285811e-01   1.7103757845516840e+00   9.9998981538278131e-01
 -7.0999999999999996e+00   7.4238379799812793e-01   1.3470121555677077e+00   4.2781784371307841e-01   1.7104681536993462e+00   9.9998896578930407e-01
 -7.0499999999999989e+00   7.4234892662162577e-01   1.3470754306211836e+00   4.2787575387938981e-01   1.7105643239024930e+00   9.9998804507401073e-01
 -7.0000000000000000e+00   7.4231261949276361e-01   1.3471413172031470e+00   4.2793604836964505e-01   1.7106644537025923e+00   9.9998704725129395e-01
 -6.9499999999999993e+00   7.4227481666238482e-01   1.3472099248853253e+00   4.2799882674015621e-01   1.7107687084307313e+00   9.9998596582773758e-01
 -6.9000000000000004e+00   7.4223545560863413e-01   1.3472813679858484e+00   4.2806419281966135e-01   1.7108772605131257e+00   9.9998479375851779e-01
 -6.8499999999999996e+00   7.4219447112099612e-01   1.3473557657868556e+00   4.2813225490190132e-01   1.7109902897909284e+00   9.9998352339999119e-01
 -6.7999999999999989e+00   7.4215179517824337e-01   1.3474332427638054e+00   4.2820312594830678e-01   1.7111079838568268e+00   9.9998214645813521e-01
 -6.7500000000000000e+00   7.4210735682062356e-01   1.3475139288259506e+00   4.2827692380025595e-01   1.7112305384075355e+00   9.9998065393246172e-01
 -6.6999999999999993e+00   7.4206108201564469e-01   1.3475979595692060e+00   4.2835377140196140e-01   1.7113581576139389e+00   9.9997903605500016e-01
 -6.6500000000000004e+00   7.4201289351686406e-01   1.3476854765425617e+00   4.2843379703497630e-01   1.7114910545105322e+00   9.9997728222390325e-01
 -6.5999999999999996e+00   7.4196271071594821e-01   1.3477766275276311e+00   4.2851713456387586e-01   1.7116294514034180e+00   9.9997538093118721e-01
 -6.5499999999999989e+00   7.4191044948702689e-01   1.3478715668331964e+00   4.2860392369473477e-01   1.7117735802995560e+00   9.9997331968407088e-01
 -6.5000000000000000e+00   7.4185602202305700e-01   1.3479704556053598e+00   4.2869431024687477e-01   1.7119236833580467e+00   9.9997108491933484e-01
 -6.4499999999999993e+00   7.4179933666366848e-01   1.3480734621543611e+00   4.2878844643875746e-01   1.7120800133649081e+00   9.9996866191005307e-01
 -6.4000000000000004e+00   7.4174029771423156e-01   1.3481807622986497e+00   4.2888649118845446e-01   1.7122428342320619e+00   9.9996603466400535e-01
 -6.3499999999999996e+00   7.4167880525558949e-01   1.3482925397273426e+00   4.2898861042962189e-01   1.7124124215220631e+00   9.9996318581299315e-01
 -6.2999999999999989e+00   7.4161475494331375e-01   1.3484089863832822e+00   4.2909497744487179e-01   1.7125890630017246e+00   9.9996009649222228e-01
 -6.2500000000000000e+00   7.4154803779669842e-01   1.3485303028664453e+00   4.2920577321618536e-01   1.7127730592240411e+00   9.9995674620882624e-01
 -6.1999999999999993e+00   7.4147853997631219e-01   1.3486566988600193e+00   4.2932118679432740e-01   1.7129647241416674e+00   9.9995311269851672e-01
 -6.1500000000000004e+00   7.4140614254954207e-01   1.3487883935803489e+00   4.2944141568820315e-01   1.7131643857535162e+00   9.9994917176924647e-01
 -6.0999999999999996e+00   7.4133072124339838e-01   1.3489256162522822e+00   4.2956666627536988e-01   1.7133723867864834e+00   9.9994489713066204e-01
 -6.0499999999999989e+00   7.4125214618371249e-01   1.3490686066117092e+00   4.2969715423514598e-01   1.7135890854147062e+00   9.9994026020800197e-01
 -6.0000000000000000e+00   7.4117028162013376e-01   1.3492176154366133e+00   4.2983310500530170e-01   1.7138148560179807e+00   9.9993522993896167e-01
 -5.9499999999999993e+00   7.4108498563523373e-01   1.3493729051099759e+00   4.2997475426514531e-01   1.7140500899840081e+00   9.9992977255189697e-01
 -5.9000000000000004e+00   7.4099610983796704e-01   1.3495347502143691e+00   4.3012234844458530e-01   1.7142951965537891e+00   9.9992385132357819e-01
 -5.8499999999999996e+00   7.4090349903910602e-01   1.3497034381628943e+00   4.3027614526312941e-01   1.7145506037167242e+00   9.9991742631451941e-01
 -5.7999999999999989e+00   7.4080699090837177e-01   1.3498792698673210e+00   4.3043641429927959e-01   1.7148167591561991e+00   9.9991045407971080e-01
 -5.7500000000000000e+00   7.4070641561167849e-01   1.3500625604466998e+00   4.3060343759295350e-01   1.7150941312500123e+00   9.9990288735235622e-01
 -5.6999999999999993e+00   7.4060159542725656e-01   1.3502536399791243e+00   4.3077751028298050e-01   1.7153832101290503e+00   9.9989467469797233e-01
 -5.6500000000000004e+00   7.4049234433896183e-01   1.3504528543002032e+00   4.3095894128248413e-01   1.7156845087988826e+00   9.9988576013592545e-01
 -5.5999999999999996e+00   7.4037846760564741e-01   1.3506605658508108e+00   4.3114805399401823e-01   1.7159985643273723e+00   9.9987608272518580e-01
 -5.5499999999999989e+00   7.4025976130442750e-01   1.3508771545786558e+00   4.3134518706805780e-01   1.7163259391042875e+00   9.9986557611072446e-01
 -5.5000000000000000e+00   7.4013601184648492e-01   1.3511030188967683e+00   4.3155069520708889e-01   1.7166672221766355e+00   9.9985416802661642e-01
 -5.4499999999999993e+00   7.4000699546302529e-01   1.3513385767039892e+00   4.3176495001927240e-01   1.7170230306663239e+00   9.9984177975147248e-01
 -5.4000000000000004e+00   7.3987247765950370e-01   1.3515842664716735e+00   4.3198834092479954e-01   1.7173940112753265e+00   9.9982832551136913e-01
 -5.3499999999999996e+00   7.3973221263575595e-01   1.3518405484018037e+00   4.3222127611886663e-01   1.7177808418848781e+00   9.9981371182490608e-01
 -5.2999999999999989e+00   7.3958594266960553e-01   1.3521079056619238e+00   4.3246418359530714e-01   1.7181842332553936e+00   9.9979783678444512e-01
 -5.2500000000000000e+00   7.3943339746102010e-01   1.3523868457033223e+00   4.3271751223573673e-01   1.7186049308351934e+00   9.9978058926691882e-01
 -5.1999999999999993e+00   7.3927429343415874e-01   1.3526779016685260e+00   4.3298173296862918e-01   1.7190437166853529e+00   9.9976184806687052e-01
 -5.1500000000000004e+00   7.3910833299388368e-01   1.3529816338957110e+00   4.3325734000401117e-01   1.7195014115301381e+00   9.9974148094355919e-01
 -5.0999999999999996e+00   7.3893520373362431e-01   1.3532986315272182e+00   4.3354485214894711e-01   1.7199788769415987e+00   9.9971934357304959e-01
 -5.0499999999999989e+00   7.3875457759021601e-01   1.3536295142318504e+00   4.3384481421107934e-01   1.7204770176704036e+00   9.9969527839516104e-01
 -5.0000000000000000e+00   7.3856610994247684e-01   1.3539749340487406e+00   4.3415779849560376e-01   1.7209967841318328e+00   9.9966911334400099e-01
 -4.9499999999999993e+00   7.3836943864817239e-01   1.3543355773646701e+00   4.3448440640456210e-01   1.7215391750616900e+00   9.9964066044949806e-01
 -4.9000000000000004e+00   7.3816418301536635e-01   1.3547121670345024e+00   4.3482527014509809e-01   1.7221052403531698e+00   9.9960971429588108e-01
 -4.8499999999999996e+00   7.3794994270224967e-01   1.3551054646581673e+00   4.3518105455648892e-01   1.7226960840909675e+00   9.9957605032139707e-01
 -4.7999999999999989e+00   7.3772629654004440e-01   1.3555162730270374e+00   4.3555245906492379e-01   1.7233128677975400e+00   9.9953942294170506e-01
 -4.7500000000000000e+00   7.3749280127264183e-01   1.3559454387546117e+00   4.3594021977656050e-01   1.7239568139090036e+00   9.9949956347726987e-01
 -4.6999999999999993e+00   7.3724899020614232e-01   1.3563938551077430e+00   4.3634511172020640e-01   1.7246292094995033e+00   9.9945617786271423e-01
 -4.6500000000000004e+00   7.3699437176089799e-01   1.3568624650561492e+00   4.3676795125191092e-01   1.7253314102744732e+00   9.9940894411340042e-01
 -4.5999999999999996e+00   7.3672842791778947e-01   1.3573522645600811e+00   4.3720959863520181e-01   1.7260648448555780e+00   9.9935750952147784e-01
 -4.5499999999999989e+00   7.3645061255002919e-01   1.3578643061174278e+00   4.3767096081142354e-01   1.7268310193813576e+00   9.9930148755019099e-01
 -4.5000000000000000e+00   7.3616034963064036e-01   1.3583997025943302e+00   4.3815299437654032e-01   1.7276315224507415e+00   9.9924045439134357e-01
 -4.4499999999999993e+00   7.3585703130518454e-01   1.3589596313652217e+00   4.3865670878171659e-01   1.7284680304381865e+00   9.9917394514639502e-01
 -4.4000000000000004e+00   7.3554001581780959e-01   1.3595453387918681e+00   4.3918316977748662e-01   1.7293423132133348e+00   9.9910144958662761e-01
 -4.3499999999999996e+00   7.3520862527840725e-01   1.3601581450725257e+00   4.3973350312178860e-01   1.7302562402988717e+00   9.9902240744212178e-01
 -4.2999999999999989e+00   7.3486214325654720e-01   1.3607994494974152e+00   4.4030889857566780e-01   1.7312117875061048e+00   9.9893620316275999e-01
 -4.2500000000000000e+00   7.3449981218731908e-01   1.3614707361490388e+00   4.4091061421134170e-01   1.7322110440892780e+00   9.9884216008707993e-01
 -4.1999999999999993e+00   7.3412083057240185e-01   1.3621735800907451e+00   4.4153998106032422e-01   1.7332562204646145e+00   9.9873953394634962e-01
 -4.1500000000000004e+00   7.3372434995822156e-01   1.3629096540914041e+00   4.4219840813173739e-01   1.7343496565441208e+00   9.9862750562159863e-01
 -4.0999999999999996e+00   7.3330947167137150e-01   1.3636807359391976e+00   4.4288738783372938e-01   1.7354938307388252e+00   9.9850517306034015e-01
 -4.0499999999999989e+00   7.3287524328966613e-01   1.3644887164032007e+00   4.4360850183392264e-01   1.7366913696910991e+00   9.9837154224713476e-01
 -4.0000000000000000e+00   7.3242065482522367e-01   1.3653356079077650e+00   4.4436342739808898e-01   1.7379450588011616e+00   9.9822551710777807e-01
 -3.9499999999999993e+00   7.3194463459370396e-01   1.3662235539920191e+00   4.4515394425001853e-01   1.7392578536191245e+00   9.9806588821042774e-01
 -3.9000000000000004e+00   7.3144604474172048e-01   1.3671548396342865e+00   4.4598194199905472e-01   1.7406328921797400e+00   9.9789132010815729e-01
 -3.8499999999999996e+00   7.3092367640187161e-01   1.3681319025301166e+00   4.4684942818603179e-01   1.7420735083641241e+00   9.9770033714584083e-01
 -3.7999999999999989e+00   7.3037624444223159e-01   1.3691573454222525e+00   4.4775853700268575e-01   1.7435832463798979e+00   9.9749130752955695e-01
 -3.7500000000000000e+00   7.2980238177436663e-01   1.3702339495915354e+00   4.4871153874421288e-01   1.7451658764588553e+00   9.9726242542837906e-01
 -3.6999999999999993e+00   7.2920063318127293e-01   1.3713646896291281e+00   4.4971085005908451e-01   1.7468254118786168e+00   9.9701169084596630e-01
 -3.6500000000000004e+00   7.2856944862345852e-01   1.3725527496237673e+00   4.5075904506549658e-01   1.7485661274234827e+00   9.9673688696219276e-01
 -3.5999999999999996e+00   7.2790717597860521e-01   1.3738015409115738e+00   4.5185886740846093e-01   1.7503925794073956e+00   9.9643555460249522e-01
 -3.5499999999999989e+00   7.2721205316744464e-01   1.3751147215511628e+00   4.5301324333619974e-01   1.7523096273896339e+00   9.9610496344393007e-01
 -3.5000000000000000e+00   7.2648219961575178e-01   1.3764962177034981e+00   4.5422529587903360e-01   1.7543224577213938e+00   9.9574207951130178e-01
 -3.4499999999999993e+00   7.2571560700009530e-01   1.3779502471136309e+00   4.5549836021772050e-01   1.7564366090676709e+00   9.9534352845324814e-01
 -3.4000000000000004e+00   7.2491012922341014e-01   1.3794813449100114e+00   4.5683600033081295e-01   1.7586580000531771e+00   9.9490555401594460e-01
 -3.3499999999999996e+00   7.2406347156551321e-01   1.3810943919569350e+00   4.5824202701217054e-01   1.7609929591836477e+00   9.9442397105009050e-01
 -3.2999999999999989e+00   7.2317317895447242e-01   1.3827946460151495e+00   4.5972051734845154e-01   1.7634482571917045e+00   9.9389411229415237e-01
 -3.2500000000000000e+00   7.2223662330686755e-01   1.3845877759858696e+00   4.6127583574287723e-01   1.7660311419505819e+00   9.9331076807252039e-01
 -3.1999999999999993e+00   7.2125098989010261e-01   1.3864798995317436e+00   4.6291265656305569e-01   1.7687493760848940e+00   9.9266811793062582e-01
 -3.1500000000000004e+00   7.2021326266824792e-01   1.3884776243847516e+00   4.6463598847683407e-01   1.7716112773846784e+00   9.9195965309973300e-01
 -3.0999999999999996e+00   7.1912020860605597e-01   1.3905880936629524e+00   4.6645120051829325e-01   1.7746257620926451e+00   9.9117808854229650e-01
 -3.0500000000000007e+00   7.1796836092498073e-01   1.3928190355236116e+00   4.6836404989412550e-01   1.7778023910816496e+00   9.9031526317538476e-01
 -3.0000000000000000e+00   7.1675400133261935e-01   1.3951788174753927e+00   4.7038071149482930e-01   1.7811514188633177e+00   9.8936202670720319e-01
 -2.9499999999999993e+00   7.1547314128513784e-01   1.3976765056530187e+00   4.7250780901180844e-01   1.7846838452635594e+00   9.8830811135435725e-01
 -2.9000000000000004e+00   7.1412150239451477e-01   1.4003219293172218e+00   4.7475244747465206e-01   1.7884114694565527e+00   9.8714198654240504e-01
 -2.8499999999999996e+00   7.1269449616242542e-01   1.4031257507734376e+00   4.7712224690665028e-01   1.7923469458557530e+00   9.8585069454043917e-01
 -2.8000000000000007e+00   7.1118720331592544e-01   1.4060995407924648e+00   4.7962537664159255e-01   1.7965038411030840e+00   9.8441966485873089e-01
 -2.7500000000000000e+00   7.0959435314234653e-01   1.4092558594521358e+00   4.8227058964187419e-01   1.8008966910603010e+00   9.8283250517121923e-01
 -2.6999999999999993e+00   7.0791030338003313e-01   1.4126083420813866e+00   4.8506725589353006e-01   1.8055410562674237e+00   9.8107076654687952e-01
 -2.6500000000000004e+00   7.0612902142634226e-01   1.4161717896540413e+00   4.8802539361371711e-01   1.8104535737683514e+00   9.7911368093478079e-01
 -2.5999999999999996e+00   7.0424406788538052e-01   1.4199622625188451e+00   4.9115569657264246e-01   1.8156520024838187e+00   9.7693786921470838e-01
 -2.5500000000000007e+00   7.0224858380662103e-01   1.4239971757285468e+00   4.9446955528612691e-01   1.8211552584054411e+00   9.7451701879020036e-01
 -2.5000000000000000e+00   7.0013528337450082e-01   1.4282953933991385e+00   4.9797906915583701e-01   1.8269834347567468e+00   9.7182153078551248e-01
 -2.4499999999999993e+00   6.9789645431000402e-01   1.4328773184392800e+00   5.0169704580238439e-01   1.8331578008856670e+00   9.6881813857074173e-01
 -2.4000000000000004e+00   6.9552396884773882e-01   1.4377649725812911e+00   5.0563698283592373e-01   1.8397007719913503e+00   9.6546950178039526e-01
 -2.3499999999999996e+00   6.9300930886000001e-01   1.4429820598586180e+00   5.0981302613314661e-01   1.8466358398356368e+00   9.6173378345548299e-01
 -2.3000000000000007e+00   6.9034360950577178e-01   1.4485540044557177e+00   5.1423989735029552e-01   1.8539874523654354e+00   9.5756422271417452e-01
 -2.2500000000000000e+00   6.8751772666247368e-01   1.4545079511687045e+00   5.1893278194067061e-01   1.8617808277457388e+00   9.5290872175377650e-01
 -2.1999999999999993e+00   6.8452233429768494e-01   1.4608727135630906e+00   5.2390716745144394e-01   1.8700416858225188e+00   9.4770947431023000e-01
 -2.1500000000000004e+00   6.8134805876093996e-01   1.4676786513761293e+00   5.2917862050807862e-01   1.8787958777654148e+00   9.4190267317713094e-01
 -2.1000000000000014e+00   6.7798565756724627e-01   1.4749574549824671e+00   5.3476248991227804e-01   1.8880688930086977e+00   9.3541834705247895e-01
 -2.0500000000000007e+00   6.7442625037383874e-01   1.4827418111998067e+00   5.4067352306371541e-01   1.8978852222508549e+00   9.2818039151559140e-01
 -2.0000000000000000e+00   6.7066160920083895e-01   1.4910649219829371e+00   5.4692538399664903e-01   1.9082675570680658e+00   9.2010687441601235e-01
 -1.9499999999999993e+00   6.6668451310632981e-01   1.4999598465856512e+00   5.5353006437843733e-01   1.9192358117717443e+00   9.1111071055731530e-01
 -1.8999999999999986e+00   6.6248916902393251e-01   1.5094586398647596e+00   5.6049718463336839e-01   1.9308059627994836e+00   9.0110081124038433e-01
 -1.8500000000000014e+00   6.5807169483660932e-01   1.5195912661891453e+00   5.6783319171208868e-01   1.9429887164675128e+00   8.8998381650256053e-01
 -1.8000000000000007e+00   6.5343065265768407e-01   1.5303842816873099e+00   5.7554047348295656e-01   1.9557880382589188e+00   8.7766650584727457e-01
 -1.7500000000000000e+00   6.4856760971715022e-01   1.5418592988880753e+00   5.8361642727986962e-01   1.9691996059804886e+00   8.6405895015528722e-01
 -1.6999999999999993e+00   6.4348769180071219e-01   1.5540312778969196e+00   5.9205254081761272e-01   1.9832092834580322e+00   8.4907840710718463e-01
 -1.6499999999999986e+00   6.3820008130738626e-01   1.5669067261029608e+00   6.0083356507800811e-01   1.9977917469656934e+00   8.3265387158886561e-01
 -1.6000000000000014e+00   6.3271840112285027e-01   1.5804819303901316e+00   6.0993687681946374e-01   2.0129094265588785e+00   8.1473107415794366e-01
 -1.5500000000000007e+00   6.2706091995022617e-01   1.5947413850625174e+00   6.1933213758843442e-01   2.0285119398017137e+00   7.9527758713569696e-01
 -1.5000000000000000e+00   6.2125051806817444e-01   1.6096566053732650e+00   6.2898135058423699e-01   2.0445361862012570e+00   7.7428757281009031e-01
 -1.4499999999999993e+00   6.1531436746724988e-01   1.6251855195843854e+00   6.3883939184992267e-01   2.0609072293450783e+00   7.5178562434340701e-01
 -1.3999999999999986e+00   6.0928330756349036e-01   1.6412726027223306e+00   6.4885504701167385e-01   2.0775400185927166e+00   7.2782914216565808e-01
 -1.3500000000000014e+00   6.0319093453559391e-01   1.6578498494343512e+00   6.5897252359752700e-01   2.0943419005517789e+00   7.0250878226174285e-01
 -1.3000000000000007e+00   5.9707246260070568e-01   1.6748385876719851e+00   6.6913334209287867e-01   2.1112157595143053e+00   6.7594671092364000e-01
 -1.2500000000000000e+00   5.9096345070144629e-01   1.6921520253292250e+00   6.7927845050473123e-01   2.1280635290694305e+00   6.4829267629523191e-01
 -1.1999999999999993e+00   5.8489850967033385e-01   1.7096983211046812e+00   6.8935037134672328e-01   2.1447897575565600e+00   6.1971820618754414e-01
 -1.1499999999999986e+00   5.7891010745102633e-01   1.7273839014541585e+00   6.9929518578324756e-01   2.1613049030920477e+00   5.9040949743844917e-01
 -1.1000000000000014e+00   5.7302757282417049e-01   1.7451167228681386e+00   7.0906418812111560e-01   2.1775280811489326e+00   5.6055971687247186e-01
 -1.0500000000000007e+00   5.6727636588834551e-01   1.7628092057634313e+00   7.1861509730661188e-01   2.1933890764647810e+00   5.3036145823052772e-01
 -1.0000000000000000e+00   5.6167764428362132e-01   1.7803806332285608e+00   7.2791277728896608e-01   2.2088295393342561e+00   5.0000000000006017e-01
 -9.4999999999999929e-01   5.5624811646054417e-01   1.7977588964491029e+00   7.3692948069348319e-01   2.2238033902719887e+00   4.6964782278979134e-01
 -8.9999999999999858e-01   5.5100014390549301e-01   1.8148815586725491e+00   7.4564467905802967e-01   2.2382765380898615e+00   4.3946062314072876e-01
 -8.5000000000000142e-01   5.4594203651034789e-01   1.8316962848143785e+00   7.5404457231879762e-01   2.2522260653102633e+00   4.0957485187449377e-01
 -8.0000000000000071e-01   5.4107847924595820e-01   1.8481607351924076e+00   7.6212138024259102e-01   2.2656390514624967e+00   3.8010664256243620e-01
 -7.5000000000000000e-01   5.3641103162534109e-01   1.8642420476886368e+00   7.6987251297872861e-01   2.2785111956356499e+00   3.5115189360929211e-01
 -6.9999999999999929e-01   5.3193865074182090e-01   1.8799160365682002e+00   7.7729970246053492e-01   2.2908453740152059e+00   3.2278722357815637e-01
 -6.4999999999999858e-01   5.2765820063618374e-01   1.8951662246399772e+00   7.8440815650994988e-01   2.3026502351222415e+00   2.9507152143195242e-01
 -6.0000000000000142e-01   5.2356492282493561e-01   1.9099828051971504e+00   7.9120577744108234e-01   2.3139389021646775e+00   2.6804784536418896e-01
 -5.5000000000000071e-01   5.1965285340407263e-01   1.9243616068868541e+00   7.9770246938469425e-01   2.3247278227255199e+00   2.4174547090862120e-01
 -5.0000000000000000e-01   5.1591518048612894e-01   1.9383031122630172e+00   8.0390954469996423e-01   2.3350357830032831e+00   2.1618193960481794e-01
 -4.4999999999999929e-01   5.1234454171468868e-01   1.9518115615192284e+00   8.0983922989835400e-01   2.3448830873100750e+00   1.9136500628553313e-01
 -3.9999999999999858e-01   5.0893326548381157e-01   1.9648941576836434e+00   8.1550426505554852e-01   2.3542908928233794e+00   1.6729442223892077e-01
 -3.5000000000000142e-01   5.0567356168958233e-01   1.9775603783965865e+00   8.2091758703434381e-01   2.3632806835209226e+00   1.4396352187951497e-01
 -3.0000000000000071e-01   5.0255766880515684e-01   1.9898213917967353e+00   8.2609208524019095e-01   2.3718738645690101e+00   1.2136060254531336e-01
 -2.5000000000000000e-01   4.9957796419902367e-01   2.0016895693213890e+00   8.3104041841796428e-01   2.3800914580807468e+00   9.9470101854198259e-02
 -1.9999999999999929e-01   4.9672704422880964e-01   2.0131780856678412e+00   8.3577488164185210e-01   2.3879538822289290e+00   7.8273586208518708e-02
 -1.4999999999999858e-01   4.9399777997621552e-01   2.0243005951325266e+00   8.4030731375751344e-01   2.3954807975371679e+00   5.7750568994106931e-02
 -1.0000000000000142e-01   4.9138335370515590e-01   2.0350709735275823e+00   8.4464903683680737e-01   2.4026910063336211e+00   3.7879179037636372e-02
 -5.0000000000000711e-02   4.8887728032903227e-01   2.0455031154791312e+00   8.4881082052754031e-01   2.4096023935473676e+00   1.8636699965532379e-02
  0.0000000000000000e+00   4.8647341742532607e-01   2.0556107778561210e+00   8.5280286542244166e-01   2.4162318990896083e+00   0.0000000000000000e+00
