# First column is time, second column is the perturbation of detonation velocity.
  0.0000000000000000e+00   1.0000000000000000e-10
  5.0000000000000001e-03   1.0008852347450859e-10
  1.0000000000000000e-02   1.0017513231202643e-10
  1.4999999999999999e-02   1.0027049932189292e-10
  2.0000000000000000e-02   1.0035677232528305e-10
  2.5000000000000001e-02   1.0045019625925752e-10
  2.9999999999999999e-02   1.0054302469472722e-10
  3.5000000000000003e-02   1.0063441877203488e-10
  4.0000000000000001e-02   1.0073005846139018e-10
  4.4999999999999998e-02   1.0082370082685465e-10
  5.0000000000000003e-02   1.0091925349463118e-10
  5.5000000000000000e-02   1.0101613468834436e-10
  5.9999999999999998e-02   1.0111262207569666e-10
  6.5000000000000002e-02   1.0121104060112076e-10
  7.0000000000000007e-02   1.0130968801566456e-10
  7.4999999999999997e-02   1.0140917867301116e-10
  8.0000000000000002e-02   1.0150993992254822e-10
  8.5000000000000006e-02   1.0161111902729329e-10
  8.9999999999999997e-02   1.0171342738578966e-10
  9.5000000000000001e-02   1.0181654090463712e-10
  1.0000000000000001e-01   1.0192043482004914e-10
  1.0500000000000000e-01   1.0202540393395639e-10
  1.1000000000000000e-01   1.0213115204535667e-10
  1.1500000000000000e-01   1.0223784153190300e-10
  1.2000000000000000e-01   1.0234546265543405e-10
  1.2500000000000000e-01   1.0245395305747794e-10
  1.3000000000000000e-01   1.0256343941214647e-10
  1.3500000000000001e-01   1.0267384599145123e-10
  1.4000000000000001e-01   1.0278519409620796e-10
  1.4499999999999999e-01   1.0289751323275690e-10
  1.4999999999999999e-01   1.0301077940906369e-10
  1.5500000000000000e-01   1.0312504017811153e-10
  1.6000000000000000e-01   1.0324028733741221e-10
  1.6500000000000001e-01   1.0335651984350682e-10
  1.7000000000000001e-01   1.0347375883171686e-10
  1.7500000000000002e-01   1.0359200367031995e-10
  1.7999999999999999e-01   1.0371127458525137e-10
  1.8500000000000000e-01   1.0383157954771250e-10
  1.9000000000000000e-01   1.0395292003310713e-10
  1.9500000000000001e-01   1.0407530931436510e-10
  2.0000000000000001e-01   1.0419875531993200e-10
  2.0500000000000002e-01   1.0432327074627177e-10
  2.0999999999999999e-01   1.0444886625262188e-10
  2.1500000000000000e-01   1.0457554758894684e-10
  2.2000000000000000e-01   1.0470332499203013e-10
  2.2500000000000001e-01   1.0483220868150503e-10
  2.3000000000000001e-01   1.0496220977863215e-10
  2.3500000000000001e-01   1.0509333911726568e-10
  2.3999999999999999e-01   1.0522560506187757e-10
  2.4500000000000000e-01   1.0535901734647416e-10
  2.5000000000000000e-01   1.0549358667593712e-10
  2.5500000000000000e-01   1.0562932405280711e-10
  2.6000000000000001e-01   1.0576624036915653e-10
  2.6500000000000001e-01   1.0590434539914777e-10
  2.7000000000000002e-01   1.0604364924331751e-10
  2.7500000000000002e-01   1.0618416280660756e-10
  2.8000000000000003e-01   1.0632589727569184e-10
  2.8500000000000003e-01   1.0646886376459851e-10
  2.8999999999999998e-01   1.0661307288487741e-10
  2.9499999999999998e-01   1.0675853529531495e-10
  2.9999999999999999e-01   1.0690526216539326e-10
  3.0499999999999999e-01   1.0705326494431691e-10
  3.1000000000000000e-01   1.0720255506658951e-10
  3.1500000000000000e-01   1.0735314374158323e-10
  3.2000000000000001e-01   1.0750504217813504e-10
  3.2500000000000001e-01   1.0765826189226368e-10
  3.3000000000000002e-01   1.0781281464125533e-10
  3.3500000000000002e-01   1.0796871221989190e-10
  3.4000000000000002e-01   1.0812596633370940e-10
  3.4500000000000003e-01   1.0828458869661303e-10
  3.5000000000000003e-01   1.0844459121467925e-10
  3.5499999999999998e-01   1.0860598598705192e-10
  3.5999999999999999e-01   1.0876878518201081e-10
  3.6499999999999999e-01   1.0893300095151388e-10
  3.7000000000000000e-01   1.0909864547296572e-10
  3.7500000000000000e-01   1.0926573105521159e-10
  3.8000000000000000e-01   1.0943427015876012e-10
  3.8500000000000001e-01   1.0960427532666897e-10
  3.9000000000000001e-01   1.0977575912610748e-10
  3.9500000000000002e-01   1.0994873416360185e-10
  4.0000000000000002e-01   1.1012321314510082e-10
  4.0500000000000003e-01   1.1029920889723337e-10
  4.1000000000000003e-01   1.1047673433106295e-10
  4.1500000000000004e-01   1.1065580240309336e-10
  4.1999999999999998e-01   1.1083642611801785e-10
  4.2499999999999999e-01   1.1101861856199290e-10
  4.2999999999999999e-01   1.1120239291943155e-10
  4.3500000000000000e-01   1.1138776245482004e-10
  4.4000000000000000e-01   1.1157474048739426e-10
  4.4500000000000001e-01   1.1176334038851191e-10
  4.5000000000000001e-01   1.1195357559931968e-10
  4.5500000000000002e-01   1.1214545964234828e-10
  4.6000000000000002e-01   1.1233900611258709e-10
  4.6500000000000002e-01   1.1253422866124859e-10
  4.7000000000000003e-01   1.1273114099126324e-10
  4.7500000000000003e-01   1.1292975686587549e-10
  4.7999999999999998e-01   1.1313009011580001e-10
  4.8499999999999999e-01   1.1333215463465957e-10
  4.8999999999999999e-01   1.1353596436845485e-10
  4.9500000000000000e-01   1.1374153331070920e-10
  5.0000000000000000e-01   1.1394887550580935e-10
  5.0500000000000000e-01   1.1415800505274475e-10
  5.1000000000000001e-01   1.1436893610232511e-10
  5.1500000000000001e-01   1.1458168285000645e-10
  5.2000000000000002e-01   1.1479625953121034e-10
  5.2500000000000002e-01   1.1501268042159800e-10
  5.3000000000000003e-01   1.1523095983829153e-10
  5.3500000000000003e-01   1.1545111213755267e-10
  5.4000000000000004e-01   1.1567315170942329e-10
  5.4500000000000004e-01   1.1589709297326929e-10
  5.5000000000000004e-01   1.1612295037621659e-10
  5.5500000000000005e-01   1.1635073839252528e-10
  5.6000000000000005e-01   1.1658047152108857e-10
  5.6500000000000006e-01   1.1681216428090706e-10
  5.7000000000000006e-01   1.1704583120672697e-10
  5.7500000000000007e-01   1.1728148684629389e-10
  5.7999999999999996e-01   1.1751914575834767e-10
  5.8499999999999996e-01   1.1775882250964114e-10
  5.8999999999999997e-01   1.1800053167064227e-10
  5.9499999999999997e-01   1.1824428781108758e-10
  5.9999999999999998e-01   1.1849010549638990e-10
  6.0499999999999998e-01   1.1873799928455306e-10
  6.0999999999999999e-01   1.1898798372258259e-10
  6.1499999999999999e-01   1.1924007334204358e-10
  6.2000000000000000e-01   1.1949428265436841e-10
  6.2500000000000000e-01   1.1975062614656998e-10
  6.3000000000000000e-01   1.2000911827726422e-10
  6.3500000000000001e-01   1.2026977347242074e-10
  6.4000000000000001e-01   1.2053260612055554e-10
  6.4500000000000002e-01   1.2079763056766213e-10
  6.5000000000000002e-01   1.2106486111229233e-10
  6.5500000000000003e-01   1.2133431200079744e-10
  6.6000000000000003e-01   1.2160599742240339e-10
  6.6500000000000004e-01   1.2187993150391079e-10
  6.7000000000000004e-01   1.2215612830415510e-10
  6.7500000000000004e-01   1.2243460180847485e-10
  6.8000000000000005e-01   1.2271536592323810e-10
  6.8500000000000005e-01   1.2299843447024510e-10
  6.9000000000000006e-01   1.2328382118086887e-10
  6.9500000000000006e-01   1.2357153968998279e-10
  7.0000000000000007e-01   1.2386160352982637e-10
  7.0499999999999996e-01   1.2415402612386041e-10
  7.0999999999999996e-01   1.2444882078051531e-10
  7.1499999999999997e-01   1.2474600068674385e-10
  7.1999999999999997e-01   1.2504557890139057e-10
  7.2499999999999998e-01   1.2534756834846850e-10
  7.2999999999999998e-01   1.2565198181038158e-10
  7.3499999999999999e-01   1.2595883192105111e-10
  7.3999999999999999e-01   1.2626813115888649e-10
  7.4500000000000000e-01   1.2657989183960180e-10
  7.5000000000000000e-01   1.2689412610893008e-10
  7.5500000000000000e-01   1.2721084593526283e-10
  7.6000000000000001e-01   1.2753006310220317e-10
  7.6500000000000001e-01   1.2785178920099100e-10
  7.7000000000000002e-01   1.2817603562280303e-10
  7.7500000000000002e-01   1.2850281355095343e-10
  7.8000000000000003e-01   1.2883213395302019e-10
  7.8500000000000003e-01   1.2916400757289256e-10
  7.9000000000000004e-01   1.2949844492272036e-10
  7.9500000000000004e-01   1.2983545627476397e-10
  8.0000000000000004e-01   1.3017505165316123e-10
  8.0500000000000005e-01   1.3051724082563067e-10
  8.1000000000000005e-01   1.3086203329511305e-10
  8.1500000000000006e-01   1.3120943829134323e-10
  8.2000000000000006e-01   1.3155946476235205e-10
  8.2500000000000007e-01   1.3191212136591145e-10
  8.3000000000000007e-01   1.3226741646093521e-10
  8.3499999999999996e-01   1.3262535809884538e-10
  8.3999999999999997e-01   1.3298595401489902e-10
  8.4499999999999997e-01   1.3334921161948135e-10
  8.4999999999999998e-01   1.3371513798937438e-10
  8.5499999999999998e-01   1.3408373985901206e-10
  8.5999999999999999e-01   1.3445502361173418e-10
  8.6499999999999999e-01   1.3482899527103915e-10
  8.7000000000000000e-01   1.3520566049184280e-10
  8.7500000000000000e-01   1.3558502455175402e-10
  8.8000000000000000e-01   1.3596709234237600e-10
  8.8500000000000001e-01   1.3635186836064740e-10
  8.9000000000000001e-01   1.3673935670022713e-10
  8.9500000000000002e-01   1.3712956104293191e-10
  9.0000000000000002e-01   1.3752248465023848e-10
  9.0500000000000003e-01   1.3791813035485787e-10
  9.1000000000000003e-01   1.3831650055239963e-10
  9.1500000000000004e-01   1.3871759719312932e-10
  9.2000000000000004e-01   1.3912142177383296e-10
  9.2500000000000004e-01   1.3952797532979834e-10
  9.3000000000000005e-01   1.3993725842692497e-10
  9.3500000000000005e-01   1.4034927115397568e-10
  9.4000000000000006e-01   1.4076401311498157e-10
  9.4500000000000006e-01   1.4118148342180931e-10
  9.5000000000000007e-01   1.4160168068690582e-10
  9.5500000000000007e-01   1.4202460301622953e-10
  9.5999999999999996e-01   1.4245024800238453e-10
  9.6499999999999997e-01   1.4287861271796716e-10
  9.6999999999999997e-01   1.4330969370913751e-10
  9.7499999999999998e-01   1.4374348698942958e-10
  9.7999999999999998e-01   1.4417998803381153e-10
  9.8499999999999999e-01   1.4461919177300855e-10
  9.8999999999999999e-01   1.4506109258810241e-10
  9.9500000000000000e-01   1.4550568430541895e-10
  1.0000000000000000e+00   1.4595296019171420e-10
  1.0050000000000001e+00   1.4640291294967565e-10
  1.0100000000000000e+00   1.4685553471374514e-10
  1.0150000000000001e+00   1.4731081704628247e-10
  1.0200000000000000e+00   1.4776875093407317e-10
  1.0249999999999999e+00   1.4822932678519990e-10
  1.0300000000000000e+00   1.4869253442628301e-10
  1.0349999999999999e+00   1.4915836310010348e-10
  1.0400000000000000e+00   1.4962680146361999e-10
  1.0449999999999999e+00   1.5009783758638804e-10
  1.0500000000000000e+00   1.5057145894939252e-10
  1.0549999999999999e+00   1.5104765244430355e-10
  1.0600000000000001e+00   1.5152640437316220e-10
  1.0649999999999999e+00   1.5200770044850867e-10
  1.0700000000000001e+00   1.5249152579395662e-10
  1.0750000000000000e+00   1.5297786494522415e-10
  1.0800000000000001e+00   1.5346670185162645e-10
  1.0850000000000000e+00   1.5395801987803829e-10
  1.0900000000000001e+00   1.5445180180732879e-10
  1.0950000000000000e+00   1.5494802984327689e-10
  1.1000000000000001e+00   1.5544668561396916e-10
  1.1050000000000000e+00   1.5594775017568393e-10
  1.1100000000000001e+00   1.5645120401726518e-10
  1.1150000000000000e+00   1.5695702706498679e-10
  1.1200000000000001e+00   1.5746519868790946e-10
  1.1250000000000000e+00   1.5797569770372832e-10
  1.1300000000000001e+00   1.5848850238511383e-10
  1.1350000000000000e+00   1.5900359046653998e-10
  1.1400000000000001e+00   1.5952093915160152e-10
  1.1450000000000000e+00   1.6004052512081362e-10
  1.1500000000000001e+00   1.6056232453989100e-10
  1.1550000000000000e+00   1.6108631306850172e-10
  1.1599999999999999e+00   1.6161246586948647e-10
  1.1650000000000000e+00   1.6214075761853998e-10
  1.1699999999999999e+00   1.6267116251434349e-10
  1.1750000000000000e+00   1.6320365428913940e-10
  1.1799999999999999e+00   1.6373820621973937e-10
  1.1850000000000001e+00   1.6427479113895313e-10
  1.1899999999999999e+00   1.6481338144742559e-10
  1.1950000000000001e+00   1.6535394912587267e-10
  1.2000000000000000e+00   1.6589646574769583e-10
  1.2050000000000001e+00   1.6644090249196615e-10
  1.2100000000000000e+00   1.6698723015675918e-10
  1.2150000000000001e+00   1.6753541917282390e-10
  1.2200000000000000e+00   1.6808543961757053e-10
  1.2250000000000001e+00   1.6863726122935523e-10
  1.2300000000000000e+00   1.6919085342204542e-10
  1.2350000000000001e+00   1.6974618529984720e-10
  1.2400000000000000e+00   1.7030322567236778e-10
  1.2450000000000001e+00   1.7086194306990098e-10
  1.2500000000000000e+00   1.7142230575890561e-10
  1.2550000000000001e+00   1.7198428175766021e-10
  1.2600000000000000e+00   1.7254783885206771e-10
  1.2650000000000001e+00   1.7311294461158747e-10
  1.2700000000000000e+00   1.7367956640527361e-10
  1.2750000000000001e+00   1.7424767141788945e-10
  1.2800000000000000e+00   1.7481722666608025e-10
  1.2849999999999999e+00   1.7538819901457542e-10
  1.2900000000000000e+00   1.7596055519239430e-10
  1.2949999999999999e+00   1.7653426180903667e-10
  1.3000000000000000e+00   1.7710928537062325e-10
  1.3049999999999999e+00   1.7768559229597049e-10
  1.3100000000000001e+00   1.7826314893256786e-10
  1.3149999999999999e+00   1.7884192157243529e-10
  1.3200000000000001e+00   1.7942187646783716e-10
  1.3250000000000000e+00   1.8000297984682356e-10
  1.3300000000000001e+00   1.8058519792858138e-10
  1.3350000000000000e+00   1.8116849693856396e-10
  1.3400000000000001e+00   1.8175284312338152e-10
  1.3450000000000000e+00   1.8233820276542620e-10
  1.3500000000000001e+00   1.8292454219720996e-10
  1.3550000000000000e+00   1.8351182781539334e-10
  1.3600000000000001e+00   1.8410002609448465e-10
  1.3650000000000000e+00   1.8468910360018730e-10
  1.3700000000000001e+00   1.8527902700237615e-10
  1.3750000000000000e+00   1.8586976308768649e-10
  1.3800000000000001e+00   1.8646127877169114e-10
  1.3850000000000000e+00   1.8705354111065537e-10
  1.3900000000000001e+00   1.8764651731284924e-10
  1.3950000000000000e+00   1.8824017474940263e-10
  1.4000000000000001e+00   1.8883448096468898e-10
  1.4050000000000000e+00   1.8942940368622406e-10
  1.4099999999999999e+00   1.9002491083406848e-10
  1.4150000000000000e+00   1.9062097052972105e-10
  1.4199999999999999e+00   1.9121755110449367e-10
  1.4250000000000000e+00   1.9181462110736066e-10
  1.4299999999999999e+00   1.9241214931227007e-10
  1.4350000000000001e+00   1.9301010472491555e-10
  1.4399999999999999e+00   1.9360845658896098e-10
  1.4450000000000001e+00   1.9420717439171144e-10
  1.4500000000000000e+00   1.9480622786923207e-10
  1.4550000000000001e+00   1.9540558701090859e-10
  1.4600000000000000e+00   1.9600522206345023e-10
  1.4650000000000001e+00   1.9660510353433756e-10
  1.4700000000000000e+00   1.9720520219471172e-10
  1.4750000000000001e+00   1.9780548908171308e-10
  1.4800000000000000e+00   1.9840593550026951e-10
  1.4850000000000001e+00   1.9900651302433991e-10
  1.4900000000000000e+00   1.9960719349762033e-10
  1.4950000000000001e+00   2.0020794903371637e-10
  1.5000000000000000e+00   2.0080875201579445e-10
  1.5050000000000001e+00   2.0140957509571581e-10
  1.5100000000000000e+00   2.0201039119266686e-10
  1.5150000000000001e+00   2.0261117349129494e-10
  1.5200000000000000e+00   2.0321189543936094e-10
  1.5250000000000001e+00   2.0381253074492310e-10
  1.5300000000000000e+00   2.0441305337306181e-10
  1.5350000000000001e+00   2.0501343754216350e-10
  1.5400000000000000e+00   2.0561365771977453e-10
  1.5449999999999999e+00   2.0621368861804357e-10
  1.5500000000000000e+00   2.0681350518876604e-10
  1.5549999999999999e+00   2.0741308261804828e-10
  1.5600000000000001e+00   2.0801239632060931e-10
  1.5649999999999999e+00   2.0861142193373474e-10
  1.5700000000000001e+00   2.0921013531090498e-10
  1.5750000000000000e+00   2.0980851251511268e-10
  1.5800000000000001e+00   2.1040652981188858e-10
  1.5850000000000000e+00   2.1100416366205729e-10
  1.5900000000000001e+00   2.1160139071423870e-10
  1.5950000000000000e+00   2.1219818779711582e-10
  1.6000000000000001e+00   2.1279453191149049e-10
  1.6050000000000000e+00   2.1339040022214232e-10
  1.6100000000000001e+00   2.1398577004951498e-10
  1.6150000000000000e+00   2.1458061886124567e-10
  1.6200000000000001e+00   2.1517492426356189e-10
  1.6250000000000000e+00   2.1576866399255917e-10
  1.6300000000000001e+00   2.1636181590538455e-10
  1.6350000000000000e+00   2.1695435797134445e-10
  1.6400000000000001e+00   2.1754626826294979e-10
  1.6450000000000000e+00   2.1813752494692832e-10
  1.6500000000000001e+00   2.1872810627521298e-10
  1.6550000000000000e+00   2.1931799057592715e-10
  1.6600000000000001e+00   2.1990715624439303e-10
  1.6650000000000000e+00   2.2049558173416399e-10
  1.6699999999999999e+00   2.2108324554811707e-10
  1.6750000000000000e+00   2.2167012622960913e-10
  1.6799999999999999e+00   2.2225620235371859e-10
  1.6850000000000001e+00   2.2284145251858916e-10
  1.6899999999999999e+00   2.2342585533689013e-10
  1.6950000000000001e+00   2.2400938942740604e-10
  1.7000000000000000e+00   2.2459203340677677e-10
  1.7050000000000001e+00   2.2517376588139597e-10
  1.7100000000000000e+00   2.2575456543948208e-10
  1.7150000000000001e+00   2.2633441064334193e-10
  1.7200000000000000e+00   2.2691328002182857e-10
  1.7250000000000001e+00   2.2749115206301542e-10
  1.7300000000000000e+00   2.2806800520709097e-10
  1.7350000000000001e+00   2.2864381783948942e-10
  1.7400000000000000e+00   2.2921856828426701e-10
  1.7450000000000001e+00   2.2979223479772841e-10
  1.7500000000000000e+00   2.3036479556232286e-10
  1.7550000000000001e+00   2.3093622868080689e-10
  1.7600000000000000e+00   2.3150651217069106e-10
  1.7650000000000001e+00   2.3207562395897163e-10
  1.7700000000000000e+00   2.3264354187716037e-10
  1.7750000000000001e+00   2.3321024365661011e-10
  1.7800000000000000e+00   2.3377570692415144e-10
  1.7850000000000001e+00   2.3433990919803945e-10
  1.7900000000000000e+00   2.3490282788421730e-10
  1.7949999999999999e+00   2.3546444027289910e-10
  1.8000000000000000e+00   2.3602472353547981e-10
  1.8049999999999999e+00   2.3658365472176909e-10
  1.8100000000000001e+00   2.3714121075755882e-10
  1.8149999999999999e+00   2.3769736844251815e-10
  1.8200000000000001e+00   2.3825210444842718e-10
  1.8250000000000000e+00   2.3880539531773986e-10
  1.8300000000000001e+00   2.3935721746248803e-10
  1.8350000000000000e+00   2.3990754716351563e-10
  1.8400000000000001e+00   2.4045636057005129e-10
  1.8450000000000000e+00   2.4100363369961625e-10
  1.8500000000000001e+00   2.4154934243826175e-10
  1.8550000000000000e+00   2.4209346254114371e-10
  1.8600000000000001e+00   2.4263596963342363e-10
  1.8650000000000000e+00   2.4317683921149899e-10
  1.8700000000000001e+00   2.4371604664455993e-10
  1.8750000000000000e+00   2.4425356717646648e-10
  1.8800000000000001e+00   2.4478937592794656e-10
  1.8850000000000000e+00   2.4532344789910859e-10
  1.8900000000000001e+00   2.4585575797226723e-10
  1.8950000000000000e+00   2.4638628091507371e-10
  1.9000000000000001e+00   2.4691499138395379e-10
  1.9050000000000000e+00   2.4744186392783916e-10
  1.9100000000000001e+00   2.4796687299219614e-10
  1.9150000000000000e+00   2.4848999292334153e-10
  1.9199999999999999e+00   2.4901119797303844e-10
  1.9250000000000000e+00   2.4953046230337525e-10
  1.9299999999999999e+00   2.5004775999190886e-10
  1.9350000000000001e+00   2.5056306503707937e-10
  1.9399999999999999e+00   2.5107635136387969e-10
  1.9450000000000001e+00   2.5158759282977999e-10
  1.9500000000000000e+00   2.5209676323089740e-10
  1.9550000000000001e+00   2.5260383630840556e-10
  1.9600000000000000e+00   2.5310878575517711e-10
  1.9650000000000001e+00   2.5361158522265251e-10
  1.9700000000000000e+00   2.5411220832792407e-10
  1.9750000000000001e+00   2.5461062866103848e-10
  1.9800000000000000e+00   2.5510681979249607e-10
  1.9850000000000001e+00   2.5560075528095296e-10
  1.9900000000000000e+00   2.5609240868110955e-10
  1.9950000000000001e+00   2.5658175355178249e-10
  2.0000000000000000e+00   2.5706876346415210e-10
  2.0049999999999999e+00   2.5755341201017425e-10
  2.0100000000000002e+00   2.5803567281115528e-10
  2.0150000000000001e+00   2.5851551952647524e-10
  2.0200000000000000e+00   2.5899292586245734e-10
  2.0249999999999999e+00   2.5946786558137519e-10
  2.0300000000000002e+00   2.5994031251058303e-10
  2.0350000000000001e+00   2.6041024055177452e-10
  2.0400000000000000e+00   2.6087762369034867e-10
  2.0449999999999999e+00   2.6134243600488345e-10
  2.0499999999999998e+00   2.6180465167670808e-10
  2.0550000000000002e+00   2.6226424499956260e-10
  2.0600000000000001e+00   2.6272119038934133e-10
  2.0649999999999999e+00   2.6317546239391110e-10
  2.0699999999999998e+00   2.6362703570299405e-10
  2.0750000000000002e+00   2.6407588515811279e-10
  2.0800000000000001e+00   2.6452198576258224e-10
  2.0850000000000000e+00   2.6496531269154993e-10
  2.0899999999999999e+00   2.6540584130207048e-10
  2.0950000000000002e+00   2.6584354714320802e-10
  2.1000000000000001e+00   2.6627840596615938e-10
  2.1050000000000000e+00   2.6671039373439552e-10
  2.1099999999999999e+00   2.6713948663380139e-10
  2.1150000000000002e+00   2.6756566108282217e-10
  2.1200000000000001e+00   2.6798889374259733e-10
  2.1250000000000000e+00   2.6840916152707900e-10
  2.1299999999999999e+00   2.6882644161312984e-10
  2.1350000000000002e+00   2.6924071145058813e-10
  2.1400000000000001e+00   2.6965194877229931e-10
  2.1450000000000000e+00   2.7006013160409900e-10
  2.1499999999999999e+00   2.7046523827475078e-10
  2.1550000000000002e+00   2.7086724742582160e-10
  2.1600000000000001e+00   2.7126613802149518e-10
  2.1650000000000000e+00   2.7166188935831362e-10
  2.1699999999999999e+00   2.7205448107484134e-10
  2.1750000000000003e+00   2.7244389316124494e-10
  2.1800000000000002e+00   2.7283010596878130e-10
  2.1850000000000001e+00   2.7321310021919054e-10
  2.1899999999999999e+00   2.7359285701398310e-10
  2.1949999999999998e+00   2.7396935784362031e-10
  2.2000000000000002e+00   2.7434258459657574e-10
  2.2050000000000001e+00   2.7471251956827751e-10
  2.2100000000000000e+00   2.7507914546992302e-10
  2.2149999999999999e+00   2.7544244543715722e-10
  2.2200000000000002e+00   2.7580240303861532e-10
  2.2250000000000001e+00   2.7615900228431918e-10
  2.2300000000000000e+00   2.7651222763392329e-10
  2.2349999999999999e+00   2.7686206400480449e-10
  2.2400000000000002e+00   2.7720849677999226e-10
  2.2450000000000001e+00   2.7755151181593125e-10
  2.2500000000000000e+00   2.7789109545007329e-10
  2.2549999999999999e+00   2.7822723450829243e-10
  2.2600000000000002e+00   2.7855991631211954e-10
  2.2650000000000001e+00   2.7888912868579070e-10
  2.2700000000000000e+00   2.7921485996310464e-10
  2.2749999999999999e+00   2.7953709899408526e-10
  2.2800000000000002e+00   2.7985583515144515e-10
  2.2850000000000001e+00   2.8017105833684491e-10
  2.2900000000000000e+00   2.8048275898694486e-10
  2.2949999999999999e+00   2.8079092807924425e-10
  2.3000000000000003e+00   2.8109555713770580e-10
  2.3050000000000002e+00   2.8139663823816051e-10
  2.3100000000000001e+00   2.8169416401348758e-10
  2.3149999999999999e+00   2.8198812765857162e-10
  2.3199999999999998e+00   2.8227852293502516e-10
  2.3250000000000002e+00   2.8256534417568307e-10
  2.3300000000000001e+00   2.8284858628885748e-10
  2.3350000000000000e+00   2.8312824476235320e-10
  2.3399999999999999e+00   2.8340431566724660e-10
  2.3450000000000002e+00   2.8367679566141288e-10
  2.3500000000000001e+00   2.8394568199281295e-10
  2.3550000000000000e+00   2.8421097250252759e-10
  2.3599999999999999e+00   2.8447266562754143e-10
  2.3650000000000002e+00   2.8473076040327498e-10
  2.3700000000000001e+00   2.8498525646585992e-10
  2.3750000000000000e+00   2.8523615405415875e-10
  2.3799999999999999e+00   2.8548345401152678e-10
  2.3850000000000002e+00   2.8572715778731422e-10
  2.3900000000000001e+00   2.8596726743810711e-10
  2.3950000000000000e+00   2.8620378562870882e-10
  2.3999999999999999e+00   2.8643671563285613e-10
  2.4050000000000002e+00   2.8666606133367600e-10
  2.4100000000000001e+00   2.8689182722387527e-10
  2.4150000000000000e+00   2.8711401840566890e-10
  2.4199999999999999e+00   2.8733264059044344e-10
  2.4250000000000003e+00   2.8754770009815666e-10
  2.4300000000000002e+00   2.8775920385647313e-10
  2.4350000000000001e+00   2.8796715939963723e-10
  2.4399999999999999e+00   2.8817157486708250e-10
  2.4449999999999998e+00   2.8837245900177933e-10
  2.4500000000000002e+00   2.8856982114832060e-10
  2.4550000000000001e+00   2.8876367125074895e-10
  2.4600000000000000e+00   2.8895401985012298e-10
  2.4649999999999999e+00   2.8914087808182589e-10
  2.4700000000000002e+00   2.8932425767262079e-10
  2.4750000000000001e+00   2.8950417093744823e-10
  2.4800000000000000e+00   2.8968063077597275e-10
  2.4849999999999999e+00   2.8985365066888028e-10
  2.4900000000000002e+00   2.9002324467392440e-10
  2.4950000000000001e+00   2.9018942742172849e-10
  2.5000000000000000e+00   2.9035221411134697e-10
  2.5049999999999999e+00   2.9051162050557935e-10
  2.5100000000000002e+00   2.9066766292605506e-10
  2.5150000000000001e+00   2.9082035824807462e-10
  2.5200000000000000e+00   2.9096972389522724e-10
  2.5249999999999999e+00   2.9111577783377392e-10
  2.5300000000000002e+00   2.9125853856680970e-10
  2.5350000000000001e+00   2.9139802512820223e-10
  2.5400000000000000e+00   2.9153425707631315e-10
  2.5449999999999999e+00   2.9166725448750692e-10
  2.5500000000000003e+00   2.9179703794944864e-10
  2.5550000000000002e+00   2.9192362855419541e-10
  2.5600000000000001e+00   2.9204704789108931e-10
  2.5649999999999999e+00   2.9216731803945016e-10
  2.5699999999999998e+00   2.9228446156107584e-10
  2.5750000000000002e+00   2.9239850149255759e-10
  2.5800000000000001e+00   2.9250946133740824e-10
  2.5850000000000000e+00   2.9261736505801433e-10
  2.5899999999999999e+00   2.9272223706741296e-10
  2.5950000000000002e+00   2.9282410222090130e-10
  2.6000000000000001e+00   2.9292298580748122e-10
  2.6050000000000000e+00   2.9301891354114686e-10
  2.6099999999999999e+00   2.9311191155201697e-10
  2.6150000000000002e+00   2.9320200637732217e-10
  2.6200000000000001e+00   2.9328922495224587e-10
  2.6250000000000000e+00   2.9337359460063227e-10
  2.6299999999999999e+00   2.9345514302555940e-10
  2.6350000000000002e+00   2.9353389829978833e-10
  2.6400000000000001e+00   2.9360988885609039e-10
  2.6450000000000000e+00   2.9368314347746067e-10
  2.6499999999999999e+00   2.9375369128722248e-10
  2.6550000000000002e+00   2.9382156173902776e-10
  2.6600000000000001e+00   2.9388678460676036e-10
  2.6650000000000000e+00   2.9394938997434833e-10
  2.6699999999999999e+00   2.9400940822548723e-10
  2.6750000000000003e+00   2.9406687003328938e-10
  2.6800000000000002e+00   2.9412180634985013e-10
  2.6850000000000001e+00   2.9417424839575381e-10
  2.6899999999999999e+00   2.9422422764951254e-10
  2.6949999999999998e+00   2.9427177583694874e-10
  2.7000000000000002e+00   2.9431692492052710e-10
  2.7050000000000001e+00   2.9435970708864189e-10
  2.7100000000000000e+00   2.9440015474486297e-10
  2.7149999999999999e+00   2.9443830049714991e-10
  2.7200000000000002e+00   2.9447417714703647e-10
  2.7250000000000001e+00   2.9450781767879467e-10
  2.7300000000000000e+00   2.9453925524857893e-10
  2.7349999999999999e+00   2.9456852317356318e-10
  2.7400000000000002e+00   2.9459565492106735e-10
  2.7450000000000001e+00   2.9462068409768974e-10
  2.7500000000000000e+00   2.9464364443843839e-10
  2.7549999999999999e+00   2.9466456979587667e-10
  2.7600000000000002e+00   2.9468349412928623e-10
  2.7650000000000001e+00   2.9470045149384529e-10
  2.7700000000000000e+00   2.9471547602984012e-10
  2.7749999999999999e+00   2.9472860195190325e-10
  2.7800000000000002e+00   2.9473986353828808e-10
  2.7850000000000001e+00   2.9474929512018986e-10
  2.7900000000000000e+00   2.9475693107110444e-10
  2.7949999999999999e+00   2.9476280579624598e-10
  2.8000000000000003e+00   2.9476695372201421e-10
  2.8050000000000002e+00   2.9476940928552591e-10
  2.8100000000000001e+00   2.9477020692420692e-10
  2.8149999999999999e+00   2.9476938106545747e-10
  2.8199999999999998e+00   2.9476696611638579e-10
  2.8250000000000002e+00   2.9476299645362272e-10
  2.8300000000000001e+00   2.9475750641321628e-10
  2.8350000000000000e+00   2.9475053028060998e-10
  2.8399999999999999e+00   2.9474210228071320e-10
  2.8450000000000002e+00   2.9473225656806053e-10
  2.8500000000000001e+00   2.9472102721707204e-10
  2.8550000000000000e+00   2.9470844821240777e-10
  2.8599999999999999e+00   2.9469455343943141e-10
  2.8650000000000002e+00   2.9467937667477420e-10
  2.8700000000000001e+00   2.9466295157701457e-10
  2.8750000000000000e+00   2.9464531167746619e-10
  2.8799999999999999e+00   2.9462649037108214e-10
  2.8850000000000002e+00   2.9460652090747931e-10
  2.8900000000000001e+00   2.9458543638208144e-10
  2.8950000000000000e+00   2.9456326972738681e-10
  2.8999999999999999e+00   2.9454005370436388e-10
  2.9050000000000002e+00   2.9451582089396978e-10
  2.9100000000000001e+00   2.9449060368880534e-10
  2.9150000000000000e+00   2.9446443428490039e-10
  2.9199999999999999e+00   2.9443734467363106e-10
  2.9250000000000003e+00   2.9440936663377832e-10
  2.9300000000000002e+00   2.9438053172372120e-10
  2.9350000000000001e+00   2.9435087127377084e-10
  2.9399999999999999e+00   2.9432041637864710e-10
  2.9449999999999998e+00   2.9428919789009540e-10
  2.9500000000000002e+00   2.9425724640965081e-10
  2.9550000000000001e+00   2.9422459228154437e-10
  2.9600000000000000e+00   2.9419126558575802e-10
  2.9649999999999999e+00   2.9415729613122568e-10
  2.9700000000000002e+00   2.9412271344918386e-10
  2.9750000000000001e+00   2.9408754678666901e-10
  2.9800000000000000e+00   2.9405182510016805e-10
  2.9849999999999999e+00   2.9401557704941526e-10
  2.9900000000000002e+00   2.9397883099134279e-10
  2.9950000000000001e+00   2.9394161497418207e-10
  3.0000000000000000e+00   2.9390395673171541e-10
  3.0049999999999999e+00   2.9386588367768066e-10
  3.0100000000000002e+00   2.9382742290032616e-10
  3.0150000000000001e+00   2.9378860115711953e-10
  3.0200000000000000e+00   2.9374944486960739e-10
  3.0249999999999999e+00   2.9370998011842453e-10
  3.0300000000000002e+00   2.9367023263846092e-10
  3.0350000000000001e+00   2.9363022781416974e-10
  3.0400000000000000e+00   2.9358999067503829e-10
  3.0449999999999999e+00   2.9354954589119868e-10
  3.0500000000000003e+00   2.9350891776919413e-10
  3.0550000000000002e+00   2.9346813024789477e-10
  3.0600000000000001e+00   2.9342720689455808e-10
  3.0649999999999999e+00   2.9338617090104154e-10
  3.0700000000000003e+00   2.9334504508016003e-10
  3.0750000000000002e+00   2.9330385186218999e-10
  3.0800000000000001e+00   2.9326261329152001e-10
  3.0850000000000000e+00   2.9322135102344432e-10
  3.0899999999999999e+00   2.9318008632110068e-10
  3.0950000000000002e+00   2.9313884005255232e-10
  3.1000000000000001e+00   2.9309763268800595e-10
  3.1050000000000000e+00   2.9305648429717806e-10
  3.1099999999999999e+00   2.9301541454679279e-10
  3.1150000000000002e+00   2.9297444269822165e-10
  3.1200000000000001e+00   2.9293358760526007e-10
  3.1250000000000000e+00   2.9289286771203541e-10
  3.1299999999999999e+00   2.9285230105105434e-10
  3.1350000000000002e+00   2.9281190524137777e-10
  3.1400000000000001e+00   2.9277169748692928e-10
  3.1450000000000000e+00   2.9273169457493544e-10
  3.1499999999999999e+00   2.9269191287448709e-10
  3.1550000000000002e+00   2.9265236833523763e-10
  3.1600000000000001e+00   2.9261307648621736e-10
  3.1650000000000000e+00   2.9257405243477537e-10
  3.1699999999999999e+00   2.9253531086564580e-10
  3.1750000000000003e+00   2.9249686604012902e-10
  3.1800000000000002e+00   2.9245873179539735e-10
  3.1850000000000001e+00   2.9242092154391289e-10
  3.1899999999999999e+00   2.9238344827296655e-10
  3.1950000000000003e+00   2.9234632454432548e-10
  3.2000000000000002e+00   2.9230956249399732e-10
  3.2050000000000001e+00   2.9227317383210203e-10
  3.2100000000000000e+00   2.9223716984285437e-10
  3.2149999999999999e+00   2.9220156138465372e-10
  3.2200000000000002e+00   2.9216635889027879e-10
  3.2250000000000001e+00   2.9213157236718564e-10
  3.2300000000000000e+00   2.9209721139791118e-10
  3.2349999999999999e+00   2.9206328514057219e-10
  3.2400000000000002e+00   2.9202980232946831e-10
  3.2450000000000001e+00   2.9199677127577892e-10
  3.2500000000000000e+00   2.9196419986835605e-10
  3.2549999999999999e+00   2.9193209557461349e-10
  3.2600000000000002e+00   2.9190046544150460e-10
  3.2650000000000001e+00   2.9186931609659271e-10
  3.2700000000000000e+00   2.9183865374921063e-10
  3.2749999999999999e+00   2.9180848419170606e-10
  3.2800000000000002e+00   2.9177881280077371e-10
  3.2850000000000001e+00   2.9174964453887077e-10
  3.2900000000000000e+00   2.9172098395571446e-10
  3.2949999999999999e+00   2.9169283518986232e-10
  3.3000000000000003e+00   2.9166520197036651e-10
  3.3050000000000002e+00   2.9163808761851141e-10
  3.3100000000000001e+00   2.9161149504962482e-10
  3.3149999999999999e+00   2.9158542677496029e-10
  3.3200000000000003e+00   2.9155988490365774e-10
  3.3250000000000002e+00   2.9153487114477114e-10
  3.3300000000000001e+00   2.9151038680936558e-10
  3.3350000000000000e+00   2.9148643281268500e-10
  3.3399999999999999e+00   2.9146300967638405e-10
  3.3450000000000002e+00   2.9144011753082528e-10
  3.3500000000000001e+00   2.9141775611743999e-10
  3.3550000000000000e+00   2.9139592479115090e-10
  3.3599999999999999e+00   2.9137462252285388e-10
  3.3650000000000002e+00   2.9135384790196062e-10
  3.3700000000000001e+00   2.9133359913899600e-10
  3.3750000000000000e+00   2.9131387406825471e-10
  3.3799999999999999e+00   2.9129467015050867e-10
  3.3850000000000002e+00   2.9127598447576969e-10
  3.3900000000000001e+00   2.9125781376610432e-10
  3.3950000000000000e+00   2.9124015437849690e-10
  3.3999999999999999e+00   2.9122300230776368e-10
  3.4050000000000002e+00   2.9120635318951233e-10
  3.4100000000000001e+00   2.9119020230315027e-10
  3.4150000000000000e+00   2.9117454457493724e-10
  3.4199999999999999e+00   2.9115937458107956e-10
  3.4250000000000003e+00   2.9114468655087103e-10
  3.4300000000000002e+00   2.9113047436987149e-10
  3.4350000000000001e+00   2.9111673158312767e-10
  3.4399999999999999e+00   2.9110345139843239e-10
  3.4450000000000003e+00   2.9109062668962297e-10
  3.4500000000000002e+00   2.9107824999991268e-10
  3.4550000000000001e+00   2.9106631354526329e-10
  3.4600000000000000e+00   2.9105480921778872e-10
  3.4649999999999999e+00   2.9104372858919107e-10
  3.4700000000000002e+00   2.9103306291423300e-10
  3.4750000000000001e+00   2.9102280313423858e-10
  3.4800000000000000e+00   2.9101293988062484e-10
  3.4849999999999999e+00   2.9100346347846434e-10
  3.4900000000000002e+00   2.9099436395007263e-10
  3.4950000000000001e+00   2.9098563101862740e-10
  3.5000000000000000e+00   2.9097725411180953e-10
  3.5049999999999999e+00   2.9096922236547151e-10
  3.5100000000000002e+00   2.9096152462733075e-10
  3.5150000000000001e+00   2.9095414946068371e-10
  3.5200000000000000e+00   2.9094708514814397e-10
  3.5249999999999999e+00   2.9094031969540130e-10
  3.5300000000000002e+00   2.9093384083499999e-10
  3.5350000000000001e+00   2.9092763603013636e-10
  3.5400000000000000e+00   2.9092169247847553e-10
  3.5449999999999999e+00   2.9091599711598520e-10
  3.5500000000000003e+00   2.9091053662078228e-10
  3.5550000000000002e+00   2.9090529741700134e-10
  3.5600000000000001e+00   2.9090026567867056e-10
  3.5649999999999999e+00   2.9089542733360450e-10
  3.5700000000000003e+00   2.9089076806731021e-10
  3.5750000000000002e+00   2.9088627332689984e-10
  3.5800000000000001e+00   2.9088192832502161e-10
  3.5850000000000000e+00   2.9087771804379158e-10
  3.5899999999999999e+00   2.9087362723874237e-10
  3.5950000000000002e+00   2.9086964044277463e-10
  3.6000000000000001e+00   2.9086574197011757e-10
  3.6050000000000000e+00   2.9086191592029583e-10
  3.6099999999999999e+00   2.9085814618210275e-10
  3.6150000000000002e+00   2.9085441643757746e-10
  3.6200000000000001e+00   2.9085071016598660e-10
  3.6250000000000000e+00   2.9084701064781027e-10
  3.6299999999999999e+00   2.9084330096873021e-10
  3.6350000000000002e+00   2.9083956402362162e-10
  3.6400000000000001e+00   2.9083578252054529e-10
  3.6450000000000000e+00   2.9083193898474036e-10
  3.6499999999999999e+00   2.9082801576262208e-10
  3.6550000000000002e+00   2.9082399502577469e-10
  3.6600000000000001e+00   2.9081985877494570e-10
  3.6650000000000000e+00   2.9081558884404113e-10
  3.6699999999999999e+00   2.9081116690411752e-10
  3.6750000000000003e+00   2.9080657446737251e-10
  3.6800000000000002e+00   2.9080179289113452e-10
  3.6850000000000001e+00   2.9079680338184737e-10
  3.6899999999999999e+00   2.9079158699905635e-10
  3.6950000000000003e+00   2.9078612465938418e-10
  3.7000000000000002e+00   2.9078039714051011e-10
  3.7050000000000001e+00   2.9077438508513949e-10
  3.7100000000000000e+00   2.9076806900497173e-10
  3.7149999999999999e+00   2.9076142928466036e-10
  3.7200000000000002e+00   2.9075444618577101e-10
  3.7250000000000001e+00   2.9074709985072870e-10
  3.7300000000000000e+00   2.9073937030676304e-10
  3.7349999999999999e+00   2.9073123746984210e-10
  3.7400000000000002e+00   2.9072268114860289e-10
  3.7450000000000001e+00   2.9071368104826911e-10
  3.7500000000000000e+00   2.9070421677456385e-10
  3.7549999999999999e+00   2.9069426783761035e-10
  3.7600000000000002e+00   2.9068381365582588e-10
  3.7650000000000001e+00   2.9067283355980054e-10
  3.7700000000000000e+00   2.9066130679617067e-10
  3.7749999999999999e+00   2.9064921253147524e-10
  3.7800000000000002e+00   2.9063652985600346e-10
  3.7850000000000001e+00   2.9062323778762830e-10
  3.7900000000000000e+00   2.9060931527562489e-10
  3.7949999999999999e+00   2.9059474120447868e-10
  3.8000000000000003e+00   2.9057949439767341e-10
  3.8050000000000002e+00   2.9056355362146866e-10
  3.8100000000000001e+00   2.9054689758865787e-10
  3.8149999999999999e+00   2.9052950496231158e-10
  3.8200000000000003e+00   2.9051135435950206e-10
  3.8250000000000002e+00   2.9049242435501072e-10
  3.8300000000000001e+00   2.9047269348501730e-10
  3.8350000000000000e+00   2.9045214025076971e-10
  3.8399999999999999e+00   2.9043074312223452e-10
  3.8450000000000002e+00   2.9040848054172656e-10
  3.8500000000000001e+00   2.9038533092752165e-10
  3.8550000000000000e+00   2.9036127267744198e-10
  3.8599999999999999e+00   2.9033628417242792e-10
  3.8650000000000002e+00   2.9031034378008131e-10
  3.8700000000000001e+00   2.9028342985819191e-10
  3.8750000000000000e+00   2.9025552075823918e-10
  3.8799999999999999e+00   2.9022659482887207e-10
  3.8850000000000002e+00   2.9019663041936576e-10
  3.8900000000000001e+00   2.9016560588305708e-10
  3.8950000000000000e+00   2.9013349958075544e-10
  3.8999999999999999e+00   2.9010028988413052e-10
  3.9050000000000002e+00   2.9006595517907906e-10
  3.9100000000000001e+00   2.9003047386906515e-10
  3.9150000000000000e+00   2.8999382437843961e-10
  3.9199999999999999e+00   2.8995598515573660e-10
  3.9250000000000003e+00   2.8991693467694463e-10
  3.9300000000000002e+00   2.8987665144875778e-10
  3.9350000000000001e+00   2.8983511401180000e-10
  3.9399999999999999e+00   2.8979230094383024e-10
  3.9450000000000003e+00   2.8974819086292237e-10
  3.9500000000000002e+00   2.8970276243062456e-10
  3.9550000000000001e+00   2.8965599435509273e-10
  3.9600000000000000e+00   2.8960786539420579e-10
  3.9650000000000003e+00   2.8955835435865595e-10
  3.9700000000000002e+00   2.8950744011501656e-10
  3.9750000000000001e+00   2.8945510158879050e-10
  3.9800000000000000e+00   2.8940131776743450e-10
  3.9849999999999999e+00   2.8934606770336080e-10
  3.9900000000000002e+00   2.8928933051692192e-10
  3.9950000000000001e+00   2.8923108539936690e-10
  4.0000000000000000e+00   2.8917131161578161e-10
