# Columns: x, rho, u, p, lamdatime_step 2000
# time   1.0000000000000000e+01
 -1.5150000000000000e+01  -1.4296071046963619e-10   9.6375523791945576e-11  -1.4996749568403103e-09   7.5693939452982019e-21
 -1.5100000000000000e+01  -1.4296071046963619e-10   9.6375523791945576e-11  -1.4996749568403103e-09   7.5693939452982019e-21
 -1.5050000000000001e+01  -1.4296071046963619e-10   9.6375523791945576e-11  -1.4996749568403103e-09   7.5693939452982019e-21
 -1.5000000000000000e+01  -1.4296071046963619e-10   9.6375523791945576e-11  -1.4996749568403103e-09   7.5693939452982019e-21
 -1.4950000000000001e+01  -1.4312433599169688e-10   9.6653900014097522e-11  -1.5015706734799874e-09   8.4856980494048659e-21
 -1.4900000000000000e+01  -1.4322115429531369e-10   9.6815391018527104e-11  -1.5026709971268659e-09   9.2569340556987964e-21
 -1.4850000000000000e+01  -1.4335840282283352e-10   9.7061277371792436e-11  -1.5043470749283761e-09   1.0146836229105814e-20
 -1.4800000000000001e+01  -1.4347953518639916e-10   9.7275706978647337e-11  -1.5058102388282528e-09   1.1136089282381889e-20
 -1.4750000000000000e+01  -1.4361497238688285e-10   9.7524109894057561e-11  -1.5075057100411409e-09   1.2213021782415983e-20
 -1.4700000000000001e+01  -1.4374770969005297e-10   9.7769686998194571e-11  -1.5091823767936350e-09   1.3396738201948268e-20
 -1.4650000000000000e+01  -1.4388751332383057e-10   9.8033367137243372e-11  -1.5109823616637496e-09   1.4694924065178008e-20
 -1.4600000000000000e+01  -1.4402889833447430e-10   9.8303466128792083e-11  -1.5128259770016098e-09   1.6118773689215688e-20
 -1.4550000000000001e+01  -1.4417505817478576e-10   9.8586648347562394e-11  -1.5147586906057375e-09   1.7680667264002768e-20
 -1.4500000000000000e+01  -1.4432427923304350e-10   9.8879210721961799e-11  -1.5167554521528739e-09   1.9393889153231830e-20
 -1.4450000000000001e+01  -1.4447760459220940e-10   9.9183271246184455e-11  -1.5188308199858310e-09   2.1273164309522828e-20
 -1.4400000000000000e+01  -1.4463451762978193e-10   9.9497665597383281e-11  -1.5209769246742369e-09   2.3334584284631383e-20
 -1.4350000000000000e+01  -1.4479536621062061e-10   9.9823067653432040e-11  -1.5231983460247006e-09   2.5595823686158981e-20
 -1.4300000000000001e+01  -1.4496000278024028e-10   1.0015910955003667e-10  -1.5254925374794974e-09   2.8076253179894996e-20
 -1.4250000000000000e+01  -1.4512854923783162e-10   1.0050599417324385e-10  -1.5278608421148177e-09   3.0797120789346688e-20
 -1.4200000000000001e+01  -1.4530096927756965e-10   1.0086358780350856e-10  -1.5303023362512665e-09   3.3781730783425740e-20
 -1.4150000000000000e+01  -1.4547730831080442e-10   1.0123192735684447e-10  -1.5328172856574159e-09   3.7055644051690654e-20
 -1.4100000000000000e+01  -1.4565755871079197e-10   1.0161093723063813e-10  -1.5354052070869831e-09   4.0646883075065202e-20
 -1.4050000000000001e+01  -1.4584173431642847e-10   1.0200058900878543e-10  -1.5380659424815900e-09   4.4586196810511535e-20
 -1.4000000000000000e+01  -1.4602982809026140e-10   1.0240081363126102e-10  -1.5407990508933559e-09   4.8907282739948005e-20
 -1.3949999999999999e+01  -1.4622183528742938e-10   1.0281155107252302e-10  -1.5436041435091752e-09   5.3647048563040814e-20
 -1.3900000000000000e+01  -1.4641774050590517e-10   1.0323272260068082e-10  -1.5464806986215486e-09   5.8846039092127470e-20
 -1.3850000000000000e+01  -1.4661752504142861e-10   1.0366424572653465e-10  -1.5494281688796780e-09   6.4548669824714732e-20
 -1.3800000000000001e+01  -1.4682116294129134e-10   1.0410602550164516e-10  -1.5524459257989432e-09   7.0803635220529558e-20
 -1.3750000000000000e+01  -1.4702862318404649e-10   1.0455795927447275e-10  -1.5555332924283190e-09   7.7664302911409596e-20
 -1.3699999999999999e+01  -1.4723986833224718e-10   1.0501993430847085e-10  -1.5586895252059115e-09   8.5189151223869012e-20
 -1.3650000000000000e+01  -1.4745485514407474e-10   1.0549182935337072e-10  -1.5619138239855050e-09   9.3442266716115333e-20
 -1.3600000000000000e+01  -1.4767353415511725e-10   1.0597351396313084e-10  -1.5652053271962844e-09   1.0249389416525694e-19
 -1.3550000000000001e+01  -1.4789584984640644e-10   1.0646484904348397e-10  -1.5685631154044559e-09   1.1242098967393830e-19
 -1.3500000000000000e+01  -1.4812174047995855e-10   1.0696568678116785e-10  -1.5719862100386107e-09   1.2330785122320253e-19
 -1.3449999999999999e+01  -1.4835113815249148e-10   1.0747587086652836e-10  -1.5754735752025716e-09   1.3524682932256899e-19
 -1.3400000000000000e+01  -1.4858396879931717e-10   1.0799523644583410e-10  -1.5790241187030372e-09   1.4833908802903768e-19
 -1.3350000000000000e+01  -1.4882015222612439e-10   1.0852361026036317e-10  -1.5826366933987788e-09   1.6269540596671823e-19
 -1.3300000000000001e+01  -1.4905960209845004e-10   1.0906081078007601e-10  -1.5863100978520209e-09   1.7843713329825178e-19
 -1.3250000000000000e+01  -1.4930222595245022e-10   1.0960664838703613e-10  -1.5900430771819624e-09   1.9569710451714826e-19
 -1.3199999999999999e+01  -1.4954792521080677e-10   1.1016092554308170e-10  -1.5938343238761963e-09   2.1462078307350489e-19
 -1.3150000000000000e+01  -1.4979659523539226e-10   1.1072343692963830e-10  -1.5976824790042831e-09   2.3536737230651288e-19
 -1.3100000000000000e+01  -1.5004812540641752e-10   1.1129396955450543e-10  -1.6015861336747151e-09   2.5811114931119883e-19
 -1.3050000000000001e+01  -1.5030239919634523e-10   1.1187230291038394e-10  -1.6055438302691124e-09   2.8304283770922519e-19
 -1.3000000000000000e+01  -1.5055929423749848e-10   1.1245820917763267e-10  -1.6095540634330826e-09   3.1037112728896754e-19
 -1.2949999999999999e+01  -1.5081868242431481e-10   1.1305145338855195e-10  -1.6136152814095897e-09   3.4032435666593408e-19
 -1.2900000000000000e+01  -1.5108043002155218e-10   1.1365179361745105e-10  -1.6177258872961472e-09   3.7315232974077593e-19
 -1.2850000000000000e+01  -1.5134439780075601e-10   1.1425898114060341e-10  -1.6218842405524237e-09   4.0912827328963067e-19
 -1.2800000000000001e+01  -1.5161044117086723e-10   1.1487276064848263e-10  -1.6260886582642729e-09   4.4855100667438226e-19
 -1.2750000000000000e+01  -1.5187841032351514e-10   1.1549287045466527e-10  -1.6303374164693511e-09   4.9174728654987593e-19
 -1.2699999999999999e+01  -1.5214815040924489e-10   1.1611904267402022e-10  -1.6346287517822131e-09   5.3907438367682484e-19
 -1.2650000000000000e+01  -1.5241950173200774e-10   1.1675100339091716e-10  -1.6389608631450259e-09   5.9092285297930227e-19
 -1.2600000000000000e+01  -1.5269229993441438e-10   1.1738847287777394e-10  -1.6433319133165298e-09   6.4771959378278881e-19
 -1.2550000000000001e+01  -1.5296637619950130e-10   1.1803116580161432e-10  -1.6477400304823400e-09   7.0993115112967617e-19
 -1.2500000000000000e+01  -1.5324155745481675e-10   1.1867879145454891e-10  -1.6521833097892323e-09   7.7806734137196333e-19
 -1.2449999999999999e+01  -1.5351766658705924e-10   1.1933105398134061e-10  -1.6566598149352922e-09   8.5268514731119028e-19
 -1.2400000000000000e+01  -1.5379452266443167e-10   1.1998765261445520e-10  -1.6611675797831909e-09   9.3439300814623508e-19
 -1.2350000000000000e+01  -1.5407194117686103e-10   1.2064828188769598e-10  -1.6657046101539664e-09   1.0238555099448225e-18
 -1.2300000000000001e+01  -1.5434973427423806e-10   1.2131263187509856e-10  -1.6702688855221488e-09   1.1217984092924508e-18
 -1.2250000000000000e+01  -1.5462771102072666e-10   1.2198038840829125e-10  -1.6748583608826717e-09   1.2290141959398702e-18
 -1.2199999999999999e+01  -1.5490567767052963e-10   1.2265123326446215e-10  -1.6794709688725749e-09   1.3463681110603134e-18
 -1.2150000000000000e+01  -1.5518343791848557e-10   1.2332484442278212e-10  -1.6841046214808207e-09   1.4748046315866549e-18
 -1.2100000000000000e+01  -1.5546079315008400e-10   1.2400089633064054e-10  -1.6887572117088437e-09   1.6153545943101439e-18
 -1.2050000000000001e+01  -1.5573754270337412e-10   1.2467906015854788e-10  -1.6934266153627370e-09   1.7691429814061643e-18
 -1.2000000000000000e+01  -1.5601348415011457e-10   1.2535900402223458e-10  -1.6981106930883851e-09   1.9373972920943655e-18
 -1.1949999999999999e+01  -1.5628841357748378e-10   1.2604039321493918e-10  -1.7028072923827487e-09   2.1214567569233797e-18
 -1.1900000000000000e+01  -1.5656212586880541e-10   1.2672289044808490e-10  -1.7075142495636436e-09   2.3227822448260888e-18
 -1.1850000000000000e+01  -1.5683441498368284e-10   1.2740615610187942e-10  -1.7122293917062312e-09   2.5429671207394138e-18
 -1.1800000000000001e+01  -1.5710507424618896e-10   1.2808984846364578e-10  -1.7169505386752571e-09   2.7837490582641344e-18
 -1.1750000000000000e+01  -1.5737389663119148e-10   1.2877362397711448e-10  -1.7216755051134546e-09   3.0470228201655992e-18
 -1.1699999999999999e+01  -1.5764067505425027e-10   1.2945713748633121e-10  -1.7264021024706293e-09   3.3348542352137956e-18
 -1.1650000000000000e+01  -1.5790520266235186e-10   1.3014004248188843e-10  -1.7311281410388472e-09   3.6494953142961082e-18
 -1.1600000000000000e+01  -1.5816727312068093e-10   1.3082199135636782e-10  -1.7358514319315779e-09   3.9934007525377962e-18
 -1.1550000000000001e+01  -1.5842668090720164e-10   1.3150263564239341e-10  -1.7405697891843536e-09   4.3692458458447567e-18
 -1.1500000000000000e+01  -1.5868322160629587e-10   1.3218162625206209e-10  -1.7452810318581198e-09   4.7799459654791989e-18
 -1.1449999999999999e+01  -1.5893669220636331e-10   1.3285861370260790e-10  -1.7499829862263157e-09   5.2286777609865269e-18
 -1.1400000000000000e+01  -1.5918689139047959e-10   1.3353324835289608e-10  -1.7546734878971040e-09   5.7189021471017043e-18
 -1.1350000000000000e+01  -1.5943361982035626e-10   1.3420518064513388e-10  -1.7593503838853285e-09   6.2543893477627353e-18
 -1.1300000000000001e+01  -1.5967668041593687e-10   1.3487406134729510e-10  -1.7640115346775291e-09   6.8392461018451881e-18
 -1.1250000000000000e+01  -1.5991587863572616e-10   1.3553954178179067e-10  -1.7686548163740133e-09   7.4779452255509241e-18
 -1.1199999999999999e+01  -1.6015102275807432e-10   1.3620127403893051e-10  -1.7732781229211385e-09   8.1753577887637704e-18
 -1.1150000000000000e+01  -1.6038192414818632e-10   1.3685891120614538e-10  -1.7778793682236474e-09   8.9367879545548539e-18
 -1.1100000000000001e+01  -1.6060839751935137e-10   1.3751210759102035e-10  -1.7824564882693044e-09   9.7680110708377926e-18
 -1.1050000000000001e+01  -1.6083026118890020e-10   1.3816051893806983e-10  -1.7870074432803168e-09   1.0675314853839842e-17
 -1.1000000000000000e+01  -1.6104733732814173e-10   1.3880380263730442e-10  -1.7915302198883727e-09   1.1665544293405477e-17
 -1.0949999999999999e+01  -1.6125945220385984e-10   1.3944161792986804e-10  -1.7960228333042904e-09   1.2746150347229053e-17
 -1.0900000000000000e+01  -1.6146643641313799e-10   1.4007362610458083e-10  -1.8004833295128313e-09   1.3925242952503353e-17
 -1.0850000000000001e+01  -1.6166812511026645e-10   1.4069949068800186e-10  -1.8049097874783089e-09   1.5211648588870264e-17
 -1.0800000000000001e+01  -1.6186435821945597e-10   1.4131887764034786e-10  -1.8093003212731105e-09   1.6614972778047358e-17
 -1.0750000000000000e+01  -1.6205498064015363e-10   1.4193145554140547e-10  -1.8136530822288958e-09   1.8145668111186861e-17
 -1.0699999999999999e+01  -1.6223984244580113e-10   1.4253689576546612e-10  -1.8179662611225858e-09   1.9815108087631992e-17
 -1.0650000000000000e+01  -1.6241879907719601e-10   1.4313487264118034e-10  -1.8222380904138613e-09   2.1635667385546075e-17
 -1.0600000000000001e+01  -1.6259171152425422e-10   1.4372506361055409e-10  -1.8264668464434216e-09   2.3620809027292551e-17
 -1.0550000000000001e+01  -1.6275844649597924e-10   1.4430714938614649e-10  -1.8306508515878097e-09   2.5785179000193601e-17
 -1.0500000000000000e+01  -1.6291887658389357e-10   1.4488081409583602e-10  -1.8347884764442375e-09   2.8144709305765089e-17
 -1.0449999999999999e+01  -1.6307288041897403e-10   1.4544574541506188e-10  -1.8388781420435308e-09   3.0716729609216014e-17
 -1.0400000000000000e+01  -1.6322034281961277e-10   1.4600163469172879e-10  -1.8429183220529391e-09   3.3520088664451267e-17
 -1.0350000000000000e+01  -1.6336115493096047e-10   1.4654817706289460e-10  -1.8469075449713883e-09   3.6575286101039487e-17
 -1.0300000000000001e+01  -1.6349521435595261e-10   1.4708507156286604e-10  -1.8508443963188008e-09   3.9904615602513698e-17
 -1.0250000000000000e+01  -1.6362242527997605e-10   1.4761202121829882e-10  -1.8547275208452764e-09   4.3532320314784748e-17
 -1.0199999999999999e+01  -1.6374269858959807e-10   1.4812873312965042e-10  -1.8585556247637846e-09   4.7484761606903658e-17
 -1.0150000000000000e+01  -1.6385595198359606e-10   1.4863491854273896e-10  -1.8623274779787474e-09   5.1790602209359473e-17
 -1.0100000000000000e+01  -1.6396211007949695e-10   1.4913029290304744e-10  -1.8660419163548361e-09   5.6481005008893962e-17
 -1.0050000000000001e+01  -1.6406110451045589e-10   1.4961457590488394e-10  -1.8696978439491064e-09   6.1589848729919640e-17
 -1.0000000000000000e+01  -1.6415287401718712e-10   1.5008749152372082e-10  -1.8732942352728362e-09   6.7153961991993082e-17
 -9.9499999999999993e+00  -1.6423736453327879e-10   1.5054876803706526e-10  -1.8768301375564942e-09   7.3213377101426197e-17
 -9.9000000000000004e+00  -1.6431452926489634e-10   1.5099813803027589e-10  -1.8803046730303722e-09   7.9811605377858337e-17
 -9.8499999999999996e+00  -1.6438432876672898e-10   1.5143533838444127e-10  -1.8837170412449803e-09   8.6995935613905781e-17
 -9.8000000000000007e+00  -1.6444673101313588e-10   1.5186011024830042e-10  -1.8870665214133671e-09   9.4817757557348046e-17
 -9.7500000000000000e+00  -1.6450171146565521e-10   1.5227219899191122e-10  -1.8903524747889831e-09   1.0333291246862475e-16
 -9.6999999999999993e+00  -1.6454925313509009e-10   1.5267135414651134e-10  -1.8935743470495244e-09   1.1260207288860875e-16
 -9.6500000000000004e+00  -1.6458934664006899e-10   1.5305732932640872e-10  -1.8967316707100747e-09   1.2269115385118634e-16
 -9.5999999999999996e+00  -1.6462199026289368e-10   1.5342988213220647e-10  -1.8998240675723145e-09   1.3367175814657418e-16
 -9.5500000000000007e+00  -1.6464719000407910e-10   1.5378877403250470e-10  -1.9028512512248765e-09   1.4562165802951604e-16
 -9.5000000000000000e+00  -1.6466495963535280e-10   1.5413377022567018e-10  -1.9058130295855334e-09   1.5862531640801397e-16
 -9.4499999999999993e+00  -1.6467532075236376e-10   1.5446463947939263e-10  -1.9087093074969930e-09   1.7277445033881483e-16
 -9.4000000000000004e+00  -1.6467830282845146e-10   1.5478115394625669e-10  -1.9115400893889476e-09   1.8816864000930492e-16
 -9.3499999999999996e+00  -1.6467394326918364e-10   1.5508308895677965e-10  -1.9143054819950144e-09   2.0491598666404592e-16
 -9.3000000000000007e+00  -1.6466228746811654e-10   1.5537022278989008e-10  -1.9170056971237500e-09   2.2313382282369649e-16
 -9.2500000000000000e+00  -1.6464338886540812e-10   1.5564233641839291e-10  -1.9196410544995703e-09   2.4294947875160418e-16
 -9.1999999999999993e+00  -1.6461730901114568e-10   1.5589921322653210e-10  -1.9222119846926836e-09   2.6450110902397638e-16
 -9.1500000000000004e+00  -1.6458411763485508e-10   1.5614063869756421e-10  -1.9247190321514665e-09   2.8793858335327752e-16
 -9.0999999999999996e+00  -1.6454389272158427e-10   1.5636640007159764e-10  -1.9271628583353194e-09   3.1342444604717130e-16
 -9.0500000000000007e+00  -1.6449672059453192e-10   1.5657628597484123e-10  -1.9295442449401445e-09   3.4113494854185647e-16
 -9.0000000000000000e+00  -1.6444269600742308e-10   1.5677008601421686e-10  -1.9318640972553962e-09   3.7126115989703297e-16
 -8.9499999999999993e+00  -1.6438192224635340e-10   1.5694759033944523e-10  -1.9341234476417037e-09   4.0401016004854951e-16
 -8.9000000000000004e+00  -1.6431451124347056e-10   1.5710858916790005e-10  -1.9363234591567294e-09   4.3960632085453775e-16
 -8.8499999999999996e+00  -1.6424058370301217e-10   1.5725287227266562e-10  -1.9384654293304485e-09   4.7829268016675123e-16
 -8.8000000000000007e+00  -1.6416026924076503e-10   1.5738022843197223e-10  -1.9405507940994127e-09   5.2033241417299400e-16
 -8.7500000000000000e+00  -1.6407370653920341e-10   1.5749044483631097e-10  -1.9425811319270355e-09   5.6601041345846169e-16
 -8.6999999999999993e+00  -1.6398104351977065e-10   1.5758330645085660e-10  -1.9445581681258735e-09   6.1563496801721882e-16
 -8.6500000000000004e+00  -1.6388243753314464e-10   1.5765859533227992e-10  -1.9464837793892048e-09   6.6953956663862109e-16
 -8.5999999999999996e+00  -1.6377805556925572e-10   1.5771608989685968e-10  -1.9483599985528848e-09   7.2808481595405805e-16
 -8.5500000000000007e+00  -1.6366807448880026e-10   1.5775556413706249e-10  -1.9501890196082924e-09   7.9166048408234862e-16
 -8.5000000000000000e+00  -1.6355268127808759e-10   1.5777678678334879e-10  -1.9519732029887616e-09   8.6068767380927976e-16
 -8.4499999999999993e+00  -1.6343207332849966e-10   1.5777952040934318e-10  -1.9537150811440158e-09   9.3562112956816275e-16
 -8.4000000000000004e+00  -1.6330645874275511e-10   1.5776352047632885e-10  -1.9554173644303989e-09   1.0169516822535232e-15
 -8.3499999999999996e+00  -1.6317605666972109e-10   1.5772853431429767e-10  -1.9570829473382942e-09   1.1052088349658130e-15
 -8.3000000000000007e+00  -1.6304109767047912e-10   1.5767430003440069e-10  -1.9587149150921337e-09   1.2009634921932406e-15
 -8.2500000000000000e+00  -1.6290182411777009e-10   1.5760054536924242e-10  -1.9603165506500906e-09   1.3048308336443644e-15
 -8.1999999999999993e+00  -1.6275849063049098e-10   1.5750698643819724e-10  -1.9618913421240926e-09   1.4174733327122292e-15
 -8.1500000000000004e+00  -1.6261136454633215e-10   1.5739332643195460e-10  -1.9634429906613382e-09   1.5396039182644483e-15
 -8.0999999999999996e+00  -1.6246072643486210e-10   1.5725925421236955e-10  -1.9649754188173400e-09   1.6719892760241764e-15
 -8.0500000000000007e+00  -1.6230687065430314e-10   1.5710444282139154e-10  -1.9664927794642156e-09   1.8154532839509784e-15
 -8.0000000000000000e+00  -1.6215010595505054e-10   1.5692854789357146e-10  -1.9679994652754034e-09   1.9708805733435078e-15
 -7.9500000000000002e+00  -1.6199075613253850e-10   1.5673120596738938e-10  -1.9695001188218181e-09   2.1392202037591968e-15
 -7.9000000000000004e+00  -1.6182916073302050e-10   1.5651203268861496e-10  -1.9709996433286773e-09   2.3214894368792433e-15
 -7.8499999999999996e+00  -1.6166567581555765e-10   1.5627062089958455e-10  -1.9725032141387233e-09   2.5187775894190382e-15
 -7.7999999999999998e+00  -1.6150067477389586e-10   1.5600653860726975e-10  -1.9740162909336201e-09   2.7322499403959500e-15
 -7.7500000000000000e+00  -1.6133454922198124e-10   1.5571932682299869e-10  -1.9755446307668172e-09   2.9631516622452888e-15
 -7.7000000000000002e+00  -1.6116770994743999e-10   1.5540849726526908e-10  -1.9770943019700985e-09   3.2128117385324871e-15
 -7.6500000000000004e+00  -1.6100058793705984e-10   1.5507352991784142e-10  -1.9786716989925659e-09   3.4826468227344101e-15
 -7.5999999999999996e+00  -1.6083363547870223e-10   1.5471387043424170e-10  -1.9802835582371249e-09   3.7741649842104927e-15
 -7.5499999999999998e+00  -1.6066732734418299e-10   1.5432892737969155e-10  -1.9819369749618771e-09   4.0889692765474011e-15
 -7.5000000000000000e+00  -1.6050216205772972e-10   1.5391806930118216e-10  -1.9836394213156670e-09   4.4287610519412435e-15
 -7.4500000000000002e+00  -1.6033866325520683e-10   1.5348062161516599e-10  -1.9853987655862142e-09   4.7953429315892098e-15
 -7.4000000000000004e+00  -1.6017738113928288e-10   1.5301586330236463e-10  -1.9872232927399242e-09   5.1906213266329741e-15
 -7.3499999999999996e+00  -1.6001889403589868e-10   1.5252302339872168e-10  -1.9891217263359976e-09   5.6166083865767506e-15
 -7.2999999999999998e+00  -1.5986381005771109e-10   1.5200127727085815e-10  -1.9911032519029241e-09   6.0754232319572300e-15
 -7.2500000000000000e+00  -1.5971276888024358e-10   1.5144974266424862e-10  -1.9931775418672181e-09   6.5692923054347739e-15
 -7.2000000000000002e+00  -1.5956644363655880e-10   1.5086747551213883e-10  -1.9953547821264232e-09   7.1005486494701356e-15
 -7.1500000000000004e+00  -1.5942554293663745e-10   1.5025346549241979e-10  -1.9976457003647663e-09   7.6716298895445232e-15
 -7.0999999999999996e+00  -1.5929081301761339e-10   1.4960663131980316e-10  -2.0000615962103629e-09   8.2850746688601357e-15
 -7.0500000000000007e+00  -1.5916304003134848e-10   1.4892581575986338e-10  -2.0026143733388540e-09   8.9435172429123501e-15
 -7.0000000000000000e+00  -1.5904305247563845e-10   1.4820978035203269e-10  -2.0053165736267383e-09   9.6496798999134173e-15
 -6.9499999999999993e+00  -1.5893172377532216e-10   1.4745719982862326e-10  -2.0081814134586902e-09   1.0406362825709310e-14
 -6.9000000000000004e+00  -1.5882997501985345e-10   1.4666665621639958e-10  -2.0112228222986565e-09   1.1216430977677832e-14
 -6.8499999999999996e+00  -1.5873877786338930e-10   1.4583663260837015e-10  -2.0144554836287564e-09   1.2082797471898072e-14
 -6.8000000000000007e+00  -1.5865915759317336e-10   1.4496550659403789e-10  -2.0178948783577327e-09   1.3008402919386905e-14
 -6.7500000000000000e+00  -1.5859219637202212e-10   1.4405154333635749e-10  -2.0215573308029162e-09   1.3996190070928092e-14
 -6.6999999999999993e+00  -1.5853903666009397e-10   1.4309288828506596e-10  -2.0254600573426595e-09   1.5049073043670976e-14
 -6.6500000000000004e+00  -1.5850088482068491e-10   1.4208755951696588e-10  -2.0296212178321676e-09   1.6169900306150150e-14
 -6.5999999999999996e+00  -1.5847901491382444e-10   1.4103343969593358e-10  -2.0340599698641732e-09   1.7361410489617129e-14
 -6.5500000000000007e+00  -1.5847477268043351e-10   1.3992826764757108e-10  -2.0387965259440895e-09   1.8626179972064171e-14
 -6.5000000000000000e+00  -1.5848957971886036e-10   1.3876962954552108e-10  -2.0438522136387413e-09   1.9966561044746071e-14
 -6.4499999999999993e+00  -1.5852493785426911e-10   1.3755494970936816e-10  -2.0492495387418626e-09   2.1384609317887705e-14
 -6.4000000000000004e+00  -1.5858243369957235e-10   1.3628148101790292e-10  -2.0550122514776844e-09   2.2881998850920068e-14
 -6.3499999999999996e+00  -1.5866374340455751e-10   1.3494629494591699e-10  -2.0611654157387043e-09   2.4459923300932691e-14
 -6.3000000000000007e+00  -1.5877063758774911e-10   1.3354627123722309e-10  -2.0677354813280540e-09   2.6118981167755500e-14
 -6.2500000000000000e+00  -1.5890498644273820e-10   1.3207808723265255e-10  -2.0747503591415739e-09   2.7859042973903954e-14
 -6.1999999999999993e+00  -1.5906876500777909e-10   1.3053820687800539e-10  -2.0822394991881887e-09   2.9679097948710925e-14
 -6.1500000000000004e+00  -1.5926405858378686e-10   1.2892286944481529e-10  -2.0902339713007091e-09   3.1577077484898509e-14
 -6.0999999999999996e+00  -1.5949306828178902e-10   1.2722807800543700e-10  -2.0987665483374376e-09   3.3549652299392983e-14
 -6.0500000000000007e+00  -1.5975811667649451e-10   1.2544958771332315e-10  -2.1078717916194678e-09   3.5591999854202635e-14
 -6.0000000000000000e+00  -1.6006165353750321e-10   1.2358289395025812e-10  -2.1175861382831632e-09   3.7697538172417789e-14
 -5.9499999999999993e+00  -1.6040626160392578e-10   1.2162322041448851e-10  -2.1279479901539509e-09   3.9857621714196797e-14
 -5.9000000000000004e+00  -1.6079466236179925e-10   1.1956550723717001e-10  -2.1389978036661512e-09   4.2061194452213857e-14
 -5.8499999999999996e+00  -1.6122972177654724e-10   1.1740439922957164e-10  -2.1507781802625232e-09   4.4294394698451448e-14
 -5.8000000000000007e+00  -1.6171445592505890e-10   1.1513423437956215e-10  -2.1633339566096502e-09   4.6540105577651132e-14
 -5.7500000000000000e+00  -1.6225203646341964e-10   1.1274903273378302e-10  -2.1767122938566933e-09   4.8777444308599131e-14
 -5.6999999999999993e+00  -1.6284579585700874e-10   1.1024248582129556e-10  -2.1909627650468977e-09   5.0981182633929693e-14
 -5.6500000000000004e+00  -1.6349923228958595e-10   1.0760794679542200e-10  -2.2061374396636834e-09   5.3121089821269247e-14
 -5.5999999999999996e+00  -1.6421601415715407e-10   1.0483842149284196e-10  -2.2222909641569332e-09   5.5161188632542944e-14
 -5.5499999999999989e+00  -1.6499998404081737e-10   1.0192656063272292e-10  -2.2394806371505685e-09   5.7058913510478908e-14
 -5.5000000000000000e+00  -1.6585516204041676e-10   9.8864653404011218e-11  -2.2577664778779899e-09   5.8764158946880539e-14
 -5.4499999999999993e+00  -1.6678574833767172e-10   9.5644622715373076e-11  -2.2772112862313482e-09   6.0218204560155250e-14
 -5.4000000000000004e+00  -1.6779612484375813e-10   9.2258022409945653e-11  -2.2978806926425016e-09   6.1352501800088740e-14
 -5.3499999999999996e+00  -1.6889085577196998e-10   8.8696036775330309e-11  -2.3198431958419313e-09   6.2087305396025734e-14
 -5.2999999999999989e+00  -1.7007468696121310e-10   8.4949482708447249e-11  -2.3431701863654843e-09   6.2330130644750444e-14
 -5.2500000000000000e+00  -1.7135254376072201e-10   8.1008814924468491e-11  -2.3679359535003136e-09   6.1974015370675645e-14
 -5.1999999999999993e+00  -1.7272952727093301e-10   7.6864134628258282e-11  -2.3942176731864827e-09   6.0895562851980836e-14
 -5.1500000000000004e+00  -1.7421090871968233e-10   7.2505202095913957e-11  -2.4220953742172575e-09   5.8952739156432591e-14
 -5.0999999999999996e+00  -1.7580212173712833e-10   6.7921453642302607e-11  -2.4516518799140142e-09   5.5982395130744023e-14
 -5.0499999999999989e+00  -1.7750875227724839e-10   6.3102023477377272e-11  -2.4829727222952726e-09   5.1797479691631745e-14
 -5.0000000000000000e+00  -1.7933652591852780e-10   5.8035770979125253e-11  -2.5161460256158912e-09   4.6183907022882351e-14
 -4.9499999999999993e+00  -1.8129129226166607e-10   5.2711313933823968e-11  -2.5512623560250021e-09   3.8897035732061608e-14
 -4.9000000000000004e+00  -1.8337900612804151e-10   4.7117068314063736e-11  -2.5884145339849607e-09   2.9657712895340667e-14
 -4.8499999999999996e+00  -1.8560570524936095e-10   4.1241295181389679e-11  -2.6276974060110458e-09   1.8147830140513507e-14
 -4.7999999999999989e+00  -1.8797748412660180e-10   3.5072155312622300e-11  -2.6692075722378398e-09   4.0053324000248881e-15
 -4.7500000000000000e+00  -1.9050046372500706e-10   2.8597772156712508e-11  -2.7130430662951736e-09  -1.3181387397627392e-14
 -4.6999999999999993e+00  -1.9318075666165908e-10   2.1806303731635706e-11  -2.7593029839886693e-09  -3.3879782752379248e-14
 -4.6500000000000004e+00  -1.9602442753295127e-10   1.4686024068140297e-11  -2.8080870573291158e-09  -5.8620221606999094e-14
 -4.5999999999999996e+00  -1.9903744802102243e-10   7.2254147987392289e-12  -2.8594951705435947e-09  -8.8003923096192851e-14
 -4.5499999999999989e+00  -2.0222564641077054e-10  -5.8673252408337726e-13  -2.9136268148314441e-09  -1.2271187027743084e-13
 -4.5000000000000000e+00  -2.0559465114201263e-10  -8.7612028167118582e-12  -2.9705804787988576e-09  -1.6351481983179763e-13
 -4.4499999999999993e+00  -2.0914982801433532e-10  -1.7308232022638337e-11  -3.0304529717175460e-09  -2.1128454534342171e-13
 -4.4000000000000004e+00  -2.1289621065453704e-10  -2.6237369333950062e-11  -3.0933386770028718e-09  -2.6700646854289205e-13
 -4.3499999999999996e+00  -2.1683842384755743e-10  -3.5557326606385161e-11  -3.1593287335926183e-09  -3.3179385315653802e-13
 -4.2999999999999989e+00  -2.2098059932042228e-10  -4.5275814538902739e-11  -3.2285101432240831e-09  -4.0690375911238688e-13
 -4.2500000000000000e+00  -2.2532628355379697e-10  -5.5399365232517581e-11  -3.3009648019484682e-09  -4.9375498124979254e-13
 -4.1999999999999993e+00  -2.2987833717579731e-10  -6.5933140788925010e-11  -3.3767684545801818e-09  -5.9394822686725400e-13
 -4.1500000000000004e+00  -2.3463882546600069e-10  -7.6880727655673550e-11  -3.4559895711452234e-09  -7.0928882100882510e-13
 -4.0999999999999996e+00  -2.3960889946214455e-10  -8.8243916469758903e-11  -3.5386881447577289e-09  -8.4181226801681013e-13
 -4.0499999999999989e+00  -2.4478866711541499e-10  -1.0002246719361368e-10  -3.6249144107052075e-09  -9.9381304336317424e-13
 -4.0000000000000000e+00  -2.5017705387978101e-10  -1.1221385937452455e-10  -3.7147074868486285e-09  -1.1678770420411173e-12
 -3.9499999999999993e+00  -2.5577165204339269e-10  -1.2481302738842874e-10  -3.8080939357305366e-09  -1.3669181699332255e-12
 -3.9000000000000004e+00  -2.6156855801201766e-10  -1.3781208054959082e-10  -3.9050862490193321e-09  -1.5942196338340311e-12
 -3.8499999999999996e+00  -2.6756219663172342e-10  -1.5120000797669324e-10  -4.0056812550879529e-09  -1.8534805656633865e-12
 -3.7999999999999989e+00  -2.7374513148577549e-10  -1.6496236810122529e-10  -4.1098584506177960e-09  -2.1488687085784801e-12
 -3.7500000000000000e+00  -2.8010785991357240e-10  -1.7908096268380027e-10  -4.2175782571228544e-09  -2.4850799991752740e-12
 -3.6999999999999993e+00  -2.8663859127113158e-10  -1.9353349516651633e-10  -4.3287802031959137e-09  -2.8674060030962060e-12
 -3.6500000000000004e+00  -2.9332300667590315e-10  -2.0829321313339456e-10  -4.4433810330818358e-09  -3.3018103038429683e-12
 -3.5999999999999996e+00  -3.0014399814509694e-10  -2.2332853457553688e-10  -4.5612727418800778e-09  -3.7950151095865634e-12
 -3.5499999999999989e+00  -3.0708138463639834e-10  -2.3860265756291053e-10  -4.6823205372722850e-09  -4.3545995339348994e-12
 -3.5000000000000000e+00  -3.1411160202133236e-10  -2.5407315281144463e-10  -4.8063607271696937e-09  -4.9891112282048719e-12
 -3.4499999999999993e+00  -3.2120736345089313e-10  -2.6969153850445560e-10  -4.9331985320960130e-09  -5.7081932996500933e-12
 -3.4000000000000004e+00  -3.2833728589409811e-10  -2.8540283658476337e-10  -5.0626058204908475e-09  -6.5227287479565744e-12
 -3.3499999999999996e+00  -3.3546547782341769e-10  -3.0114510958369739e-10  -5.1943187644763232e-09  -7.4450049975859198e-12
 -3.2999999999999989e+00  -3.4255108206321316e-10  -3.1684897690321798e-10  -5.3280354130301439e-09  -8.4889015035565280e-12
 -3.2500000000000000e+00  -3.4954776668033895e-10  -3.3243710932852103e-10  -5.4634131790273882e-09  -9.6701038712734237e-12
 -3.1999999999999993e+00  -3.5640315544607888e-10  -3.4782370043562726e-10  -5.6000662363524374e-09  -1.1006348466253789e-11
 -3.1500000000000004e+00  -3.6305818779471083e-10  -3.6291391349170192e-10  -5.7375628233769027e-09  -1.2517702107141250e-11
 -3.0999999999999996e+00  -3.6944639629676729e-10  -3.7760330245216962e-10  -5.8754224497279001e-09  -1.4226882146072461e-11
 -3.0499999999999989e+00  -3.7549308739471223e-10  -3.9177720577406773e-10  -6.0131130046700891e-09  -1.6159623055466309e-11
 -3.0000000000000000e+00  -3.8111440844301871e-10  -4.0531011203745234e-10  -6.1500477679059646e-09  -1.8345096570673911e-11
 -2.9499999999999993e+00  -3.8621628086639358e-10  -4.1806499685985307e-10  -6.2855823275731269e-09  -2.0816393493535061e-11
 -2.9000000000000004e+00  -3.9069317539438162e-10  -4.2989263138773541e-10  -6.4190114162278979e-09  -2.3611076449933615e-11
 -2.8499999999999996e+00  -3.9442670072230252e-10  -4.4063086386663883e-10  -6.5495656843686998e-09  -2.6771814217090087e-11
 -2.7999999999999989e+00  -3.9728397143814366e-10  -4.5010387757871697e-10  -6.6764084435197712e-09  -3.0347109687101572e-11
 -2.7500000000000000e+00  -3.9911571446641185e-10  -4.5812143099320840e-10  -6.7986324283231246e-09  -3.4392135091680209e-11
 -2.6999999999999993e+00  -3.9975406540744663e-10  -4.6447808956864103e-10  -6.9152566511384993e-09  -3.8969689736786745e-11
 -2.6500000000000004e+00  -3.9900999675837219e-10  -4.6895246363002827e-10  -7.0252234555313743e-09  -4.4151297109025497e-11
 -2.5999999999999996e+00  -3.9667030882528759e-10  -4.7130647359098056e-10  -7.1273959196524121e-09  -5.0018459692020542e-11
 -2.5499999999999989e+00  -3.9249410088977691e-10  -4.7128467312378913e-10  -7.2205558207268388e-09  -5.6664090969576398e-11
 -2.5000000000000000e+00  -3.8620862458558849e-10  -4.6861367352499369e-10  -7.3034024527471051e-09  -6.4194144582690504e-11
 -2.4499999999999993e+00  -3.7750440320914629e-10  -4.6300172956554924e-10  -7.3745526976452852e-09  -7.2729459979574121e-11
 -2.4000000000000004e+00  -3.6602947964939369e-10  -4.5413856997537926e-10  -7.4325428943898272e-09  -8.2407841452339004e-11
 -2.3499999999999996e+00  -3.5138263177783469e-10  -4.4169558624122051e-10  -7.4758332418472641e-09  -9.3386382163469480e-11
 -2.2999999999999989e+00  -3.3310536783091670e-10  -4.2532653397769187e-10  -7.5028157243009602e-09  -1.0584403513759895e-10
 -2.2500000000000000e+00  -3.1067248649447427e-10  -4.0466895479832019e-10  -7.5118268814951846e-09  -1.1998441708608670e-10
 -2.1999999999999993e+00  -2.8348095904828799e-10  -3.7934659716193834e-10  -7.5011671806784415e-09  -1.3603880529796602e-10
 -2.1500000000000004e+00  -2.5083686774260472e-10  -3.4897320673516813e-10  -7.4691293138166464e-09  -1.5426924839523670e-10
 -2.0999999999999996e+00  -2.1194012202205483e-10  -3.1315817584803872e-10  -7.4140384707997775e-09  -1.7497165259375638e-10
 -2.0499999999999989e+00  -1.6586668316006474e-10  -2.7151469367745784e-10  -7.3343085635926037e-09  -1.9847861818025637e-10
 -2.0000000000000000e+00  -1.1154807610674244e-10  -2.2367122989611820e-10  -7.2285195296335995e-09  -2.2516167550569851e-10
 -1.9499999999999993e+00  -4.7748083344783382e-11  -1.6928741932210577e-10  -7.0955222471439433e-09  -2.5543239212416989e-10
 -1.9000000000000004e+00   2.6963256067330604e-11  -1.0807569426178713e-10  -6.9345792437057731e-09  -2.8974157586809091e-10
 -1.8499999999999996e+00   1.1423780966037660e-10  -3.9830326718200440e-11  -6.7455512062691594e-09  -3.2857546348494807e-10
 -1.7999999999999989e+00   2.1597845063552851e-10   3.5534130386551347e-11  -6.5291411270543386e-09  -3.7244734236736034e-10
 -1.7500000000000000e+00   3.3436673769884636e-10   1.1793273017275588e-10  -6.2872093692908826e-09  -4.2188249236423752e-10
 -1.6999999999999993e+00   4.7188504407877884e-10   2.0704593908015803e-10  -6.0231733043571708e-09  -4.7739366431316695e-10
 -1.6500000000000004e+00   6.3132629810500045e-10   3.0223915540588392e-10  -5.7425032368177191e-09  -5.3944358450492464e-10
 -1.5999999999999996e+00   8.1578052180555256e-10   4.0246456661758590e-10  -5.4533201198614035e-09  -6.0839032667484812e-10
 -1.5499999999999989e+00   1.0285817719968006e-09   5.0614591097600295e-10  -5.1670870919563250e-09  -6.8441110739011561e-10
 -1.5000000000000000e+00   1.2731917381301656e-09   6.1105039533201228e-10  -4.8993620382796400e-09  -7.6740064458615424e-10
 -1.4499999999999993e+00   1.5529875159878197e-09   7.1415824246950011e-10  -4.6705373121540491e-09  -8.5684248534298146e-10
 -1.4000000000000004e+00   1.8709125789561597e-09   8.1154982066629551e-10  -4.5064311561207230e-09  -9.5165679115784810e-10
 -1.3499999999999996e+00   2.2289456666583783e-09   8.9834318906681802e-10  -4.4385129408196769e-09  -1.0500372341994437e-09
 -1.2999999999999989e+00   2.6273498162474456e-09   9.6872975174359803e-10  -4.5034511954627561e-09  -1.1493036898444585e-09
 -1.2500000000000000e+00   3.0636950132306552e-09   1.0161680879130576e-09  -4.7415995409295164e-09  -1.2458153149801628e-09
 -1.1999999999999993e+00   3.5317170979880777e-09   1.0337969820209192e-09  -5.1940402393461723e-09  -1.3350056668533866e-09
 -1.1500000000000004e+00   4.0201908053827159e-09   1.0151050445810363e-09  -5.8979751464751680e-09  -1.4116076304946485e-09
 -1.0999999999999996e+00   4.5121418575825280e-09   9.5483345790730192e-10  -6.8806728249114371e-09  -1.4701164838610757e-09
 -1.0499999999999989e+00   4.9848456502534466e-09   8.4998985899198620e-10  -8.1528490185397894e-09  -1.5054820797184437e-09
 -1.0000000000000000e+00   5.4110569871739223e-09   7.0074216130088897e-10  -9.7030859700943588e-09  -1.5139290569075769e-09
 -9.4999999999999929e-01   5.7616817935283383e-09   5.1090018617445633e-10  -1.1495269863065280e-08  -1.4937087838366983e-09
 -9.0000000000000036e-01   6.0096223796057413e-09   2.8774614395765808e-10  -1.3470588627720068e-08  -1.4455447552690708e-09
 -8.4999999999999964e-01   6.1339639004574381e-09   4.1161035620803670e-11  -1.5554281309044350e-08  -1.3725936297166269e-09
 -7.9999999999999893e-01   6.1233319794218966e-09  -2.1775630415314238e-10  -1.7665599818164677e-08  -1.2799031052634884e-09
 -7.5000000000000000e-01   5.9774072804203697e-09  -4.7819826757695504e-10  -1.9728271750656132e-08  -1.1735315173534689e-09
 -6.9999999999999929e-01   5.7062210431069196e-09  -7.3089184825578940e-10  -2.1678792345861080e-08  -1.0596017921711984e-09
 -6.5000000000000036e-01   5.3276443064988278e-09  -9.6883048182349662e-10  -2.3470993211615776e-08  -9.4354141629549494e-10
 -5.9999999999999964e-01   4.8640028723672912e-09  -1.1874592958158631e-09  -2.5076796608474411e-08  -8.2964162681070771e-10
 -5.4999999999999893e-01   4.3387952495506905e-09  -1.3844414952323457e-09  -2.6484131734392189e-08  -7.2093373808191852e-10
 -5.0000000000000000e-01   3.7741678912862885e-09  -1.5591968256285760e-09  -2.7693366731404754e-08  -6.1929387468610381e-10
 -4.4999999999999929e-01   3.1893738935717372e-09  -1.7123819171563990e-09  -2.8713431450612348e-08  -5.2566556262455524e-10
 -4.0000000000000036e-01   2.6001180340222907e-09  -1.8454221077187857e-09  -2.9558379232628550e-08  -4.4031127982011538e-10
 -3.4999999999999964e-01   2.0185403611509204e-09  -1.9601439138795206e-09  -3.0244715615321945e-08  -3.6303970948591420e-10
 -2.9999999999999893e-01   1.4535756923156097e-09  -2.0585150877727189e-09  -3.0789528030496119e-08  -2.9338613630169877e-10
 -2.5000000000000000e-01   9.1147992202581991e-10  -2.1424772446605957e-09  -3.1209298389166648e-08  -2.3074302204804484e-10
 -1.9999999999999929e-01   3.9638380609758836e-10  -2.2138489600548628e-09  -3.1519235205309356e-08  -1.7444749254895048e-10
 -1.5000000000000036e-01  -8.9203552209009407e-11  -2.2742777944284496e-09  -3.1732965044780398e-08  -1.2383566268426913e-10
 -9.9999999999999645e-02  -5.4397288312392383e-10  -2.3252229741669324e-09  -3.1862437486368861e-08  -7.8273540347334502e-11
 -4.9999999999998934e-02  -9.6748238230298653e-10  -2.3679570053123070e-09  -3.1917972722774199e-08  -3.7172944626193094e-11
  0.0000000000000000e+00  -1.3599062002166408e-09  -2.4035807870752019e-09  -3.1908472966860801e-08   0.0000000000000000e+00
