# Neutral stability data for gamma=1.2
# Columns: heat release $Q_1$, activation energy $E_{act}$, frequency $\omega$, max heat release $Q^*$
4.466835921509631491e-01 0.000000000000000000e+00 0.000000000000000000e+00 0.000000000000000000e+00
4.520494133594520347e-01 0.000000000000000000e+00 0.000000000000000000e+00 0.000000000000000000e+00
4.574796919103358284e-01 0.000000000000000000e+00 0.000000000000000000e+00 0.000000000000000000e+00
4.629752021024268194e-01 0.000000000000000000e+00 0.000000000000000000e+00 0.000000000000000000e+00
4.685367275358617301e-01 0.000000000000000000e+00 0.000000000000000000e+00 0.000000000000000000e+00
4.741650612238343943e-01 0.000000000000000000e+00 0.000000000000000000e+00 0.000000000000000000e+00
4.798610057056711398e-01 0.000000000000000000e+00 0.000000000000000000e+00 0.000000000000000000e+00
4.856253731612639180e-01 0.000000000000000000e+00 0.000000000000000000e+00 0.000000000000000000e+00
4.914589855268786112e-01 0.000000000000000000e+00 0.000000000000000000e+00 0.000000000000000000e+00
4.973626746123539499e-01 0.000000000000000000e+00 0.000000000000000000e+00 0.000000000000000000e+00
5.033372822197087482e-01 0.000000000000000000e+00 0.000000000000000000e+00 0.000000000000000000e+00
5.093836602631738320e-01 0.000000000000000000e+00 0.000000000000000000e+00 0.000000000000000000e+00
5.155026708906653710e-01 0.000000000000000000e+00 0.000000000000000000e+00 0.000000000000000000e+00
5.216951866067182086e-01 0.000000000000000000e+00 0.000000000000000000e+00 0.000000000000000000e+00
5.279620903968955670e-01 0.000000000000000000e+00 0.000000000000000000e+00 0.000000000000000000e+00
5.343042758536928893e-01 0.000000000000000000e+00 0.000000000000000000e+00 0.000000000000000000e+00
5.407226473039544734e-01 0.000000000000000000e+00 0.000000000000000000e+00 0.000000000000000000e+00
5.472181199378211014e-01 0.000000000000000000e+00 0.000000000000000000e+00 0.000000000000000000e+00
5.537916199392256544e-01 0.000000000000000000e+00 0.000000000000000000e+00 0.000000000000000000e+00
5.604440846179574720e-01 0.000000000000000000e+00 0.000000000000000000e+00 0.000000000000000000e+00
5.671764625433118878e-01 0.000000000000000000e+00 0.000000000000000000e+00 0.000000000000000000e+00
5.739897136793465915e-01 0.000000000000000000e+00 0.000000000000000000e+00 0.000000000000000000e+00
5.808848095217615803e-01 0.000000000000000000e+00 0.000000000000000000e+00 0.000000000000000000e+00
5.878627332364242397e-01 0.000000000000000000e+00 0.000000000000000000e+00 0.000000000000000000e+00
5.949244797995578704e-01 0.000000000000000000e+00 0.000000000000000000e+00 0.000000000000000000e+00
6.020710561396147575e-01 5.960937500000000000e+01 2.349461647761870720e-01 2.695459195404402708e-01
6.093034812808530987e-01 5.902343750000000000e+01 2.359682523085790407e-01 2.727838607523999093e-01
6.166227864886386634e-01 5.863281250000000000e+01 2.369631354904918052e-01 2.760606979836721653e-01
6.240300154164923896e-01 5.804687500000000000e+01 2.379939870078917608e-01 2.793768984756982432e-01
6.315262242549040117e-01 5.765625000000000000e+01 2.389967209255345060e-01 2.827329350826934817e-01
6.391124818819328146e-01 5.707031250000000000e+01 2.400354424049896407e-01 2.861292863390707542e-01
6.467898700156188285e-01 5.667968750000000000e+01 2.410465999705052043e-01 2.895664365276747199e-01
6.545594833682235603e-01 0.000000000000000000e+00 0.000000000000000000e+00 0.000000000000000000e+00
6.624224298023243529e-01 5.570312500000000000e+01 2.431119333479291322e-01 2.965650999902500473e-01
6.703798304887833570e-01 5.531250000000000000e+01 2.441331512282519101e-01 3.001276111977078109e-01
6.784328200666145392e-01 5.492187500000000000e+01 2.451559622623001589e-01 3.037329173466596366e-01
6.865825468047708213e-01 5.433593750000000000e+01 2.462218434685116975e-01 3.073815325146511679e-01
6.948301727658745541e-01 5.394531250000000000e+01 2.472543073919749868e-01 3.110739769546240208e-01
7.031768739719154171e-01 5.355468750000000000e+01 2.482887777289913833e-01 3.148107771690987766e-01
7.116238405719382820e-01 5.316406250000000000e+01 2.493255564785389344e-01 3.185924659852483742e-01
7.201722770117453543e-01 5.267578125000000000e+01 2.503890325483600909e-01 3.224195826308731139e-01
7.288234022056373496e-01 5.218750000000000000e+01 2.514546987362727970e-01 3.262926728112892638e-01
7.375784497102171322e-01 5.179687500000000000e+01 2.525038303709525311e-01 3.302122887871400403e-01
7.464386679002819047e-01 5.140625000000000000e+01 2.535557504493717307e-01 3.341789894531427829e-01
7.554053201468275969e-01 5.101562500000000000e+01 2.546106008133677268e-01 3.381933404177804303e-01
7.644796849971919883e-01 5.062500000000000000e+01 2.556685058219405060e-01 3.422559140839520619e-01
7.736630563573616559e-01 5.023437500000000000e+01 2.567295708331695514e-01 3.463672897305903886e-01
7.829567436764688360e-01 4.984375000000000000e+01 2.577938810756734145e-01 3.505280535952615129e-01
7.923620721335050687e-01 4.945312500000000000e+01 2.588614997674396068e-01 3.547387989577555079e-01
8.018803828262766054e-01 4.906250000000000000e+01 2.599324668733286048e-01 3.590001262246815816e-01
8.115130329626314420e-01 4.867187500000000000e+01 2.610067973021360510e-01 3.633126430150800945e-01
8.212613960539812963e-01 4.828125000000000000e+01 2.620844793123742189e-01 3.676769642470621990e-01
8.311268621111503885e-01 4.789062500000000000e+01 2.631654728544430832e-01 3.720937122254901475e-01
8.411108378425750098e-01 4.750000000000000000e+01 2.642497078708732627e-01 3.765635167307116449e-01
8.512147468548859619e-01 4.710937500000000000e+01 2.653370823221650188e-01 3.810870151083595170e-01
8.614400298558985147e-01 4.671875000000000000e+01 2.664274606459895445e-01 3.856648523602304035e-01
8.717881448600419692e-01 4.632812500000000000e+01 2.675206715305195049e-01 3.902976812362546899e-01
8.822605673962570227e-01 4.593750000000000000e+01 2.686165063110754203e-01 3.949861623275722211e-01
8.928587907183894723e-01 4.554687500000000000e+01 2.697147167714588623e-01 3.997309641607244002e-01
9.035843260181131154e-01 4.525390625000000000e+01 2.707885401155531446e-01 4.045327632929801021e-01
9.144387026404079410e-01 4.496093750000000000e+01 2.718614240294099371e-01 4.093922444088041179e-01
9.254234683016295815e-01 4.457031250000000000e+01 2.729700898083706195e-01 4.143101004174870039e-01
9.365401893101952258e-01 4.417968750000000000e+01 2.740804498428379699e-01 4.192870325519450492e-01
9.477904507899240771e-01 4.388671875000000000e+01 2.751615800044293625e-01 4.243237504687098482e-01
9.591758569060570006e-01 4.349609375000000000e+01 2.762775064895718335e-01 4.294209723491165809e-01
9.706980310939944401e-01 4.320312500000000000e+01 2.773630587584262064e-01 4.345794250017093741e-01
9.823586162907801400e-01 4.281250000000000000e+01 2.784838825730167611e-01 4.397998439658762360e-01
9.941592751693658636e-01 4.251953125000000000e+01 2.795741487451162688e-01 4.450829736167289941e-01
1.006101690375691415e+00 4.222656250000000000e+01 2.806650507722002197e-01 4.504295672712432808e-01
1.018187564768610276e+00 4.183593750000000000e+01 2.817939960802151034e-01 4.558403872956726666e-01
1.030418621662700707e+00 4.154296875000000000e+01 2.828899243705964572e-01 4.613162052142549263e-01
1.042796605073989635e+00 4.125000000000000000e+01 2.839868686797264452e-01 4.668578018192219292e-01
1.055323279968632288e+00 4.085937500000000000e+01 2.851219545776561004e-01 4.724659672821330814e-01
1.068000432514575770e+00 4.056640625000000000e+01 2.862237902753832497e-01 4.781415012665443109e-01
1.080829870336248222e+00 4.027343750000000000e+01 2.873268325499236386e-01 4.838852130420323028e-01
1.093813422772305533e+00 3.998046875000000000e+01 2.884311728331786506e-01 4.896979215995868051e-01
1.106952941136476465e+00 3.968750000000000000e+01 2.895368836391449263e-01 4.955804557683903822e-01
1.120250298981539050e+00 3.939453125000000000e+01 2.906440178067351554e-01 5.015336543340005448e-01
1.133707392366468225e+00 3.910156250000000000e+01 2.917526061092891032e-01 5.075583661579503580e-01
1.147326140126794902e+00 3.880859375000000000e+01 2.928626570752813074e-01 5.136554502987885629e-01
1.161108484148209996e+00 3.851562500000000000e+01 2.939741550224031497e-01 5.198257761345708161e-01
1.175056389643456711e+00 3.822265625000000000e+01 2.950870587846671222e-01 5.260702234868241955e-01
1.189171845432547503e+00 3.792968750000000000e+01 2.962013003665964761e-01 5.323896827459995151e-01
1.203456864226350342e+00 3.763671875000000000e+01 2.973167834098024431e-01 5.387850549984321002e-01
1.217913482913577150e+00 3.734375000000000000e+01 2.984333818270055172e-01 5.452572521548262330e-01
1.232543762851224134e+00 3.705078125000000000e+01 2.995509382135380094e-01 5.518071970802846948e-01
1.247349790158496674e+00 3.675781250000000000e+01 3.006692623855590218e-01 5.584358237258981728e-01
1.262333676014269601e+00 3.646484375000000000e+01 3.017881297917108796e-01 5.651440772619171771e-01
1.277497556958116620e+00 3.626953125000000000e+01 3.028645116079590749e-01 5.719329142125231247e-01
1.292843595194958395e+00 3.597656250000000000e+01 3.039862203351371694e-01 5.788033025922181274e-01
1.308373978903370372e+00 3.568359375000000000e+01 3.051080091027238983e-01 5.857562220438534695e-01
1.324090922547590754e+00 3.539062500000000000e+01 3.062295158087216529e-01 5.927926639783156482e-01
1.339996667193282587e+00 3.519531250000000000e+01 3.073074581546375028e-01 5.999136317158916265e-01
1.356093480827081921e+00 3.490234375000000000e+01 3.084313204670490194e-01 6.071201406293300629e-01
1.372383658679991125e+00 3.460937500000000000e+01 3.095540491761881730e-01 6.144132182886247184e-01
1.388869523554651320e+00 3.441406250000000000e+01 3.106325256786413580e-01 6.217939046075320331e-01
1.405553426156551211e+00 3.412109375000000000e+01 3.117568454042769499e-01 6.292632519918537337e-01
1.422437745429209865e+00 3.392578125000000000e+01 3.128335430772529735e-01 6.368223254894973540e-01
1.439524888893390919e+00 3.363281250000000000e+01 3.139589292968154588e-01 6.444722029423408660e-01
1.456817292990386203e+00 3.343750000000000000e+01 3.150344640584346045e-01 6.522139751399209651e-01
1.474317423429427176e+00 3.314453125000000000e+01 3.161601649957636040e-01 6.600487459749686536e-01
1.492027775539268131e+00 3.294921875000000000e+01 3.172350233307008605e-01 6.679776326008108889e-01
1.509950874623994466e+00 3.265625000000000000e+01 3.183600394794771082e-01 6.760017655906662704e-01
1.528089276323100432e+00 3.246093750000000000e+01 3.194345615929202187e-01 6.841222890988509775e-01
1.546445566975898522e+00 3.221679687500000000e+01 3.205336246083306251e-01 6.923403610239241557e-01
1.565022363990301368e+00 3.197265625000000000e+01 3.216319869404349885e-01 7.006571531737898484e-01
1.583822316216038306e+00 3.177734375000000000e+01 3.227032125252712880e-01 7.090738514327865616e-01
1.602848104322349254e+00 3.153320312500000000e+01 3.238007260821278432e-01 7.175916559307791154e-01
1.622102441180221177e+00 3.128906250000000000e+01 3.248970418447850728e-01 7.262117812142855344e-01
1.641588072249214880e+00 3.109375000000000000e+01 3.259656538171813445e-01 7.349354564196579620e-01
1.661307775968934974e+00 3.089843750000000000e+01 3.270317590430470434e-01 7.437639254483443541e-01
1.681264364155207414e+00 3.065429687500000000e+01 3.281266946697671272e-01 7.526984471442540459e-01
1.701460682401013003e+00 3.041015625000000000e+01 3.292195288825002231e-01 7.617402954732570564e-01
1.721899610482239273e+00 3.021484375000000000e+01 3.302834225390959833e-01 7.708907597048370031e-01
1.742584062768303799e+00 3.001953125000000000e+01 3.313451958414968535e-01 7.801511445959263824e-01
1.763516988637711558e+00 2.982421875000000000e+01 3.324049709071474901e-01 7.895227705769519710e-01
1.784701372898605864e+00 2.958007812500000000e+01 3.334945225916519096e-01 7.990069739401122195e-01
1.806140236214369033e+00 2.938476562500000000e+01 3.345520654184817033e-01 8.086051070299200560e-01
1.827836635534335397e+00 2.914062500000000000e+01 3.356371685671754035e-01 8.183185384360309733e-01
1.849793664529679083e+00 2.894531250000000000e+01 3.366920663817389858e-01 8.281486531883893720e-01
1.872014454034540254e+00 2.875000000000000000e+01 3.377450055808552398e-01 8.380968529547196955e-01
1.894502172492444902e+00 2.855468750000000000e+01 3.387959997960812153e-01 8.481645562403877792e-01
1.917260026408092344e+00 2.835937500000000000e+01 3.398450437879300678e-01 8.583531985906648343e-01
1.940291260804567486e+00 2.816406250000000000e+01 3.408921125889627368e-01 8.686642327954212650e-01
1.963599159686047368e+00 2.796875000000000000e+01 3.419371605784031765e-01 8.790991290962777427e-01
1.987187046506061927e+00 2.777343750000000000e+01 3.429801206264153635e-01 8.896593753962465101e-01
2.011058284641384031e+00 2.757812500000000000e+01 3.440209031539072093e-01 9.003464774718895614e-01
2.035216277871609414e+00 2.743164062500000000e+01 3.450272089075954729e-01 9.111619591880257829e-01
2.059664470864502217e+00 2.723632812500000000e+01 3.460640172922720970e-01 9.221073627150195851e-01
2.084406349667162317e+00 2.704101562500000000e+01 3.470984724211537698e-01 9.331842487486752269e-01
2.109445442203099486e+00 2.689453125000000000e+01 3.480951717170252535e-01 9.443941967327753595e-01
2.134785318775279883e+00 2.669921875000000000e+01 3.491257391068662286e-01 9.557388050842948735e-01
2.160429592575209057e+00 2.650390625000000000e+01 3.501535878408832403e-01 9.672196914213152530e-01
2.186381920198134932e+00 2.630859375000000000e+01 3.511784611865231276e-01 9.788384927936805147e-01
2.212646002164438297e+00 2.616210937500000000e+01 3.521656456360554577e-01 9.905968659164220425e-01
2.239225583447288503e+00 2.601562500000000000e+01 3.531475746223360912e-01 1.002496487405989845e+00
2.266124454006634537e+00 2.582031250000000000e+01 3.541669264655408766e-01 1.014539054019317987e+00
2.293346449329611847e+00 2.562500000000000000e+01 3.551825658165769228e-01 1.026726282895764841e+00
2.320895450977441321e+00 2.547851562500000000e+01 3.561575234186917238e-01 1.039059911801957226e+00
2.348775387138900772e+00 2.533203125000000000e+01 3.571279210379360025e-01 1.051541699379579420e+00
2.376990233190437340e+00 2.513671875000000000e+01 3.581372392771593471e-01 1.064173425396134132e+00
2.405544012263014952e+00 2.499023437500000000e+01 3.591022847234064952e-01 1.076956890998718830e+00
2.434440795815771885e+00 2.484375000000000000e+01 3.600632302034481036e-01 1.089893918970850084e+00
2.463684704216562604e+00 2.464843750000000000e+01 3.610653526318121087e-01 1.102986353992373214e+00
2.493279907329479350e+00 2.450195312500000000e+01 3.620212345016448618e-01 1.116236062902491222e+00
2.523230625109428971e+00 2.435546875000000000e+01 3.629733625361957761e-01 1.129644934965958303e+00
2.553541128203854704e+00 2.416015625000000000e+01 3.639668250661546867e-01 1.143214882142468802e+00
2.584215738561680631e+00 2.401367187500000000e+01 3.649138729623230271e-01 1.156947839359278696e+00
2.615258830049578709e+00 2.386718750000000000e+01 3.658573795791740246e-01 1.170845764787109111e+00
2.646674829075629454e+00 2.372070312500000000e+01 3.667974455960901214e-01 1.184910640119356984e+00
2.678468215220487725e+00 2.357421875000000000e+01 3.677341587322975336e-01 1.199144470854666134e+00
2.710643521876113127e+00 2.342773437500000000e+01 3.686675931484286184e-01 1.213549286582886522e+00
2.743205336892188040e+00 2.328125000000000000e+01 3.695978088272777740e-01 1.228127141274473644e+00
2.776158303230296998e+00 0.000000000000000000e+00 0.000000000000000000e+00 0.000000000000000000e+00
2.809507119625955340e+00 0.000000000000000000e+00 0.000000000000000000e+00 0.000000000000000000e+00
2.843256541258605719e+00 0.000000000000000000e+00 0.000000000000000000e+00 0.000000000000000000e+00
2.877411380429648613e+00 0.000000000000000000e+00 0.000000000000000000e+00 0.000000000000000000e+00
2.911976507248631219e+00 0.000000000000000000e+00 0.000000000000000000e+00 0.000000000000000000e+00
2.946956850327665745e+00 0.000000000000000000e+00 0.000000000000000000e+00 0.000000000000000000e+00
2.982357397484199257e+00 0.000000000000000000e+00 0.000000000000000000e+00 0.000000000000000000e+00
3.018183196452221217e+00 0.000000000000000000e+00 0.000000000000000000e+00 0.000000000000000000e+00
3.054439355602017958e+00 0.000000000000000000e+00 0.000000000000000000e+00 0.000000000000000000e+00
3.091131044668567363e+00 0.000000000000000000e+00 0.000000000000000000e+00 0.000000000000000000e+00
3.128263495488688761e+00 0.000000000000000000e+00 0.000000000000000000e+00 0.000000000000000000e+00
3.165842002747047523e+00 0.000000000000000000e+00 0.000000000000000000e+00 0.000000000000000000e+00
3.203871924731117371e+00 2.147460937500000000e+01 3.812935921143295048e-01 1.434366583869114864e+00
3.242358684095214105e+00 2.137695312500000000e+01 3.821176337947384538e-01 1.451597023427932509e+00
3.281307768633708211e+00 2.123046875000000000e+01 3.830034559668140104e-01 1.469034444974987252e+00
3.320724732063526030e+00 2.108398437500000000e+01 3.838855362108198888e-01 1.486681334897425932e+00
3.360615194816046536e+00 2.098632812500000000e+01 3.846993975854512415e-01 1.504540209450313082e+00
3.400984844838516707e+00 2.083984375000000000e+01 3.855766876068352222e-01 1.522613615115423258e+00
3.441839438405087659e+00 2.074218750000000000e+01 3.863824808426900570e-01 1.540904128964337705e+00
3.483184800937602521e+00 2.059570312500000000e+01 3.872550077601904506e-01 1.559414359025912633e+00
3.525026827836232446e+00 2.049804687500000000e+01 3.880535786726894698e-01 1.578146944658149975e+00
3.567371485320098845e+00 2.035156250000000000e+01 3.889212412242228356e-01 1.597104556924545227e+00
3.610224811277995105e+00 2.025390625000000000e+01 3.897133560517891948e-01 1.616289898974950345e+00
3.653592916129317913e+00 2.015625000000000000e+01 3.904996335162971843e-01 1.635705706431014983e+00
3.697481983695349861e+00 2.000976562500000000e+01 3.913622527814349938e-01 1.655354747776253355e+00
3.741898272081005672e+00 1.991210937500000000e+01 3.921432517866840217e-01 1.675239824750803352e+00
3.786848114567171297e+00 1.981445312500000000e+01 3.929192198963996074e-01 1.695363772750924092e+00
3.832337920513756213e+00 1.966796875000000000e+01 3.937767299165497725e-01 1.715729461233290287e+00
3.878374176273603258e+00 1.957031250000000000e+01 3.945484102593362352e-01 1.736339794124146296e+00
3.924963446117370136e+00 1.947265625000000000e+01 3.953157935903647835e-01 1.757197710233376897e+00
3.972112373169525146e+00 1.937500000000000000e+01 3.960791617690997413e-01 1.778306183673547203e+00
4.019827680355581023e+00 1.925292968750000000e+01 3.968866724979755456e-01 1.799668224283978546e+00
4.068116171360714795e+00 1.913085937500000000e+01 3.976917733048276338e-01 1.821286878059922509e+00
4.116984731599897529e+00 1.903320312500000000e+01 3.984486049888238401e-01 1.843165227586881727e+00
4.166440329199681436e+00 1.893554687500000000e+01 3.992022940789164975e-01 1.865306392480156950e+00
4.216490015991775309e+00 1.883789062500000000e+01 3.999530820236640860e-01 1.887713529829669001e+00
4.267140928518563747e+00 1.874023437500000000e+01 4.007012020051737844e-01 1.910389834650124463e+00
4.318400289050700280e+00 1.864257812500000000e+01 4.014468784470492380e-01 1.933338540336593692e+00
4.370275406616920932e+00 1.854492187500000000e+01 4.021903266671655319e-01 1.956562919125553579e+00
4.422773678046235446e+00 1.844726562500000000e+01 4.029317522301524290e-01 1.980066282561474544e+00
4.475902589022635603e+00 1.834960937500000000e+01 4.036713506211886404e-01 2.003851981969012819e+00
4.529669715152467191e+00 1.825195312500000000e+01 4.044093067034054689e-01 2.027923408930869087e+00
4.584082723044641483e+00 1.815429687500000000e+01 4.051457942344562357e-01 2.052283995771396974e+00
4.639149371403794575e+00 1.805664062500000000e+01 4.058809753663670805e-01 2.076937216046008228e+00
4.694877512136605979e+00 1.795898437500000000e+01 4.066150001449001516e-01 2.101886585036470745e+00
4.751275091471390155e+00 1.786132812500000000e+01 4.073480059862404357e-01 2.127135660252144511e+00
4.808350151091144831e+00 1.776367187500000000e+01 4.080801171541200700e-01 2.152688041937246943e+00
4.866110829280206218e+00 1.766601562500000000e+01 4.088114442161273066e-01 2.178547373584207136e+00
4.924565362084681652e+00 0.000000000000000000e+00 0.000000000000000000e+00 0.000000000000000000e+00
4.983722084486815973e+00 1.751953125000000000e+01 4.101395062363953903e-01 2.231201680097855355e+00
5.043589431593481720e+00 1.742187500000000000e+01 4.108692288957162542e-01 2.258004162897445433e+00
5.104175939838916598e+00 1.732421875000000000e+01 4.115987659735405590e-01 2.285128612595245023e+00
5.165490248201938250e+00 1.722656250000000000e+01 4.123281587831060246e-01 2.312578896843529019e+00
5.227541099437766903e+00 1.717773437500000000e+01 4.129124293777583499e-01 2.340358929755042894e+00
5.290337341324643283e+00 1.708007812500000000e+01 4.136429190228485542e-01 2.368472672461114481e+00
5.353887927925430112e+00 1.698242187500000000e+01 4.143736174318434218e-01 2.396924133676468838e+00
5.418201920864362364e+00 1.690917968750000000e+01 4.150286425209551155e-01 2.425717370270824791e+00
5.483288490619142586e+00 1.683593750000000000e+01 4.156821020184882087e-01 2.454856487847367319e+00
5.549156917828539370e+00 1.673828125000000000e+01 4.164157575717832849e-01 2.484345641328152166e+00
5.615816594615713697e+00 1.668945312500000000e+01 4.169857265164690352e-01 2.514189035546560369e+00
5.683277025927435666e+00 1.659179687500000000e+01 4.177231241433576048e-01 2.544390925846856888e+00
5.751547830889379931e+00 1.651855468750000000e+01 4.183761836350552432e-01 2.574955618690961678e+00
5.820638744177716539e+00 1.644531250000000000e+01 4.190292571636665131e-01 2.605887472272501615e+00
5.890559617407159720e+00 1.634765625000000000e+01 4.197719290732379038e-01 2.637190897138237844e+00
5.961320420535717979e+00 1.629882812500000000e+01 4.203366862539371640e-01 2.668870356816970713e+00
6.032931243286284051e+00 1.620117187500000000e+01 4.210848395322918103e-01 2.700930368455983555e+00
6.105402296585328514e+00 1.615234375000000000e+01 4.216478010893062733e-01 2.733375503465140799e+00
6.178743914018866690e+00 1.605468750000000000e+01 4.224020738480606663e-01 2.766210388168719447e+00
6.252966553305915554e+00 1.600585937500000000e+01 4.229648366982855512e-01 2.799439704465078282e+00
6.328080797789651157e+00 1.593261718750000000e+01 4.236262272340265977e-01 2.833068190494240746e+00
6.404097357946477942e+00 1.585937500000000000e+01 4.242898583052337469e-01 2.867100641313502507e+00
6.481027072913223996e+00 1.581054687500000000e+01 4.248496034314080405e-01 2.901541909581159651e+00
6.558880912032694965e+00 1.571289062500000000e+01 4.256247456402125762e-01 2.936396906248438299e+00
6.637669976417768680e+00 1.566406250000000000e+01 4.261882153150895469e-01 2.971670601259747357e+00
6.717405500534301410e+00 1.559082031250000000e+01 4.268622712465258151e-01 3.007368024261337425e+00
6.798098853803041131e+00 1.551757812500000000e+01 4.275397374336776246e-01 3.043494265318472891e+00
6.879761542220779624e+00 1.546875000000000000e+01 4.281062667154170165e-01 3.080054475641222034e+00
6.962405210000989442e+00 1.539550781250000000e+01 4.287907671610535765e-01 3.117053868318961474e+00
7.046041641234150887e+00 1.532226562500000000e+01 4.294792916615546297e-01 3.154497719063707795e+00
7.130682761568055028e+00 1.527343750000000000e+01 4.300523581864891809e-01 3.192391366962378463e+00
7.216340639908248811e+00 1.522460937500000000e+01 4.306252475368315680e-01 3.230740215238082413e+00
7.303027490138946476e+00 1.515136718750000000e+01 4.313272089898527728e-01 3.269549732020564647e+00
7.390755672864586678e+00 1.507812500000000000e+01 4.320339447566667324e-01 3.308825451125904760e+00
7.479537697172329302e+00 1.502929687500000000e+01 4.326178545806643738e-01 3.348572972845571538e+00
7.569386222415709575e+00 1.498046875000000000e+01 4.332033156647486782e-01 3.388797964744971747e+00
7.660314060019723925e+00 1.493164062500000000e+01 4.337907943546546741e-01 3.429506162471577024e+00
7.752334175307612263e+00 1.485839843750000000e+01 4.345205451710463795e-01 3.470703370572775448e+00
7.845459689349552512e+00 1.480957031250000000e+01 4.351172577629665028e-01 3.512395463323518374e+00
7.939703880833598681e+00 1.476074218750000000e+01 4.357172270070898135e-01 3.554588385563949071e+00
8.035080187959069420e+00 1.468750000000000000e+01 4.364666204374444969e-01 3.597288153547056666e+00
8.131602210352694371e+00 1.463867187500000000e+01 4.370778435628840941e-01 3.640500855796539703e+00
8.229283711007768787e+00 1.458984375000000000e+01 4.376934880727969546e-01 3.684232653974953031e+00
8.328138618246615721e+00 1.454101562500000000e+01 4.383139624793840894e-01 3.728489783762306775e+00
8.428181027706594719e+00 1.449218750000000000e+01 4.389396659908848530e-01 3.773278555745190221e+00
8.529425204350021161e+00 1.444335937500000000e+01 4.395709880792579849e-01 3.818605356316615129e+00
8.631885584498153463e+00 1.439453125000000000e+01 4.402083080072670684e-01 3.864476648586621099e+00
8.735576777889686895e+00 0.000000000000000000e+00 0.000000000000000000e+00 0.000000000000000000e+00
8.840513569763928103e+00 0.000000000000000000e+00 0.000000000000000000e+00 0.000000000000000000e+00
8.946710922969016266e+00 0.000000000000000000e+00 0.000000000000000000e+00 0.000000000000000000e+00
9.054183980095462658e+00 0.000000000000000000e+00 0.000000000000000000e+00 0.000000000000000000e+00
9.162948065635312389e+00 0.000000000000000000e+00 0.000000000000000000e+00 0.000000000000000000e+00
9.273018688167271151e+00 0.000000000000000000e+00 0.000000000000000000e+00 0.000000000000000000e+00
9.384411542568035003e+00 0.000000000000000000e+00 0.000000000000000000e+00 0.000000000000000000e+00
9.497142512250219326e+00 0.000000000000000000e+00 0.000000000000000000e+00 0.000000000000000000e+00
9.611227671427169383e+00 0.000000000000000000e+00 0.000000000000000000e+00 0.000000000000000000e+00
9.726683287404954470e+00 0.000000000000000000e+00 0.000000000000000000e+00 0.000000000000000000e+00
9.843525822901922240e+00 0.000000000000000000e+00 0.000000000000000000e+00 0.000000000000000000e+00
9.961771938396092096e+00 0.000000000000000000e+00 0.000000000000000000e+00 0.000000000000000000e+00
1.008143849450077489e+01 0.000000000000000000e+00 0.000000000000000000e+00 0.000000000000000000e+00
1.020254255436869784e+01 1.378417968750000000e+01 4.493683709394575843e-01 4.567656402718803577e+00
1.032510138612502537e+01 1.373535156250000000e+01 4.501319671271453715e-01 4.622525728634215625e+00
1.044913246532961892e+01 1.371093750000000000e+01 4.507018171768519266e-01 4.678054176572166156e+00
1.057465347746884810e+01 1.366210937500000000e+01 4.514873464869555431e-01 4.734249664286941162e+00
1.070168232047736190e+01 1.363769531250000000e+01 4.520737069258589647e-01 4.791120204645467062e+00
1.083023710729012912e+01 1.358886718750000000e+01 4.528824402747404498e-01 4.848673906769851882e+00
1.096033616842515457e+01 1.356445312500000000e+01 4.534871743601882610e-01 4.906918977193658549e+00
1.109199805459720878e+01 1.351562500000000000e+01 4.543202679804053123e-01 4.965863721032077294e+00
1.122524153936295477e+01 1.349121093750000000e+01 4.549451473805290469e-01 5.025516543166125061e+00
1.136008562179786097e+01 1.346679687500000000e+01 4.555781359548369269e-01 5.085885949441114384e+00
1.149654952920525908e+01 1.341796875000000000e+01 4.564503321997642193e-01 5.146980547879474344e+00
1.163465271985794836e+01 1.339355468750000000e+01 4.571060972754881768e-01 5.208809049908169619e+00
1.177441488577273887e+01 1.336914062500000000e+01 4.577714663365009540e-01 5.271380271600863310e+00
1.191585595551829790e+01 1.334472656250000000e+01 4.584469659448210388e-01 5.334703134934970947e+00
1.205899609705680930e+01 1.332031250000000000e+01 4.591331124720915424e-01 5.398786669063872168e+00
1.220385572061961987e+01 1.327148437500000000e+01 4.600773449379144675e-01 5.463640011604333324e+00
1.235045548161757623e+01 1.324707031250000000e+01 4.607903703023281117e-01 5.529272409939454569e+00
1.249881628358624219e+01 1.322265625000000000e+01 4.615153600972708436e-01 5.595693222537244438e+00
1.264895928116652435e+01 1.319824218750000000e+01 4.622527824151313469e-01 5.662911920285022660e+00
1.280090588312108579e+01 1.317382812500000000e+01 4.630030929096430881e-01 5.730938087839886563e+00
1.295467775538701005e+01 1.314941406250000000e+01 4.637667343353587546e-01 5.799781424995363643e+00
1.311029682416512365e+01 1.312500000000000000e+01 4.645441360827208266e-01 5.869451748064500762e+00
1.326778527904643745e+01 1.310058593750000000e+01 4.653357137060580295e-01 5.939958991279567613e+00
1.342716557617614193e+01 1.307617187500000000e+01 4.661418684462596551e-01 6.011313208208560965e+00
1.358846044145560938e+01 1.305175781250000000e+01 4.669629867441630333e-01 6.083524573188748619e+00
1.375169287378285965e+01 1.302734375000000000e+01 4.677994397528081327e-01 6.156603382777412037e+00
1.391688614833195459e+01 1.302734375000000000e+01 4.683694466149671554e-01 6.230560057220015047e+00
1.408406381987177092e+01 1.300292968750000000e+01 4.692355454707566320e-01 6.305405141936028635e+00
1.425324972612471086e+01 1.297851562500000000e+01 4.701181984568902350e-01 6.381149309022606353e+00
1.442446799116562062e+01 1.295410156250000000e+01 4.710177140910776217e-01 6.457803358776278202e+00
1.459774302886167341e+01 1.292968750000000000e+01 4.719343830246912619e-01 6.535378221232971185e+00
1.477309954635351019e+01 1.292968750000000000e+01 4.725709010374415375e-01 6.613884957726521741e+00
1.495056254757821534e+01 1.290527343750000000e+01 4.735216094622507477e-01 6.693334762465893206e+00
1.513015733683459629e+01 1.288085937500000000e+01 4.744904515796674049e-01 6.773738964131347906e+00
1.531190952239130887e+01 1.288085937500000000e+01 4.751703034373094825e-01 6.855109027489796780e+00
1.549584502013832221e+01 1.285644531250000000e+01 4.761756099386993957e-01 6.937456555029553940e+00
1.568199005728223128e+01 1.285644531250000000e+01 4.768845988886577514e-01 7.020793288614716410e+00
1.587037117608598358e+01 1.283203125000000000e+01 4.779279630500078979e-01 7.105131111159434631e+00
1.606101523765351402e+01 1.283203125000000000e+01 4.786684031444722875e-01 7.190482048322287767e+00
1.625394942575984203e+01 1.280761718750000000e+01 4.797512867905257550e-01 7.276858270221000957e+00
1.644920125072719586e+01 1.280761718750000000e+01 4.805253815789130578e-01 7.364272093167790523e+00
1.664679855334766856e+01 1.278320312500000000e+01 4.816491069765780897e-01 7.452735981425515632e+00
1.684676950885301494e+01 1.278320312500000000e+01 4.824589418647911021e-01 7.542262548984958848e+00
1.704914263093218452e+01 1.275878906250000000e+01 4.836246833580417070e-01 7.632864561363462919e+00
1.725394677579696889e+01 1.275878906250000000e+01 4.844722177685835129e-01 7.724554937425105017e+00
1.746121114629665882e+01 1.275878906250000000e+01 4.853364203481246308e-01 7.817346751222835621e+00
1.767096529608203426e+01 1.275878906250000000e+01 4.862179361793734222e-01 7.911253233862669987e+00
1.788323913381938013e+01 1.273437500000000000e+01 4.874728515859195754e-01 8.006287775390312333e+00
1.809806292745516032e+01 1.273437500000000000e+01 4.883960051062975483e-01 8.102463926700423258e+00
1.831546730853187910e+01 1.273437500000000000e+01 4.893381128672354419e-01 8.199795401468835010e+00
1.853548327655582284e+01 1.273437500000000000e+01 4.902997596180848072e-01 8.298296078107977536e+00
1.875814220341723626e+01 1.273437500000000000e+01 4.912815144528837052e-01 8.397980001745771972e+00
1.898347583786362947e+01 1.270996093750000000e+01 4.926552262745586552e-01 8.498861386228330872e+00
1.921151631002679849e+01 1.270996093750000000e+01 4.936828717971318836e-01 8.600954616146701426e+00
1.944229613600422724e+01 1.270996093750000000e+01 4.947320091089594252e-01 8.704274248887930554e+00
1.967584822249554577e+01 1.270996093750000000e+01 4.958031368463645117e-01 8.808835016710812482e+00
1.991220587149464905e+01 1.270996093750000000e+01 4.968967354338776343e-01 8.914651828846531956e+00
2.015140278503819360e+01 1.270996093750000000e+01 4.980132665541293635e-01 9.021739773624563696e+00
2.039347307001122545e+01 1.270996093750000000e+01 4.991531726089313281e-01 9.130114120624131857e+00
2.063845124301031575e+01 1.273437500000000000e+01 4.999221777848021353e-01 9.239790322851440862e+00
2.088637223526534825e+01 1.273437500000000000e+01 5.011076844467206026e-01 9.350784018943127052e+00
2.113727139762030660e+01 1.273437500000000000e+01 5.023180179064171691e-01 9.463111035396167381e+00
2.139118450557392492e+01 1.273437500000000000e+01 5.035535410666572842e-01 9.576787388824554270e+00
2.164814776438088018e+01 1.273437500000000000e+01 5.048145947764536290e-01 9.691829288243095419e+00
2.190819781421427237e+01 1.275878906250000000e+01 5.056893432880545936e-01 9.808253137378644126e+00
2.217137173539012096e+01 1.275878906250000000e+01 5.070012266399075429e-01 9.926075537009092287e+00
2.243770705365460216e+01 1.275878906250000000e+01 5.083397862409351209e-01 1.004531328733045825e+01
2.270724174553482300e+01 1.275878906250000000e+01 5.097052721279264897e-01 1.016598339035240883e+01
2.298001424375387103e+01 1.278320312500000000e+01 5.106746498599405992e-01 1.028810305232258493e+01
2.325606344271087877e+01 1.278320312500000000e+01 5.120945105625294147e-01 1.041168968617999369e+01
2.353542870402696607e+01 1.280761718750000000e+01 5.131108742858890848e-01 1.053676091403792014e+01
2.381814986215774255e+01 1.280761718750000000e+01 5.145868744013766261e-01 1.066333456969663906e+01
2.410426723007337557e+01 1.283203125000000000e+01 5.156529201171518029e-01 1.079142870118636921e+01
2.439382160500662877e+01 1.283203125000000000e+01 5.171866446161738073e-01 1.092106157334065486e+01
2.468685427427020329e+01 1.285644531250000000e+01 5.183049044614210787e-01 1.105225167040076784e+01
2.498340702114384726e+01 1.285644531250000000e+01 5.198977493027838737e-01 1.118501769865136453e+01
2.528352213083218203e+01 1.288085937500000000e+01 5.210705825571504413e-01 1.131937858908779759e+01
2.558724239649411558e+01 1.289306640625000000e+01 5.224971266838914774e-01 1.145535350011545894e+01
2.589461112534470288e+01 1.290527343750000000e+01 5.239533288654101284e-01 1.159296182028156608e+01
2.620567214483025609e+01 1.292968750000000000e+01 5.252092652762605507e-01 1.173222317103977019e+01
2.652046980887768513e+01 1.295410156250000000e+01 5.264922991768902216e-01 1.187315740954793952e+01
2.683904900421887518e+01 1.295410156250000000e+01 5.282719815592090695e-01 1.201578463149959930e+01
2.716145515679104960e+01 1.297851562500000000e+01 5.296160870241796159e-01 1.216012517398933923e+01
2.748773423821402417e+01 1.300292968750000000e+01 5.309891091599868718e-01 1.230619961841267340e+01
2.781793277234524453e+01 1.302734375000000000e+01 5.323916984974619293e-01 1.245402879340073099e+01
2.815209784191360143e+01 1.305175781250000000e+01 5.338244811827839165e-01 1.260363377779016325e+01
2.849027709523286944e+01 1.307617187500000000e+01 5.352880582058304748e-01 1.275503590362878548e+01
2.883251875299598055e+01 1.310058593750000000e+01 5.367830047993580322e-01 1.290825675921731630e+01
2.917887161515057315e+01 1.312500000000000000e+01 5.383098698290222917e-01 1.306331819218756962e+01
2.952938506785746142e+01 1.314941406250000000e+01 5.398691751739603806e-01 1.322024231261774219e+01
2.988410909053254372e+01 1.317382812500000000e+01 5.414614150998504627e-01 1.337905149618505085e+01
3.024309426297331527e+01 1.319824218750000000e+01 5.430870556240325886e-01 1.353976838735626664e+01
3.060639177257099774e+01 1.322265625000000000e+01 5.447465338683016300e-01 1.370241590261657727e+01
3.097405342160931596e+01 1.324707031250000000e+01 5.464402574050692962e-01 1.386701723373721507e+01
3.134613163465093066e+01 0.000000000000000000e+00 0.000000000000000000e+00 0.000000000000000000e+00
3.172267946601262167e+01 0.000000000000000000e+00 0.000000000000000000e+00 0.000000000000000000e+00
3.210375060733025521e+01 0.000000000000000000e+00 0.000000000000000000e+00 0.000000000000000000e+00
3.248939939521461895e+01 0.000000000000000000e+00 0.000000000000000000e+00 0.000000000000000000e+00
3.287968081899924044e+01 1.341796875000000000e+01 5.544069452912173679e-01 1.472016252928487567e+01
3.327465052858129013e+01 1.344238281250000000e+01 5.563135772067674401e-01 1.489698962049655862e+01
3.367436484235661709e+01 1.347900390625000000e+01 5.579955021248664826e-01 1.507594086082169227e+01
3.407888075525011828e+01 1.351562500000000000e+01 5.597133287641133936e-01 1.525704176676581447e+01
3.448825594684274876e+01 1.354003906250000000e+01 5.617321722182797572e-01 1.544031816135351498e+01
3.490254878959579088e+01 1.358886718750000000e+01 5.632590294300761080e-01 1.562579617781042352e+01
3.532181835717426566e+01 1.362548828125000000e+01 5.650879926222706073e-01 1.581350226328957476e+01
3.574612443287015395e+01 1.366210937500000000e+01 5.669550345478785447e-01 1.600346318264245937e+01
3.617552751812687717e+01 1.371093750000000000e+01 5.685900794422000804e-01 1.619570602223544142e+01
3.661008884116611029e+01 1.373535156250000000e+01 5.708051580079182008e-01 1.639025819381194538e+01
3.704987036571828440e+01 1.378417968750000000e+01 5.725174971316613348e-01 1.658714743840108241e+01
3.749493479985793698e+01 0.000000000000000000e+00 0.000000000000000000e+00 0.000000000000000000e+00
3.794534560494520292e+01 1.388183593750000000e+01 5.760545112827930581e-01 1.698804978094309348e+01
3.840116700467471134e+01 1.391845703125000000e+01 5.781586307075194942e-01 1.719212004322092113e+01
3.886246399423319531e+01 1.395507812500000000e+01 5.803037845154318530e-01 1.739864171531230852e+01
3.932930234956709370e+01 1.400390625000000000e+01 5.822129730652289004e-01 1.760764424496728253e+01
3.980174863676149499e+01 1.405273437500000000e+01 5.841627165118606912e-01 1.781915743367926552e+01
4.027987022153168795e+01 1.410156250000000000e+01 5.861536472068163972e-01 1.803321144093439798e+01
4.076373527882896042e+01 1.415039062500000000e+01 5.881863583156952124e-01 1.824983678851203805e+01
4.125341280256134269e+01 1.419921875000000000e+01 5.902614031605490919e-01 1.846906436483672209e+01
4.174897261543156901e+01 1.424804687500000000e+01 5.923792945509754881e-01 1.869092542938259882e+01
4.225048537889299638e+01 1.430908203125000000e+01 5.942554637074684010e-01 1.891545161713066037e+01
4.275802260322515025e+01 1.437011718750000000e+01 5.961726984174042787e-01 1.914267494307956952e+01
4.327165665773031833e+01 1.441894531250000000e+01 5.984214161292520373e-01 1.937262780681061258e+01
4.379146078105264905e+01 1.446777343750000000e+01 6.007149644337074212e-01 1.960534299710758788e+01
4.431750909162114738e+01 1.452880859375000000e+01 6.027643163266290793e-01 1.984085369663206677e+01
4.484987659821820216e+01 1.458984375000000000e+01 6.048578137312221603e-01 2.007919348665492265e+01
4.538863921067497387e+01 1.463867187500000000e+01 6.072885251528953310e-01 2.032039635184462867e+01
4.593387375069533363e+01 1.471191406250000000e+01 6.091802110425356132e-01 2.056449668511313078e+01
4.648565796280992402e+01 1.476074218750000000e+01 6.117050390484419786e-01 2.081152929251990713e+01
4.704407052546144286e+01 1.483398437500000000e+01 6.136876293021852335e-01 2.106152939823489589e+01
4.760919106222353037e+01 1.488281250000000000e+01 6.163082887671360588e-01 2.131453264956110161e+01
4.818110015315414785e+01 1.495605468750000000e+01 6.183847932937126535e-01 2.157057512201751237e+01
4.875987934628544451e+01 1.502929687500000000e+01 6.205070922803108679e-01 2.182969332448309174e+01
4.934561116925161173e+01 1.507812500000000000e+01 6.232756593589022787e-01 2.209192420440252391e+01
4.993837914105643705e+01 1.515136718750000000e+01 6.254960375517419902e-01 2.235730515305453991e+01
5.053826778398218522e+01 1.522460937500000000e+01 6.277646475575087148e-01 2.262587401088349637e+01
5.114536263564160379e+01 1.529785156250000000e+01 6.300823309730846367e-01 2.289766907289501674e+01
5.175975026117460942e+01 1.537109375000000000e+01 6.324498759709784590e-01 2.317272909411642345e+01
5.238151826559155921e+01 1.544433593750000000e+01 6.348680167854715561e-01 2.345109329512283836e+01
5.301075530626479093e+01 1.551757812500000000e+01 6.373374331854851915e-01 2.373280136762955195e+01
5.364755110557017304e+01 1.559082031250000000e+01 6.398587499304019266e-01 2.401789348015166325e+01
5.429199646368056165e+01 1.566406250000000000e+01 6.424325362106048098e-01 2.430641028373165469e+01
5.494418327151285553e+01 1.573730468750000000e+01 6.450593050683758323e-01 2.459839291773579362e+01
5.560420452383086598e+01 1.581054687500000000e+01 6.477395128142506842e-01 2.489388301572023821e+01
5.627215433250503906e+01 1.588378906250000000e+01 6.504735584061908105e-01 2.519292271136737327e+01
5.694812793993199307e+01 1.598144531250000000e+01 6.526455936974555616e-01 2.549555464449374398e+01
5.763222173261501524e+01 1.605468750000000000e+01 6.554894069658921962e-01 2.580182196712998888e+01
5.832453325490770624e+01 1.612792968750000000e+01 6.583882882804582559e-01 2.611176834967382732e+01
5.902516122292277601e+01 1.622558593750000000e+01 6.607237120554226850e-01 2.642543798711705350e+01
5.973420553860786697e+01 1.629882812500000000e+01 6.637354536170005925e-01 2.674287560534718367e+01
6.045176730399049347e+01 1.639648437500000000e+01 6.661822763357475585e-01 2.706412646752493956e+01
6.117794883559410124e+01 1.646972656250000000e+01 6.693085826741160815e-01 2.738923638053824661e+01
6.191285367902730030e+01 1.656738281250000000e+01 6.718698829025727681e-01 2.771825170153383056e+01
6.265658662374831067e+01 1.666503906250000000e+01 6.744879200432728483e-01 2.805121934452721177e+01
6.340925371800685184e+01 1.676269531250000000e+01 6.771636918247885273e-01 2.838818678709216670e+01
6.417096228396542301e+01 1.683593750000000000e+01 6.805268356757847581e-01 2.872920207713050189e+01
6.494182093300227621e+01 1.693359375000000000e+01 6.833224751644949579e-01 2.907431383972311423e+01
6.572193958119838442e+01 1.703125000000000000e+01 6.861779847387308173e-01 2.942357128406354505e+01
6.651142946501001063e+01 1.712890625000000000e+01 6.890940778170527858e-01 2.977702421047449732e+01
6.731040315712998279e+01 1.722656250000000000e+01 6.920713951201831193e-01 3.013472301750892868e+01
6.811897458253930893e+01 1.733642578125000000e+01 6.947948574225821794e-01 3.049671870913629590e+01
6.893725903475169048e+01 1.744628906250000000e+01 6.975793852779619275e-01 3.086306290201522629e+01
6.976537319225302269e+01 1.754394531250000000e+01 7.007443141084768179e-01 3.123380783285340812e+01
7.060343513513858227e+01 1.764160156250000000e+01 7.039727065089042002e-01 3.160900636585605383e+01
7.145156436194990590e+01 1.775146484375000000e+01 7.069480298383321593e-01 3.198871200026371397e+01
7.230988180671400301e+01 1.786132812500000000e+01 7.099877664582476822e-01 3.237297887798069951e+01
7.317850985618724735e+01 1.797119140625000000e+01 7.130926642775300417e-01 3.276186179129515352e+01
7.405757236730639193e+01 1.808105468750000000e+01 7.162633894921189848e-01 3.315541619069180967e+01
7.494719468484922231e+01 1.820312500000000000e+01 7.191812751818921212e-01 3.355369819275864529e+01
7.584750365930736393e+01 1.830078125000000000e+01 7.228045776007658851e-01 3.395676458818849142e+01
7.675862766497378686e+01 1.842285156250000000e+01 7.258575680433542177e-01 3.436467284987674731e+01
7.768069661824750938e+01 1.854492187500000000e+01 7.289781953971702366e-01 3.477748114111642508e+01
7.861384199615858392e+01 1.866699218750000000e+01 7.321673668246158062e-01 3.519524832389164004e+01
7.955819685511480088e+01 1.878906250000000000e+01 7.354258976224297140e-01 3.561803396727060544e+01
8.051389584987447279e+01 1.891113281250000000e+01 7.387545125873222762e-01 3.604589835589956692e+01
8.148107525274654961e+01 1.903320312500000000e+01 7.421538455525383826e-01 3.647890249859875667e+01
8.245987297302168884e+01 1.915527343750000000e+01 7.456244395859854546e-01 3.691710813706157523e+01
8.345042857663652569e+01 1.927734375000000000e+01 7.491667470198206669e-01 3.736057775465830844e+01
8.445288330607434091e+01 1.941162109375000000e+01 7.524613059910695290e-01 3.780937458534555873e+01
8.546738010050466983e+01 1.954589843750000000e+01 7.558287508546552846e-01 3.826356262268269859e+01
8.649406361616485128e+01 1.966796875000000000e+01 7.595904039846400613e-01 3.872320662895670296e+01
8.753308024698651479e+01 1.981445312500000000e+01 7.627855454008023450e-01 3.918837214441654737e+01
8.858457814546966347e+01 1.993652343750000000e+01 7.666965087006933910e-01 3.965912549661847919e+01
8.964870724380770639e+01 2.008300781250000000e+01 7.700426229035687298e-01 4.013553380988366825e+01
9.072561927526612635e+01 2.022949218750000000e+01 7.734645613013605425e-01 4.061766501486940228e+01
9.181546779581798035e+01 2.037597656250000000e+01 7.769633443268488815e-01 4.110558785825521966e+01
9.291840820603924556e+01 2.051025390625000000e+01 7.808610585032136342e-01 4.159937191254542199e+01
9.403459777326760616e+01 2.065673828125000000e+01 7.845161461783408674e-01 4.209908758598952261e+01
9.516419565402657099e+01 2.080322265625000000e+01 7.882502493187990567e-01 4.260480613262150484e+01
9.630736291671972538e+01 2.096191406250000000e+01 7.917434650796594253e-01 4.311659966241992947e+01
9.746426256459737658e+01 2.110839843750000000e+01 7.956379212222105535e-01 4.363454115159006363e+01
9.863505955899896094e+01 2.125488281250000000e+01 7.996130397826632930e-01 4.415870445296953051e+01
9.981992084287476530e+01 2.141357421875000000e+01 8.033499934563756995e-01 4.468916430655880845e+01
1.010190153645901745e+02 2.157226562500000000e+01 8.071694161804467971e-01 4.522599635017849096e+01
1.022325141020159123e+02 2.174316406250000000e+01 8.107520244631020168e-01 4.576927713025427380e+01
1.034605900869075725e+02 0.000000000000000000e+00 0.000000000000000000e+00 0.000000000000000000e+00
1.047034184295781216e+02 2.206054687500000000e+01 8.188102611597920522e-01 4.687549569412219341e+01
1.059611763438666827e+02 2.223144531250000000e+01 8.226474610953589117e-01 4.743859121268098988e+01
1.072340431724073682e+02 2.240234375000000000e+01 8.265708937496164532e-01 4.800845095972049847e+01
1.085222004122015136e+02 2.257324218750000000e+01 8.305813518817780627e-01 4.858515619105862982e+01
1.098258317404971507e+02 2.274414062500000000e+01 8.346795006183642673e-01 4.916878913860507794e+01
1.111451230409797830e+02 2.291503906250000000e+01 8.388658786403354606e-01 4.975943302208689545e+01
1.124802624302767242e+02 2.308593750000000000e+01 8.431408992592213103e-01 5.035717206091430853e+01
1.138314402847809390e+02 2.325683593750000000e+01 8.475048513841612063e-01 5.096209148618984841e+01
1.151988492677965752e+02 2.345214843750000000e+01 8.513259942949010783e-01 5.157427755286126114e+01
1.165826843570105922e+02 2.362304687500000000e+01 8.558713258465904250e-01 5.219381755202046236e+01
1.179831428722944793e+02 2.381835937500000000e+01 8.598764260589033537e-01 5.282079982335041279e+01
1.194004245038400143e+02 2.401367187500000000e+01 8.639743641623339743e-01 5.345531376772133569e+01
1.208347313406327999e+02 2.420898437500000000e+01 8.681661523556628568e-01 5.409744985993832955e+01
1.222862678992680259e+02 2.440429687500000000e+01 8.724526549048761126e-01 5.474729966164208150e+01
1.237552411531123084e+02 2.459960937500000000e+01 8.768345894198973367e-01 5.540495583436459270e+01
1.252418605618158267e+02 2.479492187500000000e+01 8.813125291306811437e-01 5.607051215274162104e+01
1.267463381011790489e+02 2.499023437500000000e+01 8.858869045556111432e-01 5.674406351788407932e+01
1.282688882933780974e+02 2.518554687500000000e+01 8.905580050899053468e-01 5.742570597090974616e+01
1.298097282375533723e+02 2.540527343750000000e+01 8.947016683906078294e-01 5.811553670663782611e+01
1.313690776407653686e+02 2.560058593750000000e+01 8.995697792838229789e-01 5.881365408744768075e+01
1.329471588493229604e+02 2.582031250000000000e+01 9.039136090949849711e-01 5.952015765730456565e+01
1.345441968804869930e+02 2.604003906250000000e+01 9.083585688464105301e-01 6.023514815595319050e+01
1.361604194545555515e+02 2.625976562500000000e+01 9.129055896351804256e-01 6.095872753328221449e+01
1.377960570273345411e+02 2.647949218750000000e+01 9.175554375699704890e-01 6.169099896386127568e+01
1.394513428229980150e+02 2.669921875000000000e+01 9.223087164302435914e-01 6.243206686165252961e+01
1.411265128673434504e+02 2.691894531250000000e+01 9.271658701221719978e-01 6.318203689489887154e+01
1.428218060214464629e+02 2.713867187500000000e+01 9.321271849398838905e-01 6.394101600119117990e+01
1.445374640157198769e+02 2.738281250000000000e+01 9.365780479243066559e-01 6.470911240271641418e+01
1.462737314843817842e+02 2.760253906250000000e+01 9.417512482934627949e-01 6.548643562168892629e+01
1.480308560003377067e+02 2.784667968750000000e+01 9.464175985764168297e-01 6.627309649596712404e+01
1.498090881104818664e+02 2.809082031250000000e+01 9.511928694170915799e-01 6.706920719485779614e+01
1.516086813714224490e+02 2.833496093750000000e+01 9.560779036706719136e-01 6.787488123511015203e+01
1.534298923856360091e+02 2.857910156250000000e+01 9.610733636368073984e-01 6.869023349710218440e+01
1.552729808380562417e+02 2.882324218750000000e+01 9.661797343580883490e-01 6.951538024122132242e+01
1.571382095331019286e+02 2.906738281250000000e+01 9.713973263777280209e-01 7.035043912444177749e+01
1.590258444321508478e+02 2.933593750000000000e+01 9.761217007866883622e-01 7.119552921710150883e+01
1.609361546914618941e+02 2.958007812500000000e+01 9.815652857535318576e-01 7.205077101987990318e+01
1.628694127005545056e+02 2.984863281250000000e+01 9.865195010190943581e-01 7.291628648098014764e+01
1.648258941210482647e+02 3.011718750000000000e+01 9.915899080360927043e-01 7.379219901351765998e+01
1.668058779259692983e+02 3.038574218750000000e+01 9.967772900135384306e-01 7.467863351311740416e+01
1.688096464395288763e+02 3.065429687500000000e+01 1.002082234346041600e+00 7.557571637572283407e+01
1.708374853773795508e+02 3.092285156250000000e+01 1.007505136495068898e+00 7.648357551561831258e+01
1.728896838873554032e+02 3.121582031250000000e+01 1.012450917977953946e+00 7.740234038366851621e+01
1.749665345907011158e+02 3.148437500000000000e+01 1.018113306392101292e+00 7.833214198577661591e+01
1.770683336237967751e+02 3.177734375000000000e+01 1.023302449561388494e+00 7.927311290156436030e+01
1.791953806803836642e+02 3.207031250000000000e+01 1.028614636442935160e+00 8.022538730327642043e+01
1.813479790542972694e+02 3.236328125000000000e+01 1.034050653799328590e+00 8.118910097491195188e+01
1.835264356827137533e+02 3.265625000000000000e+01 1.039611076764112241e+00 8.216439133158593222e+01
1.857310611899156925e+02 3.294921875000000000e+01 1.045296273444346724e+00 8.315139743912294534e+01
1.879621699315844126e+02 3.326660156250000000e+01 1.050521098578105272e+00 8.415026003388678077e+01
1.902200800396226725e+02 3.355957031250000000e+01 1.056459357585519454e+00 8.516112154284741109e+01
1.925051134675174467e+02 3.387695312500000000e+01 1.061941409627367827e+00 8.618412610389000861e+01
1.948175960362469255e+02 3.419433593750000000e+01 1.067553465917241429e+00 8.721941958636703873e+01
1.971578574807389828e+02 3.451171875000000000e+01 1.073296197320111833e+00 8.826714961189809117e+01
1.995262314968878741e+02 3.482910156250000000e+01 1.079170050475607434e+00 8.932746557541869947e+01
