# First column is time, second column is the perturbation of detonation velocity.
  0.0000000000000000e+00   1.0000000000000000e-10
  5.0000000000000001e-03   1.0010215736739149e-10
  1.0000000000000000e-02   1.0018530870703248e-10
  1.4999999999999999e-02   1.0026215220307396e-10
  2.0000000000000000e-02   1.0034116670309304e-10
  2.5000000000000001e-02   1.0042699530768879e-10
  2.9999999999999999e-02   1.0052100274573931e-10
  3.5000000000000003e-02   1.0062204415729805e-10
  4.0000000000000001e-02   1.0072739825648656e-10
  4.4999999999999998e-02   1.0083375458592990e-10
  5.0000000000000003e-02   1.0093811423443017e-10
  5.5000000000000000e-02   1.0103847012983759e-10
  5.9999999999999998e-02   1.0113417276864993e-10
  6.5000000000000002e-02   1.0122594889569944e-10
  7.0000000000000007e-02   1.0131560886151926e-10
  7.4999999999999997e-02   1.0140553723777398e-10
  8.0000000000000002e-02   1.0149809785032897e-10
  8.5000000000000006e-02   1.0159509151405078e-10
  8.9999999999999997e-02   1.0169738224829169e-10
  9.5000000000000001e-02   1.0180476207598925e-10
  1.0000000000000001e-01   1.0191606691852340e-10
  1.0500000000000000e-01   1.0202949984797743e-10
  1.1000000000000000e-01   1.0214307522854216e-10
  1.1500000000000000e-01   1.0225507653093198e-10
  1.2000000000000000e-01   1.0236442492960633e-10
  1.2500000000000000e-01   1.0247088256235214e-10
  1.3000000000000000e-01   1.0257505613630990e-10
  1.3500000000000001e-01   1.0267821316028365e-10
  1.4000000000000001e-01   1.0278196384186976e-10
  1.4499999999999999e-01   1.0288788797409143e-10
  1.4999999999999999e-01   1.0299719308895307e-10
  1.5500000000000000e-01   1.0311047751732494e-10
  1.6000000000000000e-01   1.0322764386625367e-10
  1.6500000000000001e-01   1.0334797206843837e-10
  1.7000000000000001e-01   1.0347032517997878e-10
  1.7500000000000002e-01   1.0359343345429398e-10
  1.7999999999999999e-01   1.0371618848182264e-10
  1.8500000000000000e-01   1.0383788148266555e-10
  1.9000000000000000e-01   1.0395833660191116e-10
  1.9500000000000001e-01   1.0407791661022834e-10
  2.0000000000000001e-01   1.0419740821868393e-10
  2.0500000000000002e-01   1.0431782045079673e-10
  2.0999999999999999e-01   1.0444014659458721e-10
  2.1500000000000000e-01   1.0456514500041376e-10
  2.2000000000000000e-01   1.0469318616095502e-10
  2.2500000000000001e-01   1.0482419567605317e-10
  2.3000000000000001e-01   1.0495769948440419e-10
  2.3500000000000001e-01   1.0509295464269422e-10
  2.3999999999999999e-01   1.0522913106635502e-10
  2.4500000000000000e-01   1.0536550063074744e-10
  2.5000000000000000e-01   1.0550159128108081e-10
  2.5500000000000000e-01   1.0563727435742342e-10
  2.6000000000000001e-01   1.0577277025026074e-10
  2.6500000000000001e-01   1.0590857659191840e-10
  2.7000000000000002e-01   1.0604534008185138e-10
  2.7500000000000002e-01   1.0618370413844649e-10
  2.8000000000000003e-01   1.0632416778998082e-10
  2.8500000000000003e-01   1.0646698637003828e-10
  2.8999999999999998e-01   1.0661213327729175e-10
  2.9499999999999998e-01   1.0675932723116859e-10
  2.9999999999999999e-01   1.0690811462566281e-10
  3.0499999999999999e-01   1.0705798504261978e-10
  3.1000000000000000e-01   1.0720849207535139e-10
  3.1500000000000000e-01   1.0735935227179108e-10
  3.2000000000000001e-01   1.0751050165291175e-10
  3.2500000000000001e-01   1.0766210002646526e-10
  3.3000000000000002e-01   1.0781448553840503e-10
  3.3500000000000002e-01   1.0796809277743471e-10
  3.4000000000000002e-01   1.0812335494980164e-10
  3.4500000000000003e-01   1.0828061281747152e-10
  3.5000000000000003e-01   1.0844005009315071e-10
  3.5499999999999998e-01   1.0860166781802645e-10
  3.5999999999999999e-01   1.0876530077798665e-10
  3.6499999999999999e-01   1.0893066949404857e-10
  3.7000000000000000e-01   1.0909745386731204e-10
  3.7500000000000000e-01   1.0926537068462543e-10
  3.8000000000000000e-01   1.0943423752030667e-10
  3.8500000000000001e-01   1.0960400975029234e-10
  3.9000000000000001e-01   1.0977478424555913e-10
  3.9500000000000002e-01   1.0994677113536381e-10
  4.0000000000000002e-01   1.1012024202800010e-10
  4.0500000000000003e-01   1.1029546775004789e-10
  4.1000000000000003e-01   1.1047266013168783e-10
  4.1500000000000004e-01   1.1065193051241367e-10
  4.1999999999999998e-01   1.1083327309903966e-10
  4.2499999999999999e-01   1.1101657526161691e-10
  4.2999999999999999e-01   1.1120165074318997e-10
  4.3500000000000000e-01   1.1138828694543419e-10
  4.4000000000000000e-01   1.1157629491598602e-10
  4.4500000000000001e-01   1.1176555081646287e-10
  4.5000000000000001e-01   1.1195602028082421e-10
  4.5500000000000002e-01   1.1214776143448852e-10
  4.6000000000000002e-01   1.1234090735390865e-10
  4.6500000000000002e-01   1.1253563325031309e-10
  4.7000000000000003e-01   1.1273211669468361e-10
  4.7500000000000003e-01   1.1293050018847650e-10
  4.7999999999999998e-01   1.1313086424266581e-10
  4.8499999999999999e-01   1.1333321625074348e-10
  4.8999999999999999e-01   1.1353749658240181e-10
  4.9500000000000000e-01   1.1374359940474332e-10
  5.0000000000000000e-01   1.1395140263056059e-10
  5.0500000000000000e-01   1.1416079973400893e-10
  5.1000000000000001e-01   1.1437172623512847e-10
  5.1500000000000001e-01   1.1458417530884263e-10
  5.2000000000000002e-01   1.1479819974905098e-10
  5.2500000000000002e-01   1.1501390072468942e-10
  5.3000000000000003e-01   1.1523140666256201e-10
  5.3500000000000003e-01   1.1545084755908803e-10
  5.4000000000000004e-01   1.1567233068514088e-10
  5.4500000000000004e-01   1.1589592294444939e-10
  5.5000000000000004e-01   1.1612164332303543e-10
  5.5500000000000005e-01   1.1634946640322888e-10
  5.6000000000000005e-01   1.1657933539976624e-10
  5.6500000000000006e-01   1.1681118116873017e-10
  5.7000000000000006e-01   1.1704494255390109e-10
  5.7500000000000007e-01   1.1728058344933507e-10
  5.7999999999999996e-01   1.1751810299555411e-10
  5.8499999999999996e-01   1.1775753709138416e-10
  5.8999999999999997e-01   1.1799895145465445e-10
  5.9499999999999997e-01   1.1824242832867856e-10
  5.9999999999999998e-01   1.1848805020662366e-10
  6.0499999999999998e-01   1.1873588438856801e-10
  6.0999999999999999e-01   1.1898597175306577e-10
  6.1499999999999999e-01   1.1923832197027808e-10
  6.2000000000000000e-01   1.1949291581099344e-10
  6.2500000000000000e-01   1.1974971359155595e-10
  6.3000000000000000e-01   1.2000866749957345e-10
  6.3500000000000001e-01   1.2026973483537306e-10
  6.4000000000000001e-01   1.2053288919819413e-10
  6.4500000000000002e-01   1.2079812729878991e-10
  6.5000000000000002e-01   1.2106547020310560e-10
  6.5500000000000003e-01   1.2133495912484547e-10
  6.6000000000000003e-01   1.2160664708425258e-10
  6.6500000000000004e-01   1.2188058857784165e-10
  6.7000000000000004e-01   1.2215682970033300e-10
  6.7500000000000004e-01   1.2243540089508433e-10
  6.8000000000000005e-01   1.2271631377891587e-10
  6.8500000000000005e-01   1.2299956248425586e-10
  6.9000000000000006e-01   1.2328512892657582e-10
  6.9500000000000006e-01   1.2357299056988117e-10
  7.0000000000000007e-01   1.2386312879968099e-10
  7.0499999999999996e-01   1.2415553599961290e-10
  7.0999999999999996e-01   1.2445021983798023e-10
  7.1499999999999997e-01   1.2474720398496656e-10
  7.1999999999999997e-01   1.2504652532168638e-10
  7.2499999999999998e-01   1.2534822847383974e-10
  7.2999999999999998e-01   1.2565235903903742e-10
  7.3499999999999999e-01   1.2595895707451280e-10
  7.3999999999999999e-01   1.2626805224954238e-10
  7.4500000000000000e-01   1.2657966160431197e-10
  7.5000000000000000e-01   1.2689379021665537e-10
  7.5500000000000000e-01   1.2721043441381173e-10
  7.6000000000000001e-01   1.2752958662698898e-10
  7.6500000000000001e-01   1.2785124068339695e-10
  7.7000000000000002e-01   1.2817539631507273e-10
  7.7500000000000002e-01   1.2850206192056123e-10
  7.8000000000000003e-01   1.2883125506932584e-10
  7.8500000000000003e-01   1.2916300077588807e-10
  7.9000000000000004e-01   1.2949732806642131e-10
  7.9500000000000004e-01   1.2983426570757645e-10
  8.0000000000000004e-01   1.3017383809849509e-10
  8.0500000000000005e-01   1.3051606222739455e-10
  8.1000000000000005e-01   1.3086094630107820e-10
  8.1500000000000006e-01   1.3120849024696917e-10
  8.2000000000000006e-01   1.3155868786104402e-10
  8.2500000000000007e-01   1.3191153002699502e-10
  8.3000000000000007e-01   1.3226700823405086e-10
  8.3499999999999996e-01   1.3262511760706041e-10
  8.3999999999999997e-01   1.3298585882355148e-10
  8.4499999999999997e-01   1.3334923858119700e-10
  8.4999999999999998e-01   1.3371526862297046e-10
  8.5499999999999998e-01   1.3408396364635098e-10
  8.5999999999999999e-01   1.3445533864813404e-10
  8.6499999999999999e-01   1.3482940634401252e-10
  8.7000000000000000e-01   1.3520617524182306e-10
  8.7500000000000000e-01   1.3558564876240013e-10
  8.8000000000000000e-01   1.3596782554166382e-10
  8.8500000000000001e-01   1.3635270077465819e-10
  8.9000000000000001e-01   1.3674026823817085e-10
  8.9500000000000002e-01   1.3713052249982316e-10
  9.0000000000000002e-01   1.3752346081042365e-10
  9.0500000000000003e-01   1.3791908427765148e-10
  9.1000000000000003e-01   1.3831739810294030e-10
  9.1500000000000004e-01   1.3871841088358439e-10
  9.2000000000000004e-01   1.3912213318740419e-10
  9.2500000000000004e-01   1.3952857575327323e-10
  9.3000000000000005e-01   1.3993774772901106e-10
  9.3500000000000005e-01   1.4034965532151748e-10
  9.4000000000000006e-01   1.4076430111697994e-10
  9.4500000000000006e-01   1.4118168416282400e-10
  9.5000000000000007e-01   1.4160180072790388e-10
  9.5500000000000007e-01   1.4202464551268877e-10
  9.5999999999999996e-01   1.4245021299697197e-10
  9.6499999999999997e-01   1.4287849860356704e-10
  9.6999999999999997e-01   1.4330949941957428e-10
  9.7499999999999998e-01   1.4374321433329244e-10
  9.7999999999999998e-01   1.4417964358531457e-10
  9.8499999999999999e-01   1.4461878786400402e-10
  9.8999999999999999e-01   1.4506064716974047e-10
  9.9500000000000000e-01   1.4550521971060138e-10
  1.0000000000000000e+00   1.4595250106967093e-10
  1.0050000000000001e+00   1.4640248380990776e-10
  1.0100000000000000e+00   1.4685515757630905e-10
  1.0150000000000001e+00   1.4731050964260824e-10
  1.0200000000000000e+00   1.4776852575626843e-10
  1.0249999999999999e+00   1.4822919108052031e-10
  1.0300000000000000e+00   1.4869249102527102e-10
  1.0349999999999999e+00   1.4915841179820541e-10
  1.0400000000000000e+00   1.4962694058146547e-10
  1.0449999999999999e+00   1.5009806532919820e-10
  1.0500000000000000e+00   1.5057177426601550e-10
  1.0549999999999999e+00   1.5104805522755233e-10
  1.0600000000000001e+00   1.5152689500985197e-10
  1.0649999999999999e+00   1.5200827888094872e-10
  1.0700000000000001e+00   1.5249219036131716e-10
  1.0750000000000000e+00   1.5297861131239275e-10
  1.0800000000000001e+00   1.5346752230050938e-10
  1.0850000000000000e+00   1.5395890314359597e-10
  1.0900000000000001e+00   1.5445273351238477e-10
  1.0950000000000000e+00   1.5494899345301689e-10
  1.1000000000000001e+00   1.5544766372286589e-10
  1.1050000000000000e+00   1.5594872587866888e-10
  1.1100000000000001e+00   1.5645216211372938e-10
  1.1150000000000000e+00   1.5695795489558766e-10
  1.1200000000000001e+00   1.5746608649525826e-10
  1.1250000000000000e+00   1.5797653851612018e-10
  1.1300000000000001e+00   1.5848929152257347e-10
  1.1350000000000000e+00   1.5900432483908546e-10
  1.1400000000000001e+00   1.5952161654722401e-10
  1.1450000000000000e+00   1.6004114366215944e-10
  1.1500000000000001e+00   1.6056288243135572e-10
  1.1550000000000000e+00   1.6108680867487112e-10
  1.1599999999999999e+00   1.6161289808299556e-10
  1.1650000000000000e+00   1.6214112640237729e-10
  1.1699999999999999e+00   1.6267146947163864e-10
  1.1750000000000000e+00   1.6320390310416075e-10
  1.1799999999999999e+00   1.6373840285062207e-10
  1.1850000000000001e+00   1.6427494369936387e-10
  1.1899999999999999e+00   1.6481349978366927e-10
  1.1950000000000001e+00   1.6535404416007559e-10
  1.2000000000000000e+00   1.6589654870302211e-10
  1.2050000000000001e+00   1.6644098413353184e-10
  1.2100000000000000e+00   1.6698732016991253e-10
  1.2150000000000001e+00   1.6753552576334385e-10
  1.2200000000000000e+00   1.6808556936593346e-10
  1.2250000000000001e+00   1.6863741917609619e-10
  1.2300000000000000e+00   1.6919104331568552e-10
  1.2350000000000001e+00   1.6974640991223509e-10
  1.2400000000000000e+00   1.7030348708311407e-10
  1.2450000000000001e+00   1.7086224284085939e-10
  1.2500000000000000e+00   1.7142264495549102e-10
  1.2550000000000001e+00   1.7198466081696846e-10
  1.2600000000000000e+00   1.7254825733808144e-10
  1.2650000000000001e+00   1.7311340092630325e-10
  1.2700000000000000e+00   1.7368005753567505e-10
  1.2750000000000001e+00   1.7424819279089536e-10
  1.2800000000000000e+00   1.7481777215975676e-10
  1.2849999999999999e+00   1.7538876114028704e-10
  1.2900000000000000e+00   1.7596112542718445e-10
  1.2949999999999999e+00   1.7653483102827108e-10
  1.3000000000000000e+00   1.7710984431385961e-10
  1.3049999999999999e+00   1.7768613199705668e-10
  1.3100000000000001e+00   1.7826366105758651e-10
  1.3149999999999999e+00   1.7884239863253238e-10
  1.3200000000000001e+00   1.7942231190233882e-10
  1.3250000000000000e+00   1.8000336799879485e-10
  1.3300000000000001e+00   1.8058553395434885e-10
  1.3350000000000000e+00   1.8116877670100868e-10
  1.3400000000000001e+00   1.8175306311498602e-10
  1.3450000000000000e+00   1.8233836009289874e-10
  1.3500000000000001e+00   1.8292463463894762e-10
  1.3550000000000000e+00   1.8351185394118226e-10
  1.3600000000000001e+00   1.8409998541872904e-10
  1.3650000000000000e+00   1.8468899672949399e-10
  1.3700000000000001e+00   1.8527885573742422e-10
  1.3750000000000000e+00   1.8586953044765218e-10
  1.3800000000000001e+00   1.8646098892472472e-10
  1.3850000000000000e+00   1.8705319921224848e-10
  1.3900000000000001e+00   1.8764612927121094e-10
  1.3950000000000000e+00   1.8823974694945829e-10
  1.4000000000000001e+00   1.8883401998762336e-10
  1.4050000000000000e+00   1.8942891605892983e-10
  1.4099999999999999e+00   1.9002440283353279e-10
  1.4150000000000000e+00   1.9062044805379738e-10
  1.4199999999999999e+00   1.9121701960593250e-10
  1.4250000000000000e+00   1.9181408557567299e-10
  1.4299999999999999e+00   1.9241161428050242e-10
  1.4350000000000001e+00   1.9300957427699561e-10
  1.4399999999999999e+00   1.9360793434777935e-10
  1.4450000000000001e+00   1.9420666347706144e-10
  1.4500000000000000e+00   1.9480573082575802e-10
  1.4550000000000001e+00   1.9540510571665606e-10
  1.4600000000000000e+00   1.9600475763708251e-10
  1.4650000000000001e+00   1.9660465626203525e-10
  1.4700000000000000e+00   1.9720477149576535e-10
  1.4750000000000001e+00   1.9780507352552659e-10
  1.4800000000000000e+00   1.9840553287853058e-10
  1.4850000000000001e+00   1.9900612047256552e-10
  1.4900000000000000e+00   1.9960680765224812e-10
  1.4950000000000001e+00   2.0020756620602694e-10
  1.5000000000000000e+00   2.0080836836303635e-10
  1.5050000000000001e+00   2.0140918677279880e-10
  1.5100000000000000e+00   2.0200999447373385e-10
  1.5150000000000001e+00   2.0261076485788156e-10
  1.5200000000000000e+00   2.0321147163896995e-10
  1.5250000000000001e+00   2.0381208882914448e-10
  1.5300000000000000e+00   2.0441259072684273e-10
  1.5350000000000001e+00   2.0501295191515089e-10
  1.5400000000000000e+00   2.0561314726723865e-10
  1.5449999999999999e+00   2.0621315195373774e-10
  1.5500000000000000e+00   2.0681294144651317e-10
  1.5549999999999999e+00   2.0741249151419921e-10
  1.5600000000000001e+00   2.0801177820683273e-10
  1.5649999999999999e+00   2.0861077782941782e-10
  1.5700000000000001e+00   2.0920946690670217e-10
  1.5750000000000000e+00   2.0980782214329820e-10
  1.5800000000000001e+00   2.1040582038416355e-10
  1.5850000000000000e+00   2.1100343858022608e-10
  1.5900000000000001e+00   2.1160065376272285e-10
  1.5950000000000000e+00   2.1219744302793785e-10
  1.6000000000000001e+00   2.1279378353193035e-10
  1.6050000000000000e+00   2.1338965249301004e-10
  1.6100000000000001e+00   2.1398502719851650e-10
  1.6150000000000000e+00   2.1457988501211256e-10
  1.6200000000000001e+00   2.1517420337831839e-10
  1.6250000000000000e+00   2.1576795982220697e-10
  1.6300000000000001e+00   2.1636113194374215e-10
  1.6350000000000000e+00   2.1695369740778008e-10
  1.6400000000000001e+00   2.1754563393193670e-10
  1.6450000000000000e+00   2.1813691927509134e-10
  1.6500000000000001e+00   2.1872753122917052e-10
  1.6550000000000000e+00   2.1931744761609945e-10
  1.6600000000000001e+00   2.1990664629063250e-10
  1.6650000000000000e+00   2.2049510514846302e-10
  1.6699999999999999e+00   2.2108280213787186e-10
  1.6750000000000000e+00   2.2166971527243885e-10
  1.6799999999999999e+00   2.2225582264216117e-10
  1.6850000000000001e+00   2.2284110242069538e-10
  1.6899999999999999e+00   2.2342553286725666e-10
  1.6950000000000001e+00   2.2400909232276528e-10
  1.7000000000000000e+00   2.2459175920087834e-10
  1.7050000000000001e+00   2.2517351197536692e-10
  1.7100000000000000e+00   2.2575432916572810e-10
  1.7150000000000001e+00   2.2633418932290000e-10
  1.7200000000000000e+00   2.2691307101651936e-10
  1.7250000000000001e+00   2.2749095282445103e-10
  1.7300000000000000e+00   2.2806781332451308e-10
  1.7350000000000001e+00   2.2864363108761144e-10
  1.7400000000000000e+00   2.2921838467103924e-10
  1.7450000000000001e+00   2.2979205261058087e-10
  1.7500000000000000e+00   2.3036461341029313e-10
  1.7550000000000001e+00   2.3093604552934885e-10
  1.7600000000000000e+00   2.3150632736598608e-10
  1.7650000000000001e+00   2.3207543723925831e-10
  1.7700000000000000e+00   2.3264335336978243e-10
  1.7750000000000001e+00   2.3321005386092934e-10
  1.7800000000000000e+00   2.3377551668185347e-10
  1.7850000000000001e+00   2.3433971965344894e-10
  1.7900000000000000e+00   2.3490264043781704e-10
  1.7949999999999999e+00   2.3546425653127335e-10
  1.8000000000000000e+00   2.3602454526041316e-10
  1.8049999999999999e+00   2.3658348378041172e-10
  1.8100000000000001e+00   2.3714104907461159e-10
  1.8149999999999999e+00   2.3769721795455154e-10
  1.8200000000000001e+00   2.3825196705987757e-10
  1.8250000000000000e+00   2.3880527285796335e-10
  1.8300000000000001e+00   2.3935711164345845e-10
  1.8350000000000000e+00   2.3990745953828108e-10
  1.8400000000000001e+00   2.4045629249271998e-10
  1.8450000000000000e+00   2.4100358628827289e-10
  1.8500000000000001e+00   2.4154931654264832e-10
  1.8550000000000000e+00   2.4209345871704250e-10
  1.8600000000000001e+00   2.4263598812545402e-10
  1.8650000000000000e+00   2.4317687994548506e-10
  1.8700000000000001e+00   2.4371610922987790e-10
  1.8750000000000000e+00   2.4425365091797582e-10
  1.8800000000000001e+00   2.4478947984638853e-10
  1.8850000000000000e+00   2.4532357075835703e-10
  1.8900000000000001e+00   2.4585589831159316e-10
  1.8950000000000000e+00   2.4638643708465536e-10
  1.9000000000000001e+00   2.4691516158215462e-10
  1.9050000000000000e+00   2.4744204623921549e-10
  1.9100000000000001e+00   2.4796706542563377e-10
  1.9150000000000000e+00   2.4849019345007796e-10
  1.9199999999999999e+00   2.4901140456451459e-10
  1.9250000000000000e+00   2.4953067296883983e-10
  1.9299999999999999e+00   2.5004797281552339e-10
  1.9350000000000001e+00   2.5056327821396097e-10
  1.9399999999999999e+00   2.5107656323420418e-10
  1.9450000000000001e+00   2.5158780190980786e-10
  1.9500000000000000e+00   2.5209696823967108e-10
  1.9550000000000001e+00   2.5260403618893127e-10
  1.9600000000000000e+00   2.5310897968914793e-10
  1.9650000000000001e+00   2.5361177263815374e-10
  1.9700000000000000e+00   2.5411238890002211e-10
  1.9750000000000001e+00   2.5461080230559443e-10
  1.9800000000000000e+00   2.5510698665393189e-10
  1.9850000000000001e+00   2.5560091571492416e-10
  1.9900000000000000e+00   2.5609256323313543e-10
  1.9950000000000001e+00   2.5658190293282820e-10
  2.0000000000000000e+00   2.5706890852400278e-10
  2.0049999999999999e+00   2.5755355370924578e-10
  2.0100000000000002e+00   2.5803581219119376e-10
  2.0150000000000001e+00   2.5851565768048005e-10
  2.0200000000000000e+00   2.5899306390412332e-10
  2.0249999999999999e+00   2.5946800461440685e-10
  2.0300000000000002e+00   2.5994045359836948e-10
  2.0350000000000001e+00   2.6041038468805715e-10
  2.0400000000000000e+00   2.6087777177167076e-10
  2.0449999999999999e+00   2.6134258880568350e-10
  2.0499999999999998e+00   2.6180480982791318e-10
  2.0550000000000002e+00   2.6226440897143641e-10
  2.0600000000000001e+00   2.6272136047914097e-10
  2.0649999999999999e+00   2.6317563871865549e-10
  2.0699999999999998e+00   2.6362721819737257e-10
  2.0750000000000002e+00   2.6407607357730386e-10
  2.0800000000000001e+00   2.6452217968955893e-10
  2.0850000000000000e+00   2.6496551154831581e-10
  2.0899999999999999e+00   2.6540604436422932e-10
  2.0950000000000002e+00   2.6584375355728965e-10
  2.1000000000000001e+00   2.6627861476918731e-10
  2.1050000000000000e+00   2.6671060387525244e-10
  2.1099999999999999e+00   2.6713969699602064e-10
  2.1150000000000002e+00   2.6756587050844455e-10
  2.1200000000000001e+00   2.6798910105672478e-10
  2.1250000000000000e+00   2.6840936556269811e-10
  2.1299999999999999e+00   2.6882664123569753e-10
  2.1350000000000002e+00   2.6924090558180016e-10
  2.1400000000000001e+00   2.6965213641240319e-10
  2.1450000000000000e+00   2.7006031185211176e-10
  2.1499999999999999e+00   2.7046541034597617e-10
  2.1550000000000002e+00   2.7086741066616950e-10
  2.1600000000000001e+00   2.7126629191823923e-10
  2.1650000000000000e+00   2.7166203354709141e-10
  2.1699999999999999e+00   2.7205461534286723e-10
  2.1750000000000003e+00   2.7244401744685489e-10
  2.1800000000000002e+00   2.7283022035754554e-10
  2.1850000000000001e+00   2.7321320493690255e-10
  2.1899999999999999e+00   2.7359295241687218e-10
  2.1949999999999998e+00   2.7396944440613529e-10
  2.2000000000000002e+00   2.7434266289708203e-10
  2.2050000000000001e+00   2.7471259027298804e-10
  2.2100000000000000e+00   2.7507920931538370e-10
  2.2149999999999999e+00   2.7544250321162200e-10
  2.2200000000000002e+00   2.7580245556267058e-10
  2.2250000000000001e+00   2.7615905039116478e-10
  2.2300000000000000e+00   2.7651227214976139e-10
  2.2349999999999999e+00   2.7686210572982102e-10
  2.2400000000000002e+00   2.7720853647042806e-10
  2.2450000000000001e+00   2.7755155016772521e-10
  2.2500000000000000e+00   2.7789113308451124e-10
  2.2549999999999999e+00   2.7822727196001885e-10
  2.2600000000000002e+00   2.7855995401977187e-10
  2.2650000000000001e+00   2.7888916698541008e-10
  2.2700000000000000e+00   2.7921489908437297e-10
  2.2749999999999999e+00   2.7953713905934564e-10
  2.2800000000000002e+00   2.7985587617738917e-10
  2.2850000000000001e+00   2.8017110023869865e-10
  2.2900000000000000e+00   2.8048280158495308e-10
  2.2949999999999999e+00   2.8079097110723114e-10
  2.3000000000000003e+00   2.8109560025347806e-10
  2.3050000000000002e+00   2.8139668103550603e-10
  2.3100000000000001e+00   2.8169420603550678e-10
  2.3149999999999999e+00   2.8198816841204896e-10
  2.3199999999999998e+00   2.8227856190552674e-10
  2.3250000000000002e+00   2.8256538084302627e-10
  2.3300000000000001e+00   2.8284862014258202e-10
  2.3350000000000000e+00   2.8312827531680547e-10
  2.3399999999999999e+00   2.8340434247588617e-10
  2.3450000000000002e+00   2.8367681832998371e-10
  2.3500000000000001e+00   2.8394570019104797e-10
  2.3550000000000000e+00   2.8421098597412169e-10
  2.3599999999999999e+00   2.8447267419818785e-10
  2.3650000000000002e+00   2.8473076398663070e-10
  2.3700000000000001e+00   2.8498525506737559e-10
  2.3750000000000000e+00   2.8523614777276693e-10
  2.3799999999999999e+00   2.8548344303923352e-10
  2.3850000000000002e+00   2.8572714240677994e-10
  2.3900000000000001e+00   2.8596724801833519e-10
  2.3950000000000000e+00   2.8620376261898266e-10
  2.3999999999999999e+00   2.8643668955509345e-10
  2.4050000000000002e+00   2.8666603277338568e-10
  2.4100000000000001e+00   2.8689179681993255e-10
  2.4150000000000000e+00   2.8711398683914502e-10
  2.4199999999999999e+00   2.8733260857275349e-10
  2.4250000000000003e+00   2.8754766835881020e-10
  2.4300000000000002e+00   2.8775917313072737e-10
  2.4350000000000001e+00   2.8796713041635720e-10
  2.4399999999999999e+00   2.8817154833710757e-10
  2.4449999999999998e+00   2.8837243560707545e-10
  2.4500000000000002e+00   2.8856980153216928e-10
  2.4550000000000001e+00   2.8876365600918200e-10
  2.4600000000000000e+00   2.8895400952477238e-10
  2.4649999999999999e+00   2.8914087315430783e-10
  2.4700000000000002e+00   2.8932425856052638e-10
  2.4750000000000001e+00   2.8950417799197573e-10
  2.4800000000000000e+00   2.8968064428119499e-10
  2.4849999999999999e+00   2.8985367084260732e-10
  2.4900000000000002e+00   2.9002327167009724e-10
  2.4950000000000001e+00   2.9018946133424877e-10
  2.5000000000000000e+00   2.9035225497922174e-10
  2.5049999999999999e+00   2.9051166831924495e-10
  2.5100000000000002e+00   2.9066771763470518e-10
  2.5150000000000001e+00   2.9082041976781215e-10
  2.5200000000000000e+00   2.9096979211782274e-10
  2.5249999999999999e+00   2.9111585263581179e-10
  2.5300000000000002e+00   2.9125861981898304e-10
  2.5350000000000001e+00   2.9139811270452166e-10
  2.5400000000000000e+00   2.9153435086299833e-10
  2.5449999999999999e+00   2.9166735439134204e-10
  2.5500000000000003e+00   2.9179714390540716e-10
  2.5550000000000002e+00   2.9192374053216559e-10
  2.5600000000000001e+00   2.9204716590155876e-10
  2.5649999999999999e+00   2.9216744213804548e-10
  2.5699999999999998e+00   2.9228459185188210e-10
  2.5750000000000002e+00   2.9239863813017056e-10
  2.5800000000000001e+00   2.9250960452770790e-10
  2.5850000000000000e+00   2.9261751505766856e-10
  2.5899999999999999e+00   2.9272239418215057e-10
  2.5950000000000002e+00   2.9282426680261407e-10
  2.6000000000000001e+00   2.9292315825024073e-10
  2.6050000000000000e+00   2.9301909427624161e-10
  2.6099999999999999e+00   2.9311210104213997e-10
  2.6150000000000002e+00   2.9320220511005290e-10
  2.6200000000000001e+00   2.9328943343299406e-10
  2.6250000000000000e+00   2.9337381334521503e-10
  2.6299999999999999e+00   2.9345537255259737e-10
  2.6350000000000002e+00   2.9353413912310382e-10
  2.6400000000000001e+00   2.9361014147728862e-10
  2.6450000000000000e+00   2.9368340837886445e-10
  2.6499999999999999e+00   2.9375396892531609e-10
  2.6550000000000002e+00   2.9382185253854926e-10
  2.6600000000000001e+00   2.9388708895555871e-10
  2.6650000000000000e+00   2.9394970821909984e-10
  2.6699999999999999e+00   2.9400974066834573e-10
  2.6750000000000003e+00   2.9406721692951272e-10
  2.6800000000000002e+00   2.9412216790643799e-10
  2.6850000000000001e+00   2.9417462477109271e-10
  2.6899999999999999e+00   2.9422461895401481e-10
  2.6949999999999998e+00   2.9427218213464669e-10
  2.7000000000000002e+00   2.9431734623156309e-10
  2.7050000000000001e+00   2.9436014339257572e-10
  2.7100000000000000e+00   2.9440060598470309e-10
  2.7149999999999999e+00   2.9443876658399405e-10
  2.7200000000000002e+00   2.9447465796519959e-10
  2.7250000000000001e+00   2.9450831309128626e-10
  2.7300000000000000e+00   2.9453976510279336e-10
  2.7349999999999999e+00   2.9456904730703551e-10
  2.7400000000000002e+00   2.9459619316715962e-10
  2.7450000000000001e+00   2.9462123629106705e-10
  2.7500000000000000e+00   2.9464421042021676e-10
  2.7549999999999999e+00   2.9466514941832595e-10
  2.7600000000000002e+00   2.9468408725998886e-10
  2.7650000000000001e+00   2.9470105801923469e-10
  2.7700000000000000e+00   2.9471609585804605e-10
  2.7749999999999999e+00   2.9472923501486126e-10
  2.7800000000000002e+00   2.9474050979308289e-10
  2.7850000000000001e+00   2.9474995454961489e-10
  2.7900000000000000e+00   2.9475760368345159e-10
  2.7949999999999999e+00   2.9476349162433996e-10
  2.8000000000000003e+00   2.9476765282153735e-10
  2.8050000000000002e+00   2.9477012173268455e-10
  2.8100000000000001e+00   2.9477093281281414e-10
  2.8149999999999999e+00   2.9477012050351076e-10
  2.8199999999999998e+00   2.9476771922223917e-10
  2.8250000000000002e+00   2.9476376335185141e-10
  2.8300000000000001e+00   2.9475828723028328e-10
  2.8350000000000000e+00   2.9475132514044601e-10
  2.8399999999999999e+00   2.9474291130031587e-10
  2.8450000000000002e+00   2.9473307985322269e-10
  2.8500000000000001e+00   2.9472186485833408e-10
  2.8550000000000000e+00   2.9470930028133058e-10
  2.8599999999999999e+00   2.9469541998526589e-10
  2.8650000000000002e+00   2.9468025772160284e-10
  2.8700000000000001e+00   2.9466384712141646e-10
  2.8750000000000000e+00   2.9464622168675416e-10
  2.8799999999999999e+00   2.9462741478214126e-10
  2.8850000000000002e+00   2.9460745962622085e-10
  2.8900000000000001e+00   2.9458638928351674e-10
  2.8950000000000000e+00   2.9456423665630728e-10
  2.8999999999999999e+00   2.9454103447659874e-10
  2.9050000000000002e+00   2.9451681529818813e-10
  2.9100000000000001e+00   2.9449161148880487e-10
  2.9150000000000000e+00   2.9446545522232303e-10
  2.9199999999999999e+00   2.9443837847103738e-10
  2.9250000000000003e+00   2.9441041299799747e-10
  2.9300000000000002e+00   2.9438159034939811e-10
  2.9350000000000001e+00   2.9435194184702361e-10
  2.9399999999999999e+00   2.9432149858074836e-10
  2.9449999999999998e+00   2.9429029140109602e-10
  2.9500000000000002e+00   2.9425835091186356e-10
  2.9550000000000001e+00   2.9422570746281506e-10
  2.9600000000000000e+00   2.9419239114245496e-10
  2.9649999999999999e+00   2.9415843177088955e-10
  2.9700000000000002e+00   2.9412385889278617e-10
  2.9750000000000001e+00   2.9408870177044172e-10
  2.9800000000000000e+00   2.9405298937697192e-10
  2.9849999999999999e+00   2.9401675038963260e-10
  2.9900000000000002e+00   2.9398001318328526e-10
  2.9950000000000001e+00   2.9394280582401872e-10
  3.0000000000000000e+00   2.9390515606293810e-10
  3.0049999999999999e+00   2.9386709133013166e-10
  3.0100000000000002e+00   2.9382863872882631e-10
  3.0150000000000001e+00   2.9378982502973965e-10
  3.0200000000000000e+00   2.9375067666563606e-10
  3.0249999999999999e+00   2.9371121972609338e-10
  3.0300000000000002e+00   2.9367147995248277e-10
  3.0350000000000001e+00   2.9363148273316628e-10
  3.0400000000000000e+00   2.9359125309891067e-10
  3.0449999999999999e+00   2.9355081571851767e-10
  3.0500000000000003e+00   2.9351019489466738e-10
  3.0550000000000002e+00   2.9346941455997135e-10
  3.0600000000000001e+00   2.9342849827322917e-10
  3.0649999999999999e+00   2.9338746921588231e-10
  3.0700000000000003e+00   2.9334635018865767e-10
  3.0750000000000002e+00   2.9330516360839214e-10
  3.0800000000000001e+00   2.9326393150502934e-10
  3.0850000000000000e+00   2.9322267551877839e-10
  3.0899999999999999e+00   2.9318141689742542e-10
  3.0950000000000002e+00   2.9314017649378715e-10
  3.1000000000000001e+00   2.9309897476329693e-10
  3.1050000000000000e+00   2.9305783176171362e-10
  3.1099999999999999e+00   2.9301676714294409e-10
  3.1150000000000002e+00   2.9297580015697103e-10
  3.1200000000000001e+00   2.9293494964787854e-10
  3.1250000000000000e+00   2.9289423405196986e-10
  3.1299999999999999e+00   2.9285367139597062e-10
  3.1350000000000002e+00   2.9281327929531494e-10
  3.1400000000000001e+00   2.9277307495251137e-10
  3.1450000000000000e+00   2.9273307515558624e-10
  3.1499999999999999e+00   2.9269329627660567e-10
  3.1550000000000002e+00   2.9265375427027537e-10
  3.1600000000000001e+00   2.9261446467262086e-10
  3.1650000000000000e+00   2.9257544259975080e-10
  3.1699999999999999e+00   2.9253670274670667e-10
  3.1750000000000003e+00   2.9249825938640288e-10
  3.1800000000000002e+00   2.9246012636866227e-10
  3.1850000000000001e+00   2.9242231711935226e-10
  3.1899999999999999e+00   2.9238484463962600e-10
  3.1950000000000003e+00   2.9234772150527557e-10
  3.2000000000000002e+00   2.9231095986620135e-10
  3.2050000000000001e+00   2.9227457144600281e-10
  3.2100000000000000e+00   2.9223856754169636e-10
  3.2149999999999999e+00   2.9220295902356290e-10
  3.2200000000000002e+00   2.9216775633512985e-10
  3.2250000000000001e+00   2.9213296949328963e-10
  3.2300000000000000e+00   2.9209860808855586e-10
  3.2349999999999999e+00   2.9206468128545903e-10
  3.2400000000000002e+00   2.9203119782308112e-10
  3.2450000000000001e+00   2.9199816601572725e-10
  3.2500000000000000e+00   2.9196559375373303e-10
  3.2549999999999999e+00   2.9193348850440485e-10
  3.2600000000000002e+00   2.9190185731308810e-10
  3.2650000000000001e+00   2.9187070680435976e-10
  3.2700000000000000e+00   2.9184004318333952e-10
  3.2749999999999999e+00   2.9180987223711352e-10
  3.2800000000000002e+00   2.9178019933626455e-10
  3.2850000000000001e+00   2.9175102943650155e-10
  3.2900000000000000e+00   2.9172236708038136e-10
  3.2949999999999999e+00   2.9169421639911594e-10
  3.3000000000000003e+00   2.9166658111445755e-10
  3.3050000000000002e+00   2.9163946454065496e-10
  3.3100000000000001e+00   2.9161286958647432e-10
  3.3149999999999999e+00   2.9158679875727744e-10
  3.3200000000000003e+00   2.9156125415715303e-10
  3.3250000000000002e+00   2.9153623749109488e-10
  3.3300000000000001e+00   2.9151175006722223e-10
  3.3350000000000000e+00   2.9148779279903937e-10
  3.3399999999999999e+00   2.9146436620773095e-10
  3.3450000000000002e+00   2.9144147042449065e-10
  3.3500000000000001e+00   2.9141910519288193e-10
  3.3550000000000000e+00   2.9139726987122994e-10
  3.3599999999999999e+00   2.9137596343504479e-10
  3.3650000000000002e+00   2.9135518447947630e-10
  3.3700000000000001e+00   2.9133493122180181e-10
  3.3750000000000000e+00   2.9131520150394872e-10
  3.3799999999999999e+00   2.9129599279505388e-10
  3.3850000000000002e+00   2.9127730219406242e-10
  3.3900000000000001e+00   2.9125912643236876e-10
  3.3950000000000000e+00   2.9124146187650250e-10
  3.3999999999999999e+00   2.9122430453086276e-10
  3.4050000000000002e+00   2.9120765004050326e-10
  3.4100000000000001e+00   2.9119149369397120e-10
  3.4150000000000000e+00   2.9117583042620280e-10
  3.4199999999999999e+00   2.9116065482147693e-10
  3.4250000000000003e+00   2.9114596111642915e-10
  3.4300000000000002e+00   2.9113174320312716e-10
  3.4350000000000001e+00   2.9111799463220876e-10
  3.4399999999999999e+00   2.9110470861608212e-10
  3.4450000000000003e+00   2.9109187803218837e-10
  3.4500000000000002e+00   2.9107949542632549e-10
  3.4550000000000001e+00   2.9106755301603163e-10
  3.4600000000000000e+00   2.9105604269402666e-10
  3.4649999999999999e+00   2.9104495603170889e-10
  3.4700000000000002e+00   2.9103428428270386e-10
  3.4750000000000001e+00   2.9102401838646217e-10
  3.4800000000000000e+00   2.9101414897190238e-10
  3.4849999999999999e+00   2.9100466636109507e-10
  3.4900000000000002e+00   2.9099556057298351e-10
  3.4950000000000001e+00   2.9098682132713715e-10
  3.5000000000000000e+00   2.9097843804753285e-10
  3.5049999999999999e+00   2.9097039986636008e-10
  3.5100000000000002e+00   2.9096269562784545e-10
  3.5150000000000001e+00   2.9095531389209281e-10
  3.5200000000000000e+00   2.9094824293893475e-10
  3.5249999999999999e+00   2.9094147077179251e-10
  3.5300000000000002e+00   2.9093498512154077e-10
  3.5350000000000001e+00   2.9092877345037511e-10
  3.5400000000000000e+00   2.9092282295567935e-10
  3.5449999999999999e+00   2.9091712057389156e-10
  3.5500000000000003e+00   2.9091165298436698e-10
  3.5550000000000002e+00   2.9090640661323726e-10
  3.5600000000000001e+00   2.9090136763726560e-10
  3.5649999999999999e+00   2.9089652198769801e-10
  3.5700000000000003e+00   2.9089185535411065e-10
  3.5750000000000002e+00   2.9088735318825491e-10
  3.5800000000000001e+00   2.9088300070790030e-10
  3.5850000000000000e+00   2.9087878290067785e-10
  3.5899999999999999e+00   2.9087468452792460e-10
  3.5950000000000002e+00   2.9087069012853122e-10
  3.6000000000000001e+00   2.9086678402279524e-10
  3.6050000000000000e+00   2.9086295031628075e-10
  3.6099999999999999e+00   2.9085917290368730e-10
  3.6150000000000002e+00   2.9085543547272912e-10
  3.6200000000000001e+00   2.9085172150802682e-10
  3.6250000000000000e+00   2.9084801429501183e-10
  3.6299999999999999e+00   2.9084429692384649e-10
  3.6350000000000002e+00   2.9084055229335863e-10
  3.6400000000000001e+00   2.9083676311499235e-10
  3.6450000000000000e+00   2.9083291191677528e-10
  3.6499999999999999e+00   2.9082898104730120e-10
  3.6550000000000002e+00   2.9082495267972833e-10
  3.6600000000000001e+00   2.9082080881579192e-10
  3.6650000000000000e+00   2.9081653128983052e-10
  3.6699999999999999e+00   2.9081210177282357e-10
  3.6750000000000003e+00   2.9080750177643957e-10
  3.6800000000000002e+00   2.9080271265709168e-10
  3.6850000000000001e+00   2.9079771561999955e-10
  3.6899999999999999e+00   2.9079249172325396e-10
  3.6950000000000003e+00   2.9078702188188268e-10
  3.7000000000000002e+00   2.9078128687191432e-10
  3.7050000000000001e+00   2.9077526733443775e-10
  3.7100000000000000e+00   2.9076894377965463e-10
  3.7149999999999999e+00   2.9076229659092255e-10
  3.7200000000000002e+00   2.9075530602878584e-10
  3.7250000000000001e+00   2.9074795223499282e-10
  3.7300000000000000e+00   2.9074021523649667e-10
  3.7349999999999999e+00   2.9073207494943841e-10
  3.7400000000000002e+00   2.9072351118311051e-10
  3.7450000000000001e+00   2.9071450364390008e-10
  3.7500000000000000e+00   2.9070503193920977e-10
  3.7549999999999999e+00   2.9069507558135677e-10
  3.7600000000000002e+00   2.9068461399144914e-10
  3.7650000000000001e+00   2.9067362650323895e-10
  3.7700000000000000e+00   2.9066209236695278e-10
  3.7749999999999999e+00   2.9064999075310011e-10
  3.7800000000000002e+00   2.9063730075625945e-10
  3.7850000000000001e+00   2.9062400139884421e-10
  3.7900000000000000e+00   2.9061007163484792e-10
  3.7949999999999999e+00   2.9059549035357099e-10
  3.8000000000000003e+00   2.9058023638332945e-10
  3.8050000000000002e+00   2.9056428849514765e-10
  3.8100000000000001e+00   2.9054762540643484e-10
  3.8149999999999999e+00   2.9053022578464828e-10
  3.8200000000000003e+00   2.9051206825094296e-10
  3.8250000000000002e+00   2.9049313138380976e-10
  3.8300000000000001e+00   2.9047339372270183e-10
  3.8350000000000000e+00   2.9045283377165104e-10
  3.8399999999999999e+00   2.9043143000287472e-10
  3.8450000000000002e+00   2.9040916086037244e-10
  3.8500000000000001e+00   2.9038600476351382e-10
  3.8550000000000000e+00   2.9036194011061687e-10
  3.8599999999999999e+00   2.9033694528251701e-10
  3.8650000000000002e+00   2.9031099864612533e-10
  3.8700000000000001e+00   2.9028407855797669e-10
  3.8750000000000000e+00   2.9025616336776608e-10
  3.8799999999999999e+00   2.9022723142187194e-10
  3.8850000000000002e+00   2.9019726106686631e-10
  3.8900000000000001e+00   2.9016623065300910e-10
  3.8950000000000000e+00   2.9013411853772677e-10
  3.8999999999999999e+00   2.9010090308907197e-10
  3.9050000000000002e+00   2.9006656268916473e-10
  3.9100000000000001e+00   2.9003107573761211e-10
  3.9150000000000000e+00   2.8999442065490571e-10
  3.9199999999999999e+00   2.8995657588579509e-10
  3.9250000000000003e+00   2.8991751990263638e-10
  3.9300000000000002e+00   2.8987723120871421e-10
  3.9350000000000001e+00   2.8983568834153610e-10
  3.9399999999999999e+00   2.8979286987609869e-10
  3.9450000000000003e+00   2.8974875442812464e-10
  3.9500000000000002e+00   2.8970332065726897e-10
  3.9550000000000001e+00   2.8965654727029576e-10
  3.9600000000000000e+00   2.8960841302422386e-10
  3.9650000000000003e+00   2.8955889672944190e-10
  3.9700000000000002e+00   2.8950797725279211e-10
  3.9750000000000001e+00   2.8945563352062449e-10
  3.9800000000000000e+00   2.8940184452181981e-10
  3.9849999999999999e+00   2.8934658931078370e-10
  3.9900000000000002e+00   2.8928984701041127e-10
  3.9950000000000001e+00   2.8923159681502376e-10
  4.0000000000000000e+00   2.8917181799327704e-10
