# ZND solution.
# Columns are: 0 spatial coordinate; 1 specific volume; 2 density;
# 3 flow velocity in lab frame; 4 pressure; 5 reaction progress variable 1;
# 6 reaction progress variable 2.
 -1.1074999999999999e+01   6.6293253410868114e-01   1.5084491234760551e+00   1.8522465782117945e+00   1.1178429346258845e+01   9.9999899999999997e-01   9.9998518448944163e-01
 -1.1049999999999999e+01   6.6293253410868114e-01   1.5084491234760551e+00   1.8522465782117945e+00   1.1178429346258845e+01   9.9999899999999997e-01   9.9998518448944163e-01
 -1.1024999999999999e+01   6.6293253410868114e-01   1.5084491234760551e+00   1.8522465782117945e+00   1.1178429346258845e+01   9.9999899999999997e-01   9.9998518448944163e-01
 -1.1000000000000000e+01   6.6293253410868114e-01   1.5084491234760551e+00   1.8522465782117945e+00   1.1178429346258845e+01   9.9999899999999997e-01   9.9998518448944163e-01
 -1.0975000000000000e+01   6.6293253410868114e-01   1.5084491234760551e+00   1.8522465782117945e+00   1.1178429346258845e+01   9.9999899999999997e-01   9.9998518448944163e-01
 -1.0949999999999999e+01   6.6293253410868114e-01   1.5084491234760551e+00   1.8522465782117945e+00   1.1178429346258845e+01   9.9999899999999997e-01   9.9998518448944163e-01
 -1.0924999999999999e+01   6.6293247661400312e-01   1.5084492543005352e+00   1.8522468941554302e+00   1.1178431082426162e+01   9.9999899160749472e-01   9.9998506857781577e-01
 -1.0899999999999999e+01   6.6293226876661349e-01   1.5084497272406148e+00   1.8522480363143603e+00   1.1178437358795684e+01   9.9999896121672838e-01   9.9998464942127618e-01
 -1.0875000000000000e+01   6.6293205521744791e-01   1.5084502131549373e+00   1.8522492098055787e+00   1.1178443807341790e+01   9.9999892991001305e-01   9.9998421856133335e-01
 -1.0850000000000000e+01   6.6293183581159110e-01   1.5084507123960260e+00   1.8522504154803729e+00   1.1178450432742451e+01   9.9999889765974070e-01   9.9998377567324526e-01
 -1.0824999999999999e+01   6.6293161038996651e-01   1.5084512253258742e+00   1.8522516542128971e+00   1.1178457239801308e+01   9.9999886443747099e-01   9.9998332042332394e-01
 -1.0799999999999999e+01   6.6293137878922825e-01   1.5084517523161911e+00   1.8522529269007659e+00   1.1178464233450917e+01   9.9999883021390623e-01   9.9998285246869256e-01
 -1.0774999999999999e+01   6.6293114084164961e-01   1.5084522937486564e+00   1.8522542344656689e+00   1.1178471418756121e+01   9.9999879495886601e-01   9.9998237145704005e-01
 -1.0750000000000000e+01   6.6293089637500169e-01   1.5084528500151961e+00   1.8522555778540348e+00   1.1178478800917720e+01   9.9999875864125931e-01   9.9998187702634722e-01
 -1.0725000000000000e+01   6.6293064521243839e-01   1.5084534215182444e+00   1.8522569580376640e+00   1.1178486385275939e+01   9.9999872122905820e-01   9.9998136880463695e-01
 -1.0699999999999999e+01   6.6293038717237485e-01   1.5084540086710196e+00   1.8522583760143991e+00   1.1178494177314096e+01   9.9999868268926928e-01   9.9998084640969875e-01
 -1.0674999999999999e+01   6.6293012206835866e-01   1.5084546118978195e+00   1.8522598328088291e+00   1.1178502182662495e+01   9.9999864298790397e-01   9.9998030944880156e-01
 -1.0649999999999999e+01   6.6292984970894697e-01   1.5084552316342981e+00   1.8522613294729671e+00   1.1178510407102134e+01   9.9999860208994951e-01   9.9997975751842039e-01
 -1.0625000000000000e+01   6.6292956989757035e-01   1.5084558683277782e+00   1.8522628670869983e+00   1.1178518856568832e+01   9.9999855995933751e-01   9.9997919020393489e-01
 -1.0600000000000000e+01   6.6292928243239990e-01   1.5084565224375526e+00   1.8522644467600080e+00   1.1178527537157208e+01   9.9999851655891203e-01   9.9997860707932551e-01
 -1.0574999999999999e+01   6.6292898710620585e-01   1.5084571944352059e+00   1.8522660696307613e+00   1.1178536455124988e+01   9.9999847185039692e-01   9.9997800770686496e-01
 -1.0549999999999999e+01   6.6292868370621905e-01   1.5084578848049306e+00   1.8522677368684639e+00   1.1178545616897161e+01   9.9999842579436204e-01   9.9997739163679944e-01
 -1.0524999999999999e+01   6.6292837201398325e-01   1.5084585940438628e+00   1.8522694496735714e+00   1.1178555029070452e+01   9.9999837835018857e-01   9.9997675840702260e-01
 -1.0500000000000000e+01   6.6292805180520376e-01   1.5084593226624270e+00   1.8522712092786242e+00   1.1178564698417890e+01   9.9999832947603273e-01   9.9997610754273403e-01
 -1.0475000000000000e+01   6.6292772284959878e-01   1.5084600711846745e+00   1.8522730169490624e+00   1.1178574631893301e+01   9.9999827912878969e-01   9.9997543855610438e-01
 -1.0449999999999999e+01   6.6292738491073633e-01   1.5084608401486548e+00   1.8522748739841219e+00   1.1178584836636215e+01   9.9999822726405441e-01   9.9997475094590704e-01
 -1.0424999999999999e+01   6.6292703774587458e-01   1.5084616301067788e+00   1.8522767817177135e+00   1.1178595319976719e+01   9.9999817383608303e-01   9.9997404419716107e-01
 -1.0399999999999999e+01   6.6292668110579966e-01   1.5084624416261883e+00   1.8522787415193118e+00   1.1178606089440319e+01   9.9999811879775291e-01   9.9997331778076315e-01
 -1.0375000000000000e+01   6.6292631473465180e-01   1.5084632752891518e+00   1.8522807547949127e+00   1.1178617152753215e+01   9.9999806210052034e-01   9.9997257115309424e-01
 -1.0350000000000000e+01   6.6292593836975233e-01   1.5084641316934591e+00   1.8522828229879833e+00   1.1178628517847521e+01   9.9999800369437797e-01   9.9997180375562955e-01
 -1.0324999999999999e+01   6.6292555174142187e-01   1.5084650114528337e+00   1.8522849475804599e+00   1.1178640192866748e+01   9.9999794352781013e-01   9.9997101501452623e-01
 -1.0299999999999999e+01   6.6292515457280421e-01   1.5084659151973352e+00   1.8522871300937176e+00   1.1178652186171124e+01   9.9999788154774860e-01   9.9997020434022421e-01
 -1.0274999999999999e+01   6.6292474657966727e-01   1.5084668435738122e+00   1.8522893720896629e+00   1.1178664506343605e+01   9.9999781769952389e-01   9.9996937112699480e-01
 -1.0250000000000000e+01   6.6292432747022334e-01   1.5084677972463112e+00   1.8522916751717218e+00   1.1178677162195314e+01   9.9999775192681906e-01   9.9996851475252957e-01
 -1.0225000000000000e+01   6.6292389694492260e-01   1.5084687768965470e+00   1.8522940409859752e+00   1.1178690162771751e+01   9.9999768417161872e-01   9.9996763457747406e-01
 -1.0199999999999999e+01   6.6292345469625025e-01   1.5084697832243654e+00   1.8522964712222718e+00   1.1178703517358951e+01   9.9999761437415768e-01   9.9996672994496338e-01
 -1.0174999999999999e+01   6.6292300040851670e-01   1.5084708169482195e+00   1.8522989676153836e+00   1.1178717235489788e+01   9.9999754247286810e-01   9.9996580018014658e-01
 -1.0149999999999999e+01   6.6292253375765753e-01   1.5084718788056264e+00   1.8523015319461025e+00   1.1178731326950047e+01   9.9999746840432702e-01   9.9996484458972490e-01
 -1.0125000000000000e+01   6.6292205441099594e-01   1.5084729695537082e+00   1.8523041660425474e+00   1.1178745801785563e+01   9.9999739210319738e-01   9.9996386246141178e-01
 -1.0100000000000000e+01   6.6292156202702890e-01   1.5084740899696782e+00   1.8523068717813400e+00   1.1178760670308716e+01   9.9999731350217236e-01   9.9996285306344601e-01
 -1.0074999999999999e+01   6.6292105625519926e-01   1.5084752408513604e+00   1.8523096510888544e+00   1.1178775943105276e+01   9.9999723253191575e-01   9.9996181564406206e-01
 -1.0049999999999999e+01   6.6292053673564499e-01   1.5084764230177610e+00   1.8523125059425976e+00   1.1178791631041999e+01   9.9999714912099880e-01   9.9996074943092328e-01
 -1.0024999999999999e+01   6.6292000309897492e-01   1.5084776373095783e+00   1.8523154383724409e+00   1.1178807745273399e+01   9.9999706319583981e-01   9.9995965363060069e-01
 -1.0000000000000000e+01   6.6291945496601179e-01   1.5084788845897885e+00   1.8523184504620316e+00   1.1178824297249495e+01   9.9999697468063775e-01   9.9995852742798386e-01
 -9.9749999999999996e+00   6.6291889194753850e-01   1.5084801657442237e+00   1.8523215443501879e+00   1.1178841298723473e+01   9.9999688349730542e-01   9.9995736998569618e-01
 -9.9499999999999993e+00   6.6291831364403742e-01   1.5084814816821654e+00   1.8523247222323316e+00   1.1178858761759578e+01   9.9999678956540050e-01   9.9995618044349333e-01
 -9.9249999999999989e+00   6.6291771964542101e-01   1.5084828333369582e+00   1.8523279863619675e+00   1.1178876698741224e+01   9.9999669280205417e-01   9.9995495791764166e-01
 -9.8999999999999986e+00   6.6291710953075500e-01   1.5084842216666405e+00   1.8523313390522054e+00   1.1178895122379366e+01   9.9999659312189793e-01   9.9995370150028340e-01
 -9.8750000000000000e+00   6.6291648286798321e-01   1.5084856476545709e+00   1.8523347826772723e+00   1.1178914045720809e+01   9.9999649043698846e-01   9.9995241025878923e-01
 -9.8499999999999996e+00   6.6291583921364172e-01   1.5084871123100805e+00   1.8523383196740819e+00   1.1178933482156840e+01   9.9999638465673080e-01   9.9995108323510040e-01
 -9.8249999999999993e+00   6.6291517811254719e-01   1.5084886166691809e+00   1.8523419525439495e+00   1.1178953445432629e+01   9.9999627568779559e-01   9.9994971944500821e-01
 -9.7999999999999989e+00   6.6291449909750877e-01   1.5084901617952227e+00   1.8523456838541730e+00   1.1178973949655948e+01   9.9999616343403952e-01   9.9994831787748506e-01
 -9.7749999999999986e+00   6.6291380168900937e-01   1.5084917487796201e+00   1.8523495162397854e+00   1.1178995009306771e+01   9.9999604779641826e-01   9.9994687749393507e-01
 -9.7500000000000000e+00   6.6291308539488947e-01   1.5084933787425721e+00   1.8523534524052918e+00   1.1179016639246854e+01   9.9999592867290010e-01   9.9994539722746500e-01
 -9.7249999999999996e+00   6.6291234971001889e-01   1.5084950528338099e+00   1.8523574951264741e+00   1.1179038854729612e+01   9.9999580595837534e-01   9.9994387598211643e-01
 -9.6999999999999993e+00   6.6291159411596223e-01   1.5084967722333595e+00   1.8523616472522280e+00   1.1179061671410242e+01   9.9999567954456325e-01   9.9994231263208044e-01
 -9.6749999999999989e+00   6.6291081808063135e-01   1.5084985381523337e+00   1.8523659117064741e+00   1.1179085105356215e+01   9.9999554931991597e-01   9.9994070602088914e-01
 -9.6499999999999986e+00   6.6291002105794172e-01   1.5085003518337143e+00   1.8523702914900455e+00   1.1179109173057654e+01   9.9999541516952140e-01   9.9993905496060864e-01
 -9.6250000000000000e+00   6.6290920248743790e-01   1.5085022145532063e+00   1.8523747896827465e+00   1.1179133891438635e+01   9.9999527697499924e-01   9.9993735823096241e-01
 -9.5999999999999996e+00   6.6290836179393475e-01   1.5085041276200559e+00   1.8523794094453225e+00   1.1179159277868028e+01   9.9999513461439804e-01   9.9993561457848246e-01
 -9.5749999999999993e+00   6.6290749838713092e-01   1.5085060923779303e+00   1.8523841540215864e+00   1.1179185350171171e+01   9.9999498796208675e-01   9.9993382271560816e-01
 -9.5499999999999989e+00   6.6290661166122256e-01   1.5085081102057984e+00   1.8523890267405396e+00   1.1179212126641524e+01   9.9999483688864366e-01   9.9993198131977101e-01
 -9.5249999999999986e+00   6.6290570099450352e-01   1.5085101825188429e+00   1.8523940310185698e+00   1.1179239626052755e+01   9.9999468126074187e-01   9.9993008903245106e-01
 -9.5000000000000000e+00   6.6290476574895285e-01   1.5085123107693990e+00   1.8523991703617173e+00   1.1179267867671193e+01   9.9999452094103092e-01   9.9992814445820655e-01
 -9.4749999999999996e+00   6.6290380526981685e-01   1.5085144964479082e+00   1.8524044483679716e+00   1.1179296871268434e+01   9.9999435578801543e-01   9.9992614616368269e-01
 -9.4499999999999993e+00   6.6290281888518854e-01   1.5085167410838767e+00   1.8524098687295827e+00   1.1179326657134066e+01   9.9999418565593134e-01   9.9992409267661098e-01
 -9.4249999999999989e+00   6.6290180590554904e-01   1.5085190462469205e+00   1.8524154352355824e+00   1.1179357246089491e+01   9.9999401039461422e-01   9.9992198248473085e-01
 -9.3999999999999986e+00   6.6290076562333100e-01   1.5085214135477605e+00   1.8524211517741795e+00   1.1179388659501132e+01   9.9999382984936858e-01   9.9991981403474295e-01
 -9.3750000000000000e+00   6.6289969731244569e-01   1.5085238446393019e+00   1.8524270223353643e+00   1.1179420919294692e+01   9.9999364386082934e-01   9.9991758573118805e-01
 -9.3499999999999996e+00   6.6289860022781477e-01   1.5085263412176997e+00   1.8524330510134752e+00   1.1179454047969315e+01   9.9999345226482217e-01   9.9991529593533257e-01
 -9.3249999999999993e+00   6.6289747360488183e-01   1.5085289050234745e+00   1.8524392420098890e+00   1.1179488068612311e+01   9.9999325489221724e-01   9.9991294296399724e-01
 -9.2999999999999989e+00   6.6289631665910675e-01   1.5085315378426642e+00   1.8524455996357947e+00   1.1179523004914447e+01   9.9999305156877893e-01   9.9991052508835809e-01
 -9.2749999999999986e+00   6.6289512858546995e-01   1.5085342415079548e+00   1.8524521283149200e+00   1.1179558881184910e+01   9.9999284211501338e-01   9.9990804053274585e-01
 -9.2500000000000000e+00   6.6289390855793151e-01   1.5085370178999136e+00   1.8524588325865037e+00   1.1179595722367633e+01   9.9999262634600716e-01   9.9990548747336150e-01
 -9.2249999999999996e+00   6.6289265572890610e-01   1.5085398689481875e+00   1.8524657171081804e+00   1.1179633554057155e+01   9.9999240407126555e-01   9.9990286403701167e-01
 -9.1999999999999993e+00   6.6289136922870506e-01   1.5085427966327747e+00   1.8524727866590460e+00   1.1179672402515479e+01   9.9999217509454208e-01   9.9990016829976547e-01
 -9.1749999999999989e+00   6.6289004816497876e-01   1.5085458029852969e+00   1.8524800461427229e+00   1.1179712294688887e+01   9.9999193921366569e-01   9.9989739828560853e-01
 -9.1499999999999986e+00   6.6288869162213226e-01   1.5085488900903321e+00   1.8524875005905703e+00   1.1179753258225613e+01   9.9999169622036099e-01   9.9989455196504151e-01
 -9.1250000000000000e+00   6.6288729866073715e-01   1.5085520600867564e+00   1.8524951551649176e+00   1.1179795321493586e+01   9.9999144590006395e-01   9.9989162725365266e-01
 -9.0999999999999996e+00   6.6288586831692775e-01   1.5085553151691220e+00   1.8525030151623803e+00   1.1179838513598661e+01   9.9999118803173237e-01   9.9988862201065676e-01
 -9.0749999999999993e+00   6.6288439960176704e-01   1.5085586575891028e+00   1.8525110860173455e+00   1.1179882864403783e+01   9.9999092238764797e-01   9.9988553403736380e-01
 -9.0499999999999989e+00   6.6288289150062019e-01   1.5085620896569245e+00   1.8525193733054155e+00   1.1179928404547891e+01   9.9999064873321608e-01   9.9988236107565087e-01
 -9.0249999999999986e+00   6.6288134297249812e-01   1.5085656137428631e+00   1.8525278827470131e+00   1.1179975165465738e+01   9.9999036682675724e-01   9.9987910080636955e-01
 -9.0000000000000000e+00   6.6287975294938495e-01   1.5085692322787785e+00   1.8525366202110778e+00   1.1180023179408209e+01   9.9999007641929250e-01   9.9987575084771096e-01
 -8.9749999999999996e+00   6.6287812033555871e-01   1.5085729477596654e+00   1.8525455917188003e+00   1.1180072479462833e+01   9.9998977725432325e-01   9.9987230875354105e-01
 -8.9499999999999993e+00   6.6287644400687895e-01   1.5085767627452795e+00   1.8525548034475348e+00   1.1180123099575287e+01   9.9998946906760233e-01   9.9986877201166746e-01
 -8.9249999999999989e+00   6.6287472281007320e-01   1.5085806798617660e+00   1.8525642617347220e+00   1.1180175074570950e+01   9.9998915158690049e-01   9.9986513804208776e-01
 -8.8999999999999986e+00   6.6287295556199666e-01   1.5085847018033500e+00   1.8525739730819564e+00   1.1180228440177260e+01   9.9998882453176474e-01   9.9986140419518021e-01
 -8.8750000000000000e+00   6.6287114104887679e-01   1.5085888313340601e+00   1.8525839441591367e+00   1.1180283233046513e+01   9.9998848761326908e-01   9.9985756774984247e-01
 -8.8499999999999996e+00   6.6286927802553819e-01   1.5085930712894997e+00   1.8525941818087266e+00   1.1180339490779286e+01   9.9998814053375806e-01   9.9985362591158722e-01
 -8.8249999999999993e+00   6.6286736521460732e-01   1.5085974245786620e+00   1.8526046930501248e+00   1.1180397251948438e+01   9.9998778298658231e-01   9.9984957581058442e-01
 -8.7999999999999989e+00   6.6286540130569804e-01   1.5086018941857902e+00   1.8526154850841396e+00   1.1180456556123708e+01   9.9998741465582608e-01   9.9984541449965247e-01
 -8.7749999999999986e+00   6.6286338495458463e-01   1.5086064831722663e+00   1.8526265652975336e+00   1.1180517443896697e+01   9.9998703521602728e-01   9.9984113895220550e-01
 -8.7500000000000000e+00   6.6286131478233590e-01   1.5086111946785890e+00   1.8526379412677829e+00   1.1180579956907000e+01   9.9998664433188666e-01   9.9983674606012096e-01
 -8.7249999999999996e+00   6.6285918937445421e-01   1.5086160319263409e+00   1.8526496207678078e+00   1.1180644137868217e+01   9.9998624165797190e-01   9.9983223263159171e-01
 -8.6999999999999993e+00   6.6285700727996855e-01   1.5086209982202596e+00   1.8526616117709551e+00   1.1180710030595332e+01   9.9998582683840875e-01   9.9982759538888011e-01
 -8.6749999999999989e+00   6.6285476701051860e-01   1.5086260969503316e+00   1.8526739224560340e+00   1.1180777680032374e+01   9.9998539950656506e-01   9.9982283096603541e-01
 -8.6499999999999986e+00   6.6285246703941536e-01   1.5086313315939379e+00   1.8526865612124763e+00   1.1180847132280785e+01   9.9998495928472486e-01   9.9981793590655044e-01
 -8.6250000000000000e+00   6.6285010580068093e-01   1.5086367057180496e+00   1.8526995366456127e+00   1.1180918434628417e+01   9.9998450578375320e-01   9.9981290666096267e-01
 -8.5999999999999996e+00   6.6284768168805541e-01   1.5086422229814975e+00   1.8527128575821319e+00   1.1180991635579513e+01   9.9998403860274843e-01   9.9980773958436731e-01
 -8.5749999999999993e+00   6.6284519305398415e-01   1.5086478871372866e+00   1.8527265330756442e+00   1.1181066784885292e+01   9.9998355732868538e-01   9.9980243093388022e-01
 -8.5499999999999989e+00   6.6284263820858713e-01   1.5086537020349531e+00   1.8527405724123445e+00   1.1181143933575083e+01   9.9998306153604910e-01   9.9979697686605185e-01
 -8.5249999999999986e+00   6.6284001541859727e-01   1.5086596716229921e+00   1.8527549851168494e+00   1.1181223133988361e+01   9.9998255078645493e-01   9.9979137343418478e-01
 -8.5000000000000000e+00   6.6283732290626385e-01   1.5086657999513653e+00   1.8527697809582198e+00   1.1181304439807889e+01   9.9998202462825714e-01   9.9978561658558274e-01
 -8.4749999999999996e+00   6.6283455884825571e-01   1.5086720911740095e+00   1.8527849699559891e+00   1.1181387906092805e+01   9.9998148259614938e-01   9.9977970215876899e-01
 -8.4499999999999993e+00   6.6283172137450230e-01   1.5086785495514878e+00   1.8528005623865331e+00   1.1181473589313654e+01   9.9998092421074647e-01   9.9977362588056040e-01
 -8.4249999999999989e+00   6.6282880856703408e-01   1.5086851794536427e+00   1.8528165687894402e+00   1.1181561547387378e+01   9.9998034897815913e-01   9.9976738336312820e-01
 -8.3999999999999986e+00   6.6282581845878819e-01   1.5086919853623293e+00   1.8528329999740767e+00   1.1181651839713393e+01   9.9997975638955350e-01   9.9976097010095666e-01
 -8.3750000000000000e+00   6.6282274903237803e-01   1.5086989718742307e+00   1.8528498670263454e+00   1.1181744527210736e+01   9.9997914592069703e-01   9.9975438146772011e-01
 -8.3499999999999996e+00   6.6281959821883529e-01   1.5087061437037379e+00   1.8528671813156010e+00   1.1181839672356062e+01   9.9997851703148999e-01   9.9974761271307366e-01
 -8.3249999999999993e+00   6.6281636389632914e-01   1.5087135056858820e+00   1.8528849545016870e+00   1.1181937339222323e+01   9.9997786916548448e-01   9.9974065895937902e-01
 -8.2999999999999989e+00   6.6281304388884632e-01   1.5087210627793557e+00   1.8529031985421893e+00   1.1182037593518608e+01   9.9997720174938720e-01   9.9973351519832787e-01
 -8.2749999999999986e+00   6.6280963596483877e-01   1.5087288200696116e+00   1.8529219256998668e+00   1.1182140502630990e+01   9.9997651419254685e-01   9.9972617628747595e-01
 -8.2500000000000000e+00   6.6280613783584830e-01   1.5087367827720113e+00   1.8529411485502112e+00   1.1182246135664069e+01   9.9997580588642776e-01   9.9971863694670604e-01
 -8.2249999999999996e+00   6.6280254715508247e-01   1.5087449562350883e+00   1.8529608799892703e+00   1.1182354563483951e+01   9.9997507620406423e-01   9.9971089175456573e-01
 -8.1999999999999993e+00   6.6279886151597411e-01   1.5087533459438494e+00   1.8529811332415647e+00   1.1182465858761770e+01   9.9997432449950185e-01   9.9970293514454789e-01
 -8.1749999999999989e+00   6.6279507845069285e-01   1.5087619575231845e+00   1.8530019218682683e+00   1.1182580096018622e+01   9.9997355010721911e-01   9.9969476140124591e-01
 -8.1499999999999986e+00   6.6279119542862042e-01   1.5087707967413628e+00   1.8530232597755854e+00   1.1182697351671610e+01   9.9997275234153082e-01   9.9968636465640548e-01
 -8.1250000000000000e+00   6.6278720985480066e-01   1.5087798695135861e+00   1.8530451612232683e+00   1.1182817704080648e+01   9.9997193049597644e-01   9.9967773888490452e-01
 -8.0999999999999996e+00   6.6278311906833876e-01   1.5087891819056594e+00   1.8530676408334146e+00   1.1182941233596804e+01   9.9997108384268563e-01   9.9966887790058834e-01
 -8.0749999999999993e+00   6.6277892034077401e-01   1.5087987401377227e+00   1.8530907135994084e+00   1.1183068022611426e+01   9.9997021163172783e-01   9.9965977535203066e-01
 -8.0499999999999989e+00   6.6277461087439893e-01   1.5088085505881093e+00   1.8531143948951576e+00   1.1183198155606917e+01   9.9996931309043846e-01   9.9965042471814902e-01
 -8.0249999999999986e+00   6.6277018780055741e-01   1.5088186197972482e+00   1.8531387004844451e+00   1.1183331719208109e+01   9.9996838742272864e-01   9.9964081930375059e-01
 -8.0000000000000000e+00   6.6276564817788308e-01   1.5088289544717093e+00   1.8531636465306103e+00   1.1183468802235470e+01   9.9996743380836906e-01   9.9963095223491205e-01
 -7.9749999999999996e+00   6.6276098899050129e-01   1.5088395614883301e+00   1.8531892496064288e+00   1.1183609495759395e+01   9.9996645140225449e-01   9.9962081645426726e-01
 -7.9499999999999993e+00   6.6275620714620109e-01   1.5088504478984146e+00   1.8532155267041581e+00   1.1183753893155405e+01   9.9996543933364657e-01   9.9961040471618101e-01
 -7.9249999999999989e+00   6.6275129947453837e-01   1.5088616209320886e+00   1.8532424952459610e+00   1.1183902090161432e+01   9.9996439670538972e-01   9.9959970958176025e-01
 -7.8999999999999995e+00   6.6274626272491644e-01   1.5088730880027099e+00   1.8532701730944527e+00   1.1184054184935771e+01   9.9996332259310672e-01   9.9958872341377392e-01
 -7.8750000000000000e+00   6.6274109356461031e-01   1.5088848567114097e+00   1.8532985785635598e+00   1.1184210278116748e+01   9.9996221604436730e-01   9.9957743837141821e-01
 -7.8499999999999996e+00   6.6273578857673432e-01   1.5088969348517622e+00   1.8533277304296845e+00   1.1184370472884094e+01   9.9996107607783002e-01   9.9956584640493351e-01
 -7.8249999999999993e+00   6.6273034425818800e-01   1.5089093304145098e+00   1.8533576479429974e+00   1.1184534875020965e+01   9.9995990168236215e-01   9.9955393925012703e-01
 -7.7999999999999989e+00   6.6272475701752354e-01   1.5089220515924657e+00   1.8533883508391522e+00   1.1184703592978344e+01   9.9995869181612707e-01   9.9954170842269852e-01
 -7.7749999999999995e+00   6.6271902317277287e-01   1.5089351067855146e+00   1.8534198593512281e+00   1.1184876737940652e+01   9.9995744540564557e-01   9.9952914521243819e-01
 -7.7500000000000000e+00   6.6271313894923689e-01   1.5089485046056992e+00   1.8534521942218780e+00   1.1185054423892513e+01   9.9995616134483034e-01   9.9951624067729672e-01
 -7.7249999999999996e+00   6.6270710047719839e-01   1.5089622538824854e+00   1.8534853767158972e+00   1.1185236767687815e+01   9.9995483849398703e-01   9.9950298563726359e-01
 -7.6999999999999993e+00   6.6270090378959512e-01   1.5089763636681202e+00   1.8535194286330081e+00   1.1185423889119971e+01   9.9995347567878601e-01   9.9948937066810217e-01
 -7.6749999999999989e+00   6.6269454481963419e-01   1.5089908432431269e+00   1.8535543723209726e+00   1.1185615910993963e+01   9.9995207168920308e-01   9.9947538609492936e-01
 -7.6499999999999995e+00   6.6268801939833877e-01   1.5090057021219581e+00   1.8535902306890710e+00   1.1185812959200426e+01   9.9995062527842371e-01   9.9946102198559084e-01
 -7.6250000000000000e+00   6.6268132325206308e-01   1.5090209500587231e+00   1.8536270272217577e+00   1.1186015162790675e+01   9.9994913516171990e-01   9.9944626814392945e-01
 -7.5999999999999996e+00   6.6267445199991781e-01   1.5090365970531243e+00   1.8536647859928110e+00   1.1186222654054465e+01   9.9994760001528527e-01   9.9943111410280905e-01
 -7.5749999999999993e+00   6.6266740115114842e-01   1.5090526533565050e+00   1.8537035316797379e+00   1.1186435568599155e+01   9.9994601847503750e-01   9.9941554911699104e-01
 -7.5499999999999989e+00   6.6266016610244938e-01   1.5090691294780449e+00   1.8537432895785328e+00   1.1186654045430807e+01   9.9994438913538264e-01   9.9939956215581560e-01
 -7.5249999999999995e+00   6.6265274213521941e-01   1.5090860361910978e+00   1.8537840856187620e+00   1.1186878227037059e+01   9.9994271054794248e-01   9.9938314189570732e-01
 -7.5000000000000000e+00   6.6264512441273948e-01   1.5091033845397064e+00   1.8538259463790698e+00   1.1187108259472364e+01   9.9994098122023933e-01   9.9936627671245459e-01
 -7.4749999999999996e+00   6.6263730797728970e-01   1.5091211858452627e+00   1.8538688991030217e+00   1.1187344292445037e+01   9.9993919961434174e-01   9.9934895467330676e-01
 -7.4499999999999993e+00   6.6262928774720409e-01   1.5091394517133150e+00   1.8539129717152902e+00   1.1187586479406185e+01   9.9993736414546897e-01   9.9933116352887386e-01
 -7.4249999999999989e+00   6.6262105851383701e-01   1.5091581940405803e+00   1.8539581928383231e+00   1.1187834977641337e+01   9.9993547318054810e-01   9.9931289070477824e-01
 -7.3999999999999995e+00   6.6261261493848056e-01   1.5091774250220753e+00   1.8540045918092845e+00   1.1188089948363498e+01   9.9993352503673105e-01   9.9929412329313438e-01
 -7.3750000000000000e+00   6.6260395154918861e-01   1.5091971571584639e+00   1.8540521986975058e+00   1.1188351556809078e+01   9.9993151797986091e-01   9.9927484804376554e-01
 -7.3499999999999996e+00   6.6259506273752844e-01   1.5092174032635777e+00   1.8541010443223374e+00   1.1188619972335971e+01   9.9992945022289159e-01   9.9925505135520276e-01
 -7.3249999999999993e+00   6.6258594275527183e-01   1.5092381764720793e+00   1.8541511602713316e+00   1.1188895368523475e+01   9.9992731992426032e-01   9.9923471926546970e-01
 -7.2999999999999998e+00   6.6257658571098266e-01   1.5092594902473693e+00   1.8542025789189931e+00   1.1189177923275341e+01   9.9992512518620513e-01   9.9921383744258940e-01
 -7.2749999999999995e+00   6.6256698556653570e-01   1.5092813583896552e+00   1.8542553334459102e+00   1.1189467818924893e+01   9.9992286405303166e-01   9.9919239117486092e-01
 -7.2500000000000000e+00   6.6255713613355416e-01   1.5093037950442152e+00   1.8543094578583306e+00   1.1189765242342599e+01   9.9992053450932550e-01   9.9917036536088222e-01
 -7.2249999999999996e+00   6.6254703106975743e-01   1.5093268147098726e+00   1.8543649870082310e+00   1.1190070385046369e+01   9.9991813447810851e-01   9.9914774449931232e-01
 -7.1999999999999993e+00   6.6253666387522181e-01   1.5093504322476772e+00   1.8544219566138662e+00   1.1190383443314452e+01   9.9991566181893543e-01   9.9912451267834856e-01
 -7.1749999999999998e+00   6.6252602788855164e-01   1.5093746628897986e+00   1.8544804032808075e+00   1.1190704618301080e+01   9.9991311432593222e-01   9.9910065356494504e-01
 -7.1499999999999995e+00   6.6251511628296111e-01   1.5093995222486345e+00   1.8545403645234755e+00   1.1191034116154761e+01   9.9991048972577157e-01   9.9907615039373743e-01
 -7.1250000000000000e+00   6.6250392206225972e-01   1.5094250263261439e+00   1.8546018787872005e+00   1.1191372148139529e+01   9.9990778567558480e-01   9.9905098595568009e-01
 -7.0999999999999996e+00   6.6249243805674207e-01   1.5094511915234128e+00   1.8546649854708077e+00   1.1191718930759038e+01   9.9990499976080705e-01   9.9902514258637820e-01
 -7.0749999999999993e+00   6.6248065691898250e-01   1.5094780346504428e+00   1.8547297249497272e+00   1.1192074685883572e+01   9.9990212949295565e-01   9.9899860215412573e-01
 -7.0499999999999998e+00   6.6246857111952240e-01   1.5095055729361995e+00   1.8547961385996943e+00   1.1192439640880259e+01   9.9989917230733638e-01   9.9897134604761118e-01
 -7.0249999999999995e+00   6.6245617294245451e-01   1.5095338240389027e+00   1.8548642688210117e+00   1.1192814028746422e+01   9.9989612556067664e-01   9.9894335516329846e-01
 -7.0000000000000000e+00   6.6244345448091602e-01   1.5095628060565409e+00   1.8549341590633182e+00   1.1193198088245669e+01   9.9989298652868730e-01   9.9891460989250880e-01
 -6.9749999999999996e+00   6.6243040763244510e-01   1.5095925375377064e+00   1.8550058538511043e+00   1.1193592064048115e+01   9.9988975240354028e-01   9.9888509010810100e-01
 -6.9499999999999993e+00   6.6241702409425574e-01   1.5096230374926314e+00   1.8550793988096781e+00   1.1193996206873063e+01   9.9988642029127239e-01   9.9885477515085963e-01
 -6.9249999999999998e+00   6.6240329535837505e-01   1.5096543254045522e+00   1.8551548406918870e+00   1.1194410773635848e+01   9.9988298720910129e-01   9.9882364381547695e-01
 -6.8999999999999995e+00   6.6238921270668050e-01   1.5096864212413139e+00   1.8552322274053878e+00   1.1194836027597699e+01   9.9987945008265933e-01   9.9879167433619720e-01
 -6.8750000000000000e+00   6.6237476720580457e-01   1.5097193454672961e+00   1.8553116080406480e+00   1.1195272238519593e+01   9.9987580574313606e-01   9.9875884437205376e-01
 -6.8499999999999996e+00   6.6235994970192424e-01   1.5097531190556144e+00   1.8553930328995776e+00   1.1195719682819607e+01   9.9987205092433062e-01   9.9872513099172766e-01
 -6.8249999999999993e+00   6.6234475081542454e-01   1.5097877635006272e+00   1.8554765535248543e+00   1.1196178643734065e+01   9.9986818225961049e-01   9.9869051065801251e-01
 -6.7999999999999998e+00   6.6232916093542804e-01   1.5098233008307667e+00   1.8555622227299851e+00   1.1196649411482714e+01   9.9986419627877010e-01   9.9865495921184422e-01
 -6.7749999999999995e+00   6.6231317021419001e-01   1.5098597536216940e+00   1.8556500946301044e+00   1.1197132283437998e+01   9.9986008940478899e-01   9.9861845185591169e-01
 -6.7500000000000000e+00   6.6229676856136910e-01   1.5098971450097585e+00   1.8557402246734598e+00   1.1197627564298042e+01   9.9985585795048781e-01   9.9858096313785127e-01
 -6.7249999999999996e+00   6.6227994563815262e-01   1.5099354987058089e+00   1.8558326696736942e+00   1.1198135566264067e+01   9.9985149811507446e-01   9.9854246693297488e-01
 -6.6999999999999993e+00   6.6226269085122735e-01   1.5099748390093788e+00   1.8559274878429752e+00   1.1198656609222454e+01   9.9984700598057674e-01   9.9850293642652244e-01
 -6.6749999999999998e+00   6.6224499334662401e-01   1.5100151908231829e+00   1.8560247388258246e+00   1.1199191020930609e+01   9.9984237750816352e-01   9.9846234409547341e-01
 -6.6499999999999995e+00   6.6222684200339621e-01   1.5100565796680159e+00   1.8561244837338498e+00   1.1199739137207850e+01   9.9983760853434356e-01   9.9842066168984589e-01
 -6.6250000000000000e+00   6.6220822542715130e-01   1.5100990316980121e+00   1.8562267851812959e+00   1.1200301302130761e+01   9.9983269476704195e-01   9.9837786021350350e-01
 -6.5999999999999996e+00   6.6218913194342199e-01   1.5101425737162972e+00   1.8563317073214680e+00   1.1200877868233331e+01   9.9982763178154888e-01   9.9833390990444737e-01
 -6.5749999999999993e+00   6.6216954959087748e-01   1.5101872331910333e+00   1.8564393158840389e+00   1.1201469196711983e+01   9.9982241501633673e-01   9.9828878021458201e-01
 -6.5499999999999998e+00   6.6214946611435721e-01   1.5102330382718967e+00   1.8565496782133275e+00   1.1202075657635906e+01   9.9981703976873804e-01   9.9824243978891414e-01
 -6.5249999999999995e+00   6.6212886895775125e-01   1.5102800178069375e+00   1.8566628633074256e+00   1.1202697630162067e+01   9.9981150119048645e-01   9.9819485644422878e-01
 -6.5000000000000000e+00   6.6210774525668692e-01   1.5103282013599140e+00   1.8567789418583831e+00   1.1203335502756048e+01   9.9980579428310701e-01   9.9814599714715158e-01
 -6.4749999999999996e+00   6.6208608183104989e-01   1.5103776192280365e+00   1.8568979862933079e+00   1.1203989673417880e+01   9.9979991389315914e-01   9.9809582799165142e-01
 -6.4499999999999993e+00   6.6206386517730587e-01   1.5104283024602048e+00   1.8570200708165587e+00   1.1204660549913914e+01   9.9979385470731885e-01   9.9804431417589878e-01
 -6.4249999999999998e+00   6.6204108146064389e-01   1.5104802828756883e+00   1.8571452714529193e+00   1.1205348550014058e+01   9.9978761124730320e-01   9.9799141997853269e-01
 -6.3999999999999995e+00   6.6201771650691832e-01   1.5105335930833048e+00   1.8572736660918792e+00   1.1206054101735123e+01   9.9978117786462373e-01   9.9793710873425467e-01
 -6.3750000000000000e+00   6.6199375579438846e-01   1.5105882665011034e+00   1.8574053345330253e+00   1.1206777643590243e+01   9.9977454873516780e-01   9.9788134280877050e-01
 -6.3499999999999996e+00   6.6196918444525576e-01   1.5106443373765521e+00   1.8575403585325465e+00   1.1207519624844434e+01   9.9976771785360019e-01   9.9782408357304997e-01
 -6.3249999999999993e+00   6.6194398721698344e-01   1.5107018408072685e+00   1.8576788218509339e+00   1.1208280505776724e+01   9.9976067902757748e-01   9.9776529137687264e-01
 -6.2999999999999998e+00   6.6191814849340858e-01   1.5107608127622718e+00   1.8578208103018228e+00   1.1209060757948521e+01   9.9975342587177218e-01   9.9770492552167067e-01
 -6.2749999999999995e+00   6.6189165227561964e-01   1.5108212901038189e+00   1.8579664118021197e+00   1.1209860864479108e+01   9.9974595180169501e-01   9.9764294423260680e-01
 -6.2500000000000000e+00   6.6186448217260374e-01   1.5108833106098234e+00   1.8581157164234003e+00   1.1210681320328046e+01   9.9973825002731054e-01   9.9757930462988564e-01
 -6.2249999999999996e+00   6.6183662139166954e-01   1.5109469129968378e+00   1.8582688164445349e+00   1.1211522632584394e+01   9.9973031354644215e-01   9.9751396269930281e-01
 -6.1999999999999993e+00   6.6180805272861110e-01   1.5110121369436886e+00   1.8584258064057408e+00   1.1212385320763712e+01   9.9972213513795050e-01   9.9744687326194148e-01
 -6.1749999999999998e+00   6.6177875855762991e-01   1.5110790231157241e+00   1.8585867831639633e+00   1.1213269917112402e+01   9.9971370735468590e-01   9.9737798994306148e-01
 -6.1499999999999995e+00   6.6174872082099778e-01   1.5111476131897181e+00   1.8587518459496786e+00   1.1214176966919844e+01   9.9970502251620053e-01   9.9730726514010870e-01
 -6.1250000000000000e+00   6.6171792101845450e-01   1.5112179498794491e+00   1.8589210964251572e+00   1.1215107028838567e+01   9.9969607270121597e-01   9.9723464998985134e-01
 -6.0999999999999996e+00   6.6168634019633277e-01   1.5112900769619699e+00   1.8590946387442218e+00   1.1216060675212631e+01   9.9968684973983379e-01   9.9716009433459152e-01
 -6.0749999999999993e+00   6.6165395893640311e-01   1.5113640393045968e+00   1.8592725796135499e+00   1.1217038492414495e+01   9.9967734520548157e-01   9.9708354668743571e-01
 -6.0499999999999998e+00   6.6162075734442760e-01   1.5114398828926379e+00   1.8594550283555704e+00   1.1218041081190638e+01   9.9966755040658439e-01   9.9700495419659652e-01
 -6.0249999999999995e+00   6.6158671503841970e-01   1.5115176548578790e+00   1.8596420969729786e+00   1.1219069057016100e+01   9.9965745637795178e-01   9.9692426260869405e-01
 -6.0000000000000000e+00   6.6155181113659522e-01   1.5115974035078608e+00   1.8598339002149484e+00   1.1220123050458302e+01   9.9964705387186903e-01   9.9684141623102351e-01
 -5.9749999999999996e+00   6.6151602424500922e-01   1.5116791783559647e+00   1.8600305556450709e+00   1.1221203707550398e+01   9.9963633334888313e-01   9.9675635789276573e-01
 -5.9499999999999993e+00   6.6147933244486878e-01   1.5117630301523370e+00   1.8602321837110689e+00   1.1222311690174376e+01   9.9962528496827030e-01   9.9666902890509479e-01
 -5.9249999999999998e+00   6.6144171327950774e-01   1.5118490109156852e+00   1.8604389078163779e+00   1.1223447676454395e+01   9.9961389857817440e-01   9.9657936902015898e-01
 -5.8999999999999995e+00   6.6140314374102083e-01   1.5119371739659591e+00   1.8606508543935911e+00   1.1224612361160371e+01   9.9960216370540422e-01   9.9648731638890076e-01
 -5.8750000000000000e+00   6.6136360025653851e-01   1.5120275739579661e+00   1.8608681529798821e+00   1.1225806456122470e+01   9.9959006954487495e-01   9.9639280751766623e-01
 -5.8499999999999996e+00   6.6132305867413976e-01   1.5121202669159308e+00   1.8610909362944179e+00   1.1227030690656470e+01   9.9957760494868320e-01   9.9629577722358753e-01
 -5.8249999999999993e+00   6.6128149424838401e-01   1.5122153102690485e+00   1.8613193403178614e+00   1.1228285812000660e+01   9.9956475841479919e-01   9.9619615858867960e-01
 -5.7999999999999998e+00   6.6123888162545463e-01   1.5123127628880568e+00   1.8615535043740121e+00   1.1229572585764480e+01   9.9955151807536291e-01   9.9609388291262135e-01
 -5.7749999999999995e+00   6.6119519482789801e-01   1.5124126851228694e+00   1.8617935712136675e+00   1.1230891796389326e+01   9.9953787168456720e-01   9.9598887966416561e-01
 -5.7500000000000000e+00   6.6115040723895646e-01   1.5125151388412814e+00   1.8620396871007170e+00   1.1232244247621679e+01   9.9952380660611728e-01   9.9588107643117363e-01
 -5.7249999999999996e+00   6.6110449158646201e-01   1.5126201874688305e+00   1.8622920019006468e+00   1.1233630762999443e+01   9.9950930980024133e-01   9.9577039886916141e-01
 -5.7000000000000002e+00   6.6105741992629774e-01   1.5127278960298054e+00   1.8625506691714242e+00   1.1235052186351371e+01   9.9949436781024426e-01   9.9565677064838176e-01
 -5.6749999999999998e+00   6.6100916362540019e-01   1.5128383311894735e+00   1.8628158462569027e+00   1.1236509382310341e+01   9.9947896674858028e-01   9.9554011339934523e-01
 -5.6499999999999995e+00   6.6095969334429006e-01   1.5129515612975599e+00   1.8630876943828176e+00   1.1238003236840882e+01   9.9946309228242891e-01   9.9542034665675283e-01
 -5.6250000000000000e+00   6.6090897901912360e-01   1.5130676564330119e+00   1.8633663787554178e+00   1.1239534657781153e+01   9.9944672961875369e-01   9.9529738780178056e-01
 -5.5999999999999996e+00   6.6085698984322827e-01   1.5131866884501364e+00   1.8636520686629310e+00   1.1241104575400527e+01   9.9942986348882168e-01   9.9517115200264961e-01
 -5.5750000000000002e+00   6.6080369424813801e-01   1.5133087310260869e+00   1.8639449375797774e+00   1.1242713942972262e+01   9.9941247813216771e-01   9.9504155215346335e-01
 -5.5499999999999998e+00   6.6074905988408150e-01   1.5134338597098194e+00   1.8642451632737904e+00   1.1244363737362704e+01   9.9939455727997528e-01   9.9490849881121068e-01
 -5.5249999999999995e+00   6.6069305359991715e-01   1.5135621519725411e+00   1.8645529279164785e+00   1.1246054959637171e+01   9.9937608413785339e-01   9.9477190013089123e-01
 -5.5000000000000000e+00   6.6063564142250097e-01   1.5136936872596962e+00   1.8648684181964006e+00   1.1247788635683001e+01   9.9935704136798631e-01   9.9463166179870965e-01
 -5.4749999999999996e+00   6.6057678853545887e-01   1.5138285470445672e+00   1.8651918254358191e+00   1.1249565816850570e+01   9.9933741107062901e-01   9.9448768696325784e-01
 -5.4500000000000002e+00   6.6051645925734581e-01   1.5139668148835439e+00   1.8655233457107152e+00   1.1251387580612789e+01   9.9931717476492254e-01   9.9433987616462238e-01
 -5.4249999999999998e+00   6.6045461701917518e-01   1.5141085764731155e+00   1.8658631799742733e+00   1.1253255031243690e+01   9.9929631336900204e-01   9.9418812726134931e-01
 -5.3999999999999995e+00   6.6039122434129127e-01   1.5142539197086580e+00   1.8662115341839671e+00   1.1255169300516773e+01   9.9927480717936845e-01   9.9403233535519153e-01
 -5.3750000000000000e+00   6.6032624280956187e-01   1.5144029347450909e+00   1.8665686194323894e+00   1.1257131548423938e+01   9.9925263584949287e-01   9.9387239271355565e-01
 -5.3499999999999996e+00   6.6025963305087132e-01   1.5145557140594608e+00   1.8669346520819179e+00   1.1259142963915522e+01   9.9922977836762317e-01   9.9370818868957889e-01
 -5.3250000000000002e+00   6.6019135470788692e-01   1.5147123525155328e+00   1.8673098539033823e+00   1.1261204765662271e+01   9.9920621303375945e-01   9.9353960963974908e-01
 -5.2999999999999998e+00   6.6012136641306873e-01   1.5148729474304781e+00   1.8676944522188830e+00   1.1263318202840161e+01   9.9918191743576246e-01   9.9336653883897252e-01
 -5.2749999999999995e+00   6.6004962576190285e-01   1.5150375986437210e+00   1.8680886800488792e+00   1.1265484555938688e+01   9.9915686842456131e-01   9.9318885639301979e-01
 -5.2500000000000000e+00   6.5997608928532558e-01   1.5152064085880432e+00   1.8684927762637238e+00   1.1267705137593566e+01   9.9913104208841952e-01   9.9300643914823172e-01
 -5.2249999999999996e+00   6.5990071242130932e-01   1.5153794823630324e+00   1.8689069857398040e+00   1.1269981293444751e+01   9.9910441372622283e-01   9.9281916059841235e-01
 -5.2000000000000002e+00   6.5982344948557914e-01   1.5155569278109684e+00   1.8693315595204578e+00   1.1272314403020708e+01   9.9907695781974382e-01   9.9262689078878452e-01
 -5.1749999999999998e+00   6.5974425364143152e-01   1.5157388555952414e+00   1.8697667549818267e+00   1.1274705880649798e+01   9.9904864800484428e-01   9.9242949621693088e-01
 -5.1499999999999995e+00   6.5966307686861814e-01   1.5159253792814071e+00   1.8702128360038448e+00   1.1277157176399903e+01   9.9901945704156325e-01   9.9222683973057058e-01
 -5.1250000000000000e+00   6.5957986993125717e-01   1.5161166154209984e+00   1.8706700731465715e+00   1.1279669777047395e+01   9.9898935678305023e-01   9.9201878042210334e-01
 -5.0999999999999996e+00   6.5949458234474190e-01   1.5163126836381857e+00   1.8711387438320353e+00   1.1282245207076407e+01   9.9895831814328606e-01   9.9180517351975506e-01
 -5.0750000000000002e+00   6.5940716234161068e-01   1.5165137067194043e+00   1.8716191325317841e+00   1.1284885029709447e+01   9.9892631106354701e-01   9.9158587027525502e-01
 -5.0499999999999998e+00   6.5931755683632354e-01   1.5167198107061046e+00   1.8721115309604430e+00   1.1287590847971050e+01   9.9889330447754732e-01   9.9136071784784840e-01
 -5.0249999999999995e+00   6.5922571138891606e-01   1.5169311249907258e+00   1.8726162382754463e+00   1.1290364305785317e+01   9.9885926627520949e-01   9.9112955918456180e-01
 -5.0000000000000000e+00   6.5913157016749391e-01   1.5171477824160160e+00   1.8731335612831317e+00   1.1293207089108478e+01   9.9882416326500056e-01   9.9089223289657036e-01
 -4.9749999999999996e+00   6.5903507590949872e-01   1.5173699193778936e+00   1.8736638146515960e+00   1.1296120927098528e+01   9.9878796113476676e-01   9.9064857313149679e-01
 -4.9500000000000002e+00   6.5893616988172188e-01   1.5175976759319474e+00   1.8742073211304247e+00   1.1299107593322702e+01   9.9875062441100237e-01   9.9039840944150603e-01
 -4.9249999999999998e+00   6.5883479183900318e-01   1.5178311959037616e+00   1.8747644117776483e+00   1.1302168907004656e+01   9.9871211641648283e-01   9.9014156664704012e-01
 -4.8999999999999995e+00   6.5873087998156488e-01   1.5180706270032245e+00   1.8753354261942037e+00   1.1305306734312840e+01   9.9867239922618567e-01   9.8987786469600803e-01
 -4.8750000000000000e+00   6.5862437091092496e-01   1.5183161209430012e+00   1.8759207127661952e+00   1.1308522989691795e+01   9.9863143362142326e-01   9.8960711851826944e-01
 -4.8499999999999996e+00   6.5851519958434246e-01   1.5185678335613273e+00   1.8765206289152263e+00   1.1311819637237768e+01   9.9858917904210587e-01   9.8932913787522914e-01
 -4.8250000000000002e+00   6.5840329926771723e-01   1.5188259249493585e+00   1.8771355413572262e+00   1.1315198692120983e+01   9.9854559353704686e-01   9.8904372720433908e-01
 -4.7999999999999998e+00   6.5828860148689627e-01   1.5190905595832433e+00   1.8777658263700272e+00   1.1318662222056073e+01   9.9850063371222186e-01   9.8875068545832301e-01
 -4.7749999999999995e+00   6.5817103597731486e-01   1.5193619064611450e+00   1.8784118700700980e+00   1.1322212348822735e+01   9.9845425467688442e-01   9.8844980593889964e-01
 -4.7500000000000000e+00   6.5805053063190833e-01   1.5196401392454266e+00   1.8790740686987766e+00   1.1325851249838657e+01   9.9840640998744257e-01   9.8814087612481705e-01
 -4.7249999999999996e+00   6.5792701144720656e-01   1.5199254364102699e+00   1.8797528289184924e+00   1.1329581159787310e+01   9.9835705158898147e-01   9.8782367749390987e-01
 -4.7000000000000002e+00   6.5780040246756510e-01   1.5202179813949082e+00   1.8804485681192236e+00   1.1333404372301974e+01   9.9830612975433353e-01   9.8749798533902100e-01
 -4.6749999999999998e+00   6.5767062572742296e-01   1.5205179627628045e+00   1.8811617147358044e+00   1.1337323241709413e+01   9.9825359302056860e-01   9.8716356857747223e-01
 -4.6499999999999995e+00   6.5753760119151827e-01   1.5208255743670149e+00   1.8818927085764470e+00   1.1341340184835161e+01   9.9819938812278441e-01   9.8682018955384432e-01
 -4.6250000000000000e+00   6.5740124669298050e-01   1.5211410155220164e+00   1.8826420011629401e+00   1.1345457682872951e+01   9.9814345992507036e-01   9.8646760383581356e-01
 -4.5999999999999996e+00   6.5726147786919065e-01   1.5214644911823385e+00   1.8834100560831053e+00   1.1349678283321570e+01   9.9808575134850108e-01   9.8610556000271821e-01
 -4.5750000000000002e+00   6.5711820809532739e-01   1.5217962121282920e+00   1.8841973493559747e+00   1.1354004601991527e+01   9.9802620329602210e-01   9.8573379942659678e-01
 -4.5499999999999998e+00   6.5697134841549654e-01   1.5221363951591349e+00   1.8850043698102472e+00   1.1358439325084781e+01   9.9796475457407030e-01   9.8535205604535614e-01
 -4.5249999999999995e+00   6.5682080747132621e-01   1.5224852632940613e+00   1.8858316194766691e+00   1.1362985211350917e+01   9.9790134181076884e-01   9.8496005612774340e-01
 -4.5000000000000000e+00   6.5666649142793132e-01   1.5228430459813547e+00   1.8866796139948749e+00   1.1367645094322821e+01   9.9783589937052952e-01   9.8455751802979741e-01
 -4.4749999999999996e+00   6.5650830389711901e-01   1.5232099793161327e+00   1.8875488830353859e+00   1.1372421884635628e+01   9.9776835926487939e-01   9.8414415194239180e-01
 -4.4500000000000002e+00   6.5634614585771889e-01   1.5235863062670860e+00   1.8884399707374109e+00   1.1377318572432529e+01   9.9769865105932398e-01   9.8371965962950814e-01
 -4.4249999999999998e+00   6.5617991557290722e-01   1.5239722769126594e+00   1.8893534361631628e+00   1.1382338229861315e+01   9.9762670177604795e-01   9.8328373415684500e-01
 -4.3999999999999995e+00   6.5600950850437989e-01   1.5243681486871672e+00   1.8902898537694961e+00   1.1387484013666114e+01   9.9755243579223707e-01   9.8283605961032261e-01
 -4.3750000000000000e+00   6.5583481722324610e-01   1.5247741866373039e+00   1.8912498138975611e+00   1.1392759167878122e+01   9.9747577473380356e-01   9.8237631080408250e-01
 -4.3499999999999996e+00   6.5565573131748200e-01   1.5251906636895993e+00   1.8922339232813616e+00   1.1398167026610235e+01   9.9739663736427242e-01   9.8190415297749001e-01
 -4.3250000000000002e+00   6.5547213729578402e-01   1.5256178609293756e+00   1.8932428055761004e+00   1.1403711016960376e+01   9.9731493946858207e-01   9.8141924148068327e-01
 -4.2999999999999998e+00   6.5528391848766399e-01   1.5260560678917767e+00   1.8942771019071731e+00   1.1409394662028348e+01   9.9723059373153145e-01   9.8092122144814808e-01
 -4.2749999999999995e+00   6.5509095493960134e-01   1.5265055828655105e+00   1.8953374714408318e+00   1.1415221584051704e+01   9.9714350961059550e-01   9.8040972745980681e-01
 -4.2500000000000000e+00   6.5489312330706806e-01   1.5269667132099618e+00   1.8964245919775258e+00   1.1421195507666283e+01   9.9705359320280640e-01   9.7988438318903270e-01
 -4.2249999999999996e+00   6.5469029674223633e-01   1.5274397756863631e+00   1.8975391605689693e+00   1.1427320263297105e+01   9.9696074710539262e-01   9.7934480103705090e-01
 -4.2000000000000002e+00   6.5448234477716027e-01   1.5279250968037685e+00   1.8986818941600800e+00   1.1433599790685918e+01   9.9686487026983484e-01   9.7879058175306954e-01
 -4.1749999999999998e+00   6.5426913320220825e-01   1.5284230131806329e+00   1.8998535302570132e+00   1.1440038142562198e+01   9.9676585784898764e-01   9.7822131403951706e-01
 -4.1499999999999995e+00   6.5405052393952645e-01   1.5289338719228058e+00   1.9010548276225037e+00   1.1446639488464154e+01   9.9666360103689200e-01   9.7763657414171101e-01
 -4.1250000000000000e+00   6.5382637491128714e-01   1.5294580310188353e+00   1.9022865669998650e+00   1.1453408118717249e+01   9.9655798690087705e-01   9.7703592542122986e-01
 -4.0999999999999996e+00   6.5359653990246513e-01   1.5299958597535230e+00   1.9035495518670582e+00   1.1460348448577935e+01   9.9644889820553029e-01   9.7641891791225321e-01
 -4.0750000000000002e+00   6.5336086841787766e-01   1.5305477391407198e+00   1.9048446092222822e+00   1.1467465022550623e+01   9.9633621322808474e-01   9.7578508786006990e-01
 -4.0499999999999998e+00   6.5311920553319813e-01   1.5311140623764277e+00   1.9061725904026812e+00   1.1474762518886614e+01   9.9621980556474654e-01   9.7513395724093155e-01
 -4.0249999999999995e+00   6.5287139173964481e-01   1.5316952353133353e+00   1.9075343719378077e+00   1.1482245754274047e+01   9.9609954392745603e-01   9.7446503326238010e-01
 -4.0000000000000000e+00   6.5261726278203347e-01   1.5322916769579666e+00   1.9089308564395542e+00   1.1489919688728225e+01   9.9597529193054168e-01   9.7377780784312662e-01
 -3.9749999999999996e+00   6.5235664948984717e-01   1.5329038199917411e+00   1.9103629735304519e+00   1.1497789430692787e+01   9.9584690786669261e-01   9.7307175707151028e-01
 -3.9500000000000002e+00   6.5208937760097641e-01   1.5335321113172855e+00   1.9118316808122540e+00   1.1505860242362253e+01   9.9571424447164203e-01   9.7234634064153602e-01
 -3.9249999999999998e+00   6.5181526757775388e-01   1.5341770126314382e+00   1.9133379648768547e+00   1.1514137545237194e+01   9.9557714867690816e-01   9.7160100126539894e-01
 -3.8999999999999995e+00   6.5153413441488239e-01   1.5348390010264947e+00   1.9148828423617630e+00   1.1522626925924264e+01   9.9543546134990313e-01   9.7083516406137860e-01
 -3.8750000000000000e+00   6.5124578743883921e-01   1.5355185696213252e+00   1.9164673610524097e+00   1.1531334142193572e+01   9.9528901702067207e-01   9.7004823591591127e-01
 -3.8499999999999996e+00   6.5095003009831554e-01   1.5362162282241021e+00   1.9180926010337216e+00   1.1540265129306782e+01   9.9513764359447743e-01   9.6923960481858729e-01
 -3.8250000000000002e+00   6.5064665974520763e-01   1.5369325040285287e+00   1.9197596758936135e+00   1.1549426006630533e+01   9.9498116204938902e-01   9.6840863916874298e-01
 -3.7999999999999998e+00   6.5033546740567760e-01   1.5376679423455195e+00   1.9214697339810534e+00   1.1558823084549722e+01   9.9481938611799192e-01   9.6755468705228131e-01
 -3.7749999999999995e+00   6.5001623754074156e-01   1.5384231073724866e+00   1.9232239597216694e+00   1.1568462871697008e+01   9.9465212195225250e-01   9.6667707548721882e-01
 -3.7500000000000000e+00   6.4968874779583063e-01   1.5391985830024828e+00   1.9250235749939613e+00   1.1578352082515337e+01   9.9447916777053136e-01   9.6577510963644042e-01
 -3.7249999999999996e+00   6.4935276873872638e-01   1.5399949736756418e+00   1.9268698405693900e+00   1.1588497645171511e+01   9.9430031348565229e-01   9.6484807198600864e-01
 -3.7000000000000002e+00   6.4900806358524532e-01   1.5408129052754873e+00   1.9287640576197926e+00   1.1598906709839682e+01   9.9411534031287019e-01   9.6389522148732198e-01
 -3.6749999999999998e+00   6.4865438791200014e-01   1.5416530260729004e+00   1.9307075692958091e+00   1.1609586657375100e+01   9.9392402035649685e-01   9.6291579266130256e-01
 -3.6499999999999995e+00   6.4829148935552539e-01   1.5425160077207127e+00   1.9327017623802436e+00   1.1620545108399646e+01   9.9372611617385587e-01   9.6190899466268720e-01
 -3.6250000000000000e+00   6.4791910729701407e-01   1.5434025463021077e+00   1.9347480690204919e+00   1.1631789932821810e+01   9.9352138031515036e-01   9.6087401030241193e-01
 -3.5999999999999996e+00   6.4753697253186870e-01   1.5443133634362241e+00   1.9368479685444182e+00   1.1643329259815285e+01   9.9330955483772410e-01   9.5980999502595399e-01
 -3.5750000000000002e+00   6.4714480692320531e-01   1.5452492074446438e+00   1.9390029893644147e+00   1.1655171488282093e+01   9.9309037079308926e-01   9.5871607584537522e-01
 -3.5499999999999998e+00   6.4674232303841506e-01   1.5462108545826561e+00   1.9412147109745579e+00   1.1667325297827350e+01   9.9286354768497997e-01   9.5759135022269759e-01
 -3.5250000000000004e+00   6.4632922376781188e-01   1.5471991103395337e+00   1.9434847660462129e+00   1.1679799660274959e+01   9.9262879289656314e-01   9.5643488490209250e-01
 -3.5000000000000000e+00   6.4590520192435064e-01   1.5482148108123170e+00   1.9458148426276516e+00   1.1692603851754928e+01   9.9238580108480712e-01   9.5524571468824981e-01
 -3.4749999999999996e+00   6.4546993982331535e-01   1.5492588241579930e+00   1.9482066864537413e+00   1.1705747465395529e+01   9.9213425353985696e-01   9.5402284116810832e-01
 -3.4500000000000002e+00   6.4502310884082603e-01   1.5503320521292712e+00   1.9506621033720317e+00   1.1719240424655066e+01   9.9187381750711512e-01   9.5276523137301783e-01
 -3.4249999999999998e+00   6.4456436894992530e-01   1.5514354316995882e+00   1.9531829618920411e+00   1.1733092997330679e+01   9.9160414546955156e-01   9.5147181637820732e-01
 -3.4000000000000004e+00   6.4409336823292807e-01   1.5525699367833934e+00   1.9557711958649833e+00   1.1747315810283915e+01   9.9132487438758432e-01   9.5014148983626878e-01
 -3.3750000000000000e+00   6.4360974236863033e-01   1.5537365800582390e+00   1.9584288073016478e+00   1.1761919864925499e+01   9.9103562489367170e-01   9.4877310644117663e-01
 -3.3499999999999996e+00   6.4311311409288385e-01   1.5549364148957030e+00   1.9611578693366387e+00   1.1776916553504368e+01   9.9073600043854571e-01   9.4736548031918866e-01
 -3.3250000000000002e+00   6.4260309263094328e-01   1.5561705374087191e+00   1.9639605293477316e+00   1.1792317676249070e+01   9.9042558638577893e-01   9.4591738334274744e-01
 -3.2999999999999998e+00   6.4207927309988011e-01   1.5574400886235160e+00   1.9668390122397148e+00   1.1808135459413094e+01   9.9010394905112842e-01   9.4442754336330914e-01
 -3.2750000000000004e+00   6.4154123587925194e-01   1.5587462567849895e+00   1.9697956239026762e+00   1.1824382574278779e+01   9.8977063468281934e-01   9.4289464235876386e-01
 -3.2500000000000000e+00   6.4098854594808996e-01   1.5600902798050691e+00   1.9728327548553768e+00   1.1841072157178289e+01   9.8942516837864691e-01   9.4131731449093725e-01
 -3.2249999999999996e+00   6.4042075218612937e-01   1.5614734478644188e+00   1.9759528840851157e+00   1.1858217830594381e+01   9.8906705293543662e-01   9.3969414406833540e-01
 -3.2000000000000002e+00   6.3983738663708400e-01   1.5628971061786365e+00   1.9791585830961687e+00   1.1875833725407304e+01   9.8869576762606926e-01   9.3802366340911059e-01
 -3.1749999999999998e+00   6.3923796373159048e-01   1.5643626579410885e+00   1.9824525201798506e+00   1.1893934504359557e+01   9.8831076689888442e-01   9.3630435059889028e-01
 -3.1500000000000004e+00   6.3862197946730870e-01   1.5658715674554862e+00   1.9858374649200115e+00   1.1912535386814412e+01   9.8791147899387299e-01   9.3453462713787017e-01
 -3.1250000000000000e+00   6.3798891054347218e-01   1.5674253634724591e+00   1.9893162929488386e+00   1.1931652174889887e+01   9.8749730446961215e-01   9.3271285547123683e-01
 -3.0999999999999996e+00   6.3733821344700936e-01   1.5690256427455589e+00   1.9928919909687841e+00   1.1951301281055173e+01   9.8706761463441928e-01   9.3083733639672073e-01
 -3.0750000000000002e+00   6.3666932348714367e-01   1.5706740738234941e+00   1.9965676620576125e+00   1.1971499757282807e+01   9.8662174987465734e-01   9.2890630634270288e-01
 -3.0500000000000007e+00   6.3598165377517002e-01   1.5723724010968350e+00   2.0003465312747140e+00   1.1992265325856380e+01   9.8615901787255800e-01   9.2691793451001359e-01
 -3.0250000000000004e+00   6.3527459414587495e-01   1.5741224491190262e+00   2.0042319515880935e+00   1.2013616411940411e+01   9.8567869170529099e-01   9.2487031987018220e-01
 -3.0000000000000000e+00   6.3454751001680831e-01   1.5759261272233365e+00   2.0082274101428803e+00   1.2035572178026946e+01   9.8518000781632808e-01   9.2276148801256563e-01
 -2.9749999999999996e+00   6.3379974118136573e-01   1.5777854344592479e+00   2.0123365348935573e+00   1.2058152560380847e+01   9.8466216384940219e-01   9.2058938783242106e-01
 -2.9499999999999993e+00   6.3303060053132743e-01   1.5797024648739899e+00   2.0165631016238401e+00   1.2081378307615303e+01   9.8412431633453912e-01   9.1835188805158297e-01
 -2.9250000000000007e+00   6.3223937270421515e-01   1.5816794131671974e+00   2.0209110413796969e+00   1.2105271021537604e+01   9.8356557821476387e-01   9.1604677356309550e-01
 -2.9000000000000004e+00   6.3142531265048241e-01   1.5837185807492919e+00   2.0253844483428938e+00   1.2129853200415710e+01   9.8298501620110212e-01   9.1367174159072595e-01
 -2.8750000000000000e+00   6.3058764411519863e-01   1.5858223822370288e+00   2.0299875881744174e+00   1.2155148284826851e+01   9.8238164794244032e-01   9.1122439765392982e-01
 -2.8499999999999996e+00   6.2972555802851626e-01   1.5879933524227650e+00   2.0347249068591471e+00   1.2181180706260601e+01   9.8175443899565862e-01   9.0870225132850624e-01
 -2.8249999999999993e+00   6.2883821079878788e-01   1.5902341537575146e+00   2.0396010400854845e+00   1.2207975938661644e+01   9.8110229958017281e-01   9.0610271179277657e-01
 -2.8000000000000007e+00   6.2792472250177189e-01   1.5925475843916597e+00   2.0446208231959968e+00   1.2235560553110343e+01   9.8042408109965706e-01   9.0342308314886088e-01
 -2.7750000000000004e+00   6.2698417495889402e-01   1.5949365868214480e+00   2.0497893017477145e+00   1.2263962275853487e+01   9.7971857241219840e-01   9.0066055950828550e-01
 -2.7500000000000000e+00   6.2601560969702219e-01   1.5974042571941265e+00   2.0551117427235379e+00   1.2293210049913004e+01   9.7898449582848468e-01   8.9781221983090198e-01
 -2.7249999999999996e+00   6.2501802578169685e-01   1.5999538553297261e+00   2.0605936464390280e+00   1.2323334100515911e+01   9.7822050281583717e-01   8.9487502250595063e-01
 -2.6999999999999993e+00   6.2399037751515818e-01   1.6025888155233734e+00   2.0662407591921621e+00   1.2354366004607009e+01   9.7742516938390489e-01   8.9184579966388811e-01
 -2.6750000000000007e+00   6.2293157198993054e-01   1.6053127581983671e+00   2.0720590867068296e+00   1.2386338764723327e+01   9.7659699112570297e-01   8.8872125120764034e-01
 -2.6500000000000004e+00   6.2184046648805658e-01   1.6081295024874465e+00   2.0780549084245084e+00   1.2419286887529456e+01   9.7573437788530393e-01   8.8549793855195602e-01
 -2.6250000000000000e+00   6.2071586571539650e-01   1.6110430798276203e+00   2.0842347927022913e+00   1.2453246467333457e+01   9.7483564802092038e-01   8.8217227805977694e-01
 -2.5999999999999996e+00   6.1955651885968177e-01   1.6140577486627685e+00   2.0906056129794126e+00   1.2488255274924828e+01   9.7389902222930003e-01   8.7874053416491971e-01
 -2.5749999999999993e+00   6.1836111646023040e-01   1.6171780103581506e+00   2.0971745649787250e+00   1.2524352852099739e+01   9.7292261689426385e-01   8.7519881217092399e-01
 -2.5500000000000007e+00   6.1712828707644873e-01   1.6204086264419149e+00   2.1039491850138869e+00   1.2561580612262329e+01   9.7190443691886985e-01   8.7154305071682203e-01
 -2.5250000000000004e+00   6.1585659374136514e-01   1.6237546373010980e+00   2.1109373694778326e+00   1.2599981947517360e+01   9.7084236799699763e-01   8.6776901390169148e-01
 -2.5000000000000000e+00   6.1454453018560296e-01   1.6272213824732651e+00   2.1181473955927248e+00   1.2639602342694960e+01   9.6973416827615011e-01   8.6387228306142039e-01
 -2.4749999999999996e+00   6.1319051681625303e-01   1.6308145226904369e+00   2.1255879435067735e+00   1.2680489496776637e+01   9.6857745935889661e-01   8.5984824819307859e-01
 -2.4499999999999993e+00   6.1179289643418555e-01   1.6345400638491663e+00   2.1332681198283834e+00   1.2722693452219644e+01   9.6736971658562776e-01   8.5569209902483712e-01
 -2.4250000000000007e+00   6.1034992967240231e-01   1.6384043830999333e+00   2.1411974826932294e+00   1.2766266732705120e+01   9.6610825853611582e-01   8.5139881573253984e-01
 -2.4000000000000004e+00   6.0885979013705049e-01   1.6424142572708018e+00   2.1493860684652644e+00   1.2811264489864914e+01   9.6479023568176747e-01   8.4696315930802957e-01
 -2.3750000000000000e+00   6.0732055923180883e-01   1.6465768938645611e+00   2.1578444201776512e+00   1.2857744659569672e+01   9.6341261811436429e-01   8.4237966158920108e-01
 -2.3499999999999996e+00   6.0573022064543081e-01   1.6508999648960196e+00   2.1665836178247084e+00   1.2905768128388512e+01   9.6197218227051429e-01   8.3764261496778780e-01
 -2.3249999999999993e+00   6.0408665448138676e-01   1.6553916438669019e+00   2.1756153106205858e+00   1.2955398910856310e+01   9.6046549656395319e-01   8.3274606179823285e-01
 -2.3000000000000007e+00   6.0238763100780557e-01   1.6600606462104504e+00   2.1849517513444643e+00   1.3006704338206745e+01   9.5888890583022379e-01   8.2768378353992256e-01
 -2.2750000000000004e+00   6.0063080400530244e-01   1.6649162735768908e+00   2.1946058328954430e+00   1.3059755259248004e+01   9.5723851448012509e-01   8.2244928967586317e-01
 -2.2500000000000000e+00   5.9881370368986298e-01   1.6699684623749342e+00   2.2045911271825678e+00   1.3114626254070533e+01   9.5551016824967405e-01   8.1703580646392182e-01
 -2.2249999999999996e+00   5.9693372918781262e-01   1.6752278370341025e+00   2.2149219264762352e+00   1.3171395861280434e+01   9.5369943442518079e-01   8.1143626559242799e-01
 -2.1999999999999993e+00   5.9498814054010485e-01   1.6807057685086675e+00   2.2256132873460688e+00   1.3230146819446070e+01   9.5180158041246465e-01   8.0564329283074076e-01
 -2.1750000000000007e+00   5.9297405021383809e-01   1.6864144386071875e+00   2.2366810773066694e+00   1.3290966323424833e+01   9.4981155050931365e-01   7.9964919678789781e-01
 -2.1500000000000004e+00   5.9088841410018511e-01   1.6923669108029762e+00   2.2481420242856172e+00   1.3353946296198792e+01   9.4772394073014432e-01   7.9344595791934003e-01
 -2.1250000000000000e+00   5.8872802197996998e-01   1.6985772082614110e+00   2.2600137690168469e+00   1.3419183676785725e+01   9.4553297152163940e-01   7.8702521795375291e-01
 -2.0999999999999996e+00   5.8648948744117957e-01   1.7050603999109062e+00   2.2723149204457433e+00   1.3486780724700115e+01   9.4323245819817692e-01   7.8037826995015325e-01
 -2.0749999999999993e+00   5.8416923723693015e-01   1.7118326954872072e+00   2.2850651142090355e+00   1.3556845341310755e+01   9.4081577891649448e-01   7.7349604924063398e-01
 -2.0500000000000007e+00   5.8176350007834776e-01   1.7189115505962940e+00   2.2982850742199430e+00   1.3629491408262218e+01   9.3827584000070230e-01   7.6636912556779246e-01
 -2.0250000000000004e+00   5.7926829486455444e-01   1.7263157829720714e+00   2.3119966773465261e+00   1.3704839142894077e+01   9.3560503842213572e-01   7.5898769678933209e-01
 -2.0000000000000000e+00   5.7667941836230319e-01   1.7340657012519605e+00   2.3262230211143167e+00   1.3783015470279082e+01   9.3279522123444669e-01   7.5134158459726430e-01
 -1.9749999999999996e+00   5.7399243236107889e-01   1.7421832477591523e+00   2.3409884942913552e+00   1.3864154411100699e+01   9.2983764176386730e-01   7.4342023278740854e-01
 -1.9499999999999993e+00   5.7120265034669360e-01   1.7506921569657392e+00   2.3563188501191945e+00   1.3948397484070668e+01   9.2672291235919424e-01   7.3521270871874700e-01
 -1.9250000000000007e+00   5.6830512375811326e-01   1.7596181315191315e+00   2.3722412818341145e+00   1.4035894120931729e+01   9.2344095351753530e-01   7.2670770872391077e-01
 -1.9000000000000004e+00   5.6529462791994234e-01   1.7689890379457509e+00   2.3887844999706607e+00   1.4126802091254529e+01   9.1998093922264235e-01   7.1789356837451201e-01
 -1.8750000000000000e+00   5.6216564777758626e-01   1.7788351244038259e+00   2.4059788107495015e+00   1.4221287933193029e+01   9.1633123836572339e-01   7.0875827867106045e-01
 -1.8499999999999996e+00   5.5891236360574215e-01   1.7891892631407271e+00   2.4238561946118522e+00   1.4319527385045362e+01   9.1247935216784426e-01   6.9928950942006518e-01
 -1.8249999999999993e+00   5.5552863691430843e-01   1.8000872206237899e+00   2.4424503836690445e+00   1.4421705810853187e+01   9.0841184759324367e-01   6.8947464128391123e-01
 -1.8000000000000007e+00   5.5200799684370916e-01   1.8115679586488518e+00   2.4617969364626786e+00   1.4528018611222230e+01   9.0411428684027650e-01   6.7930080824570382e-01
 -1.7750000000000004e+00   5.4834362742328602e-01   1.8236739700962445e+00   2.4819333079820560e+00   1.4638671608080710e+01   8.9957115312890690e-01   6.6875495252456041e-01
 -1.7500000000000000e+00   5.4452835616870154e-01   1.8364516533831119e+00   2.5028989123235101e+00   1.4753881389003684e+01   8.9476577318029471e-01   6.5782389430951294e-01
 -1.7249999999999996e+00   5.4055464461828817e-01   1.8499517300533945e+00   2.5247351746948747e+00   1.4873875592986977e+01   8.8968023701697707e-01   6.4649441905414018e-01
 -1.6999999999999993e+00   5.3641458155984667e-01   1.8642297103335399e+00   2.5474855686354512e+00   1.4998893114977637e+01   8.8429531601591849e-01   6.3475338548905169e-01
 -1.6750000000000007e+00   5.3209987988294782e-01   1.8793464118427945e+00   2.5711956333131778e+00   1.5129184200924978e+01   8.7859038053914118e-01   6.2258785796313032e-01
 -1.6500000000000004e+00   5.2760187821305515e-01   1.8953685369485778e+00   2.5959129645448309e+00   1.5265010398435003e+01   8.7254331896909121e-01   6.0998526721034185e-01
 -1.6250000000000000e+00   5.2291154874865575e-01   1.9123693144529554e+00   2.6216871717295755e+00   1.5406644320112445e+01   8.6613046061367893e-01   5.9693360414463015e-01
 -1.5999999999999996e+00   5.1801951303743665e-01   1.9304292113176269e+00   2.6485697911560293e+00   1.5554369167167467e+01   8.5932650574902658e-01   5.8342165179114869e-01
 -1.5749999999999993e+00   5.1291606779765553e-01   1.9496367198901989e+00   2.6766141441091671e+00   1.5708477949687468e+01   8.5210446706912524e-01   5.6943926093409192e-01
 -1.5500000000000007e+00   5.0759122332190698e-01   1.9700892254510369e+00   2.7058751258346931e+00   1.5869272326958216e+01   8.4443562804934980e-01   5.5497767545525023e-01
 -1.5250000000000004e+00   5.0203475749455229e-01   1.9918939576825043e+00   2.7364089087035119e+00   1.6037060976299017e+01   8.3628952524303268e-01   5.4002991358324604e-01
 -1.5000000000000000e+00   4.9623628900935685e-01   2.0151690276346241e+00   2.7682725398675920e+00   1.6212157382109062e+01   8.2763396335406159e-01   5.2459121127594677e-01
 -1.4749999999999996e+00   4.9018537398301143e-01   2.0400445486051106e+00   2.8015234103512250e+00   1.6394876918428036e+01   8.1843507409514793e-01   5.0865953359109539e-01
 -1.4499999999999993e+00   4.8387163080441625e-01   2.0666638346570183e+00   2.8362185689816686e+00   1.6585533078861140e+01   8.0865743236520304e-01   4.9223615899141404e-01
 -1.4250000000000007e+00   4.7728489870484486e-01   2.0951846637377156e+00   2.8724138510174693e+00   1.6784432688234411e+01   7.9826424614561187e-01   4.7532633986114992e-01
 -1.4000000000000004e+00   4.7041543612459630e-01   2.1257805828785252e+00   2.9101627880878955e+00   1.6991869912515128e+01   7.8721763966122216e-01   4.5794003980906051e-01
 -1.3750000000000000e+00   4.6325416540066261e-01   2.1586422199466093e+00   2.9495152635900292e+00   1.7208118869976040e+01   7.7547905263780537e-01   4.4009274427170753e-01
 -1.3499999999999996e+00   4.5579297047960882e-01   2.1939785489621495e+00   2.9905158767027440e+00   1.7433424641156872e+01   7.6300978166046141e-01   4.2180633514112720e-01
 -1.3249999999999993e+00   4.4802505409048987e-01   2.2320180330763937e+00   3.0332019796570413e+00   1.7667992483310428e+01   7.4977169228298046e-01   4.0311001223643039e-01
 -1.3000000000000007e+00   4.3994535985165772e-01   2.2730095399510142e+00   3.0776013581829407e+00   1.7911975084039515e+01   7.3572813202644316e-01   3.8404123407033852e-01
 -1.2750000000000004e+00   4.3155106282126765e-01   2.3172228877447179e+00   3.1237295358458859e+00   1.8165457748138827e+01   7.2084507383251695e-01   3.6464663730709179e-01
 -1.2500000000000000e+00   4.2284212865708931e-01   2.3649488360488466e+00   3.1715867013626320e+00   1.8428441512641008e+01   7.0509251567963949e-01   3.4498287861330224e-01
 -1.2249999999999996e+00   4.1382193640690573e-01   2.4164982859118251e+00   3.2211542862555693e+00   1.8700824340409284e+01   6.8844615337680359e-01   3.2511732477983724e-01
 -1.1999999999999993e+00   4.0449795259726429e-01   2.4722003994804971e+00   3.2723912606133347e+00   1.8982380764673316e+01   6.7088932820854363e-01   3.0512849827194677e-01
 -1.1750000000000007e+00   3.9488243442808479e-01   2.5323992986629493e+00   3.3252302689094919e+00   1.9272740654655156e+01   6.5241522724902701e-01   2.8510616798012312e-01
 -1.1500000000000004e+00   3.8499312748822406e-01   2.5974489636327012e+00   3.3795737959295375e+00   1.9571368146646016e+01   6.3302928027947192e-01   2.6515096237744340e-01
 -1.1250000000000000e+00   3.7485390895511012e-01   2.6677059411957553e+00   3.4352906322727912e+00   1.9877542221301013e+01   6.1275165284747235e-01   2.4537337935672265e-01
 -1.0999999999999996e+00   3.6449531197220991e-01   2.7435195108249917e+00   3.4922129928035415e+00   2.0190340869007983e+01   5.9161968160161160e-01   2.2589207961448343e-01
 -1.0749999999999993e+00   3.5395485308100255e-01   2.8252190676169371e+00   3.5501347173532372e+00   2.0508631202421210e+01   5.6969004024468373e-01   2.0683138470521101e-01
 -1.0500000000000007e+00   3.4327707563940912e-01   2.9130986918871238e+00   3.6088110321283793e+00   2.0831068145354699e+01   5.4704037103429737e-01   1.8831796159840730e-01
 -1.0250000000000004e+00   3.3251322246608184e-01   3.0073992023039189e+00   3.6679603485892507e+00   2.1156104317945562e+01   5.2377008094844058e-01   1.7047676382120458e-01
 -1.0000000000000000e+00   3.2172046514439961e-01   3.1082884315462005e+00   3.7272684985635998e+00   2.1482013309368309e+01   4.9999999999981887e-01   1.5342640971990174e-01
 -9.7499999999999964e-01   3.1096064905468290e-01   3.2158409851535539e+00   3.7863956305211888e+00   2.1806927574108510e+01   4.7587064834448245e-01   1.3727429709590899e-01
 -9.4999999999999929e-01   3.0029856290750956e-01   3.3300192658863805e+00   3.8449857188006336e+00   2.2128890686881075e+01   4.5153896980217945e-01   1.2211185780265355e-01
 -9.2500000000000071e-01   2.8979980520244109e-01   3.4506579440294831e+00   3.9026782878038904e+00   2.2445921769195571e+01   4.2717356065539486e-01   1.0801041775523523e-01
 -9.0000000000000036e-01   2.7952838786161116e-01   3.5774541814875693e+00   3.9591215804623157e+00   2.2756087852454655e+01   4.0294863442284162e-01   9.5018121027622526e-02
 -8.7500000000000000e-01   2.6954427489550209e-01   3.7099656462289308e+00   4.0139860837125889e+00   2.3057578202886088e+01   3.7903717719403757e-01   8.3158286860460451e-02
 -8.4999999999999964e-01   2.5990108578879811e-01   3.8476176310114538e+00   4.0669771488060702e+00   2.3348773672421100e+01   3.5560391394071489e-01   7.2429401460328613e-02
 -8.2499999999999929e-01   2.5064418777350544e-01   3.9897194859497391e+00   4.1178454746124231e+00   2.3628304306340425e+01   3.3279877698870841e-01   6.2806731570766439e-02
 -8.0000000000000071e-01   2.4180935559366343e-01   4.1354892888445578e+00   4.1663944724544875e+00   2.3895089814371538e+01   3.1075151707358961e-01   5.4245329940299847e-02
 -7.7500000000000036e-01   2.3342210010803999e-01   4.2840844955860975e+00   4.2124839555576807e+00   2.4148359844879216e+01   2.8956793125109553e-01   4.6684032729016334e-02
 -7.5000000000000000e-01   2.2549767543259644e-01   4.4346355148965166e+00   4.2560300998008636e+00   2.4387653769184446e+01   2.6932793912687897e-01   4.0049960754318104e-02
 -7.2499999999999964e-01   2.1804168886163316e-01   4.5862789140043256e+00   4.2970020920895315e+00   2.4612802263770018e+01   2.5008547767477157e-01   3.4263040926931221e-02
 -6.9999999999999929e-01   2.1105117558622222e-01   4.7381873008874242e+00   4.3354162245839998e+00   2.4823894856998212e+01   2.3186996292796397e-01   2.9240146500691178e-02
 -6.7500000000000071e-01   2.0451596999860630e-01   4.8895937075565037e+00   4.3713283591341652e+00   2.5021238519819327e+01   2.1468892309687412e-01   2.4898583214683745e-02
 -6.5000000000000036e-01   1.9842020647748859e-01   5.0398092903580016e+00   4.4048256801933832e+00   2.5205312346544581e+01   1.9853135437319663e-01   2.1158787398652179e-02
 -6.2500000000000000e-01   1.9274380726511919e-01   5.1882341341556026e+00   4.4360185186652679e+00   2.5376722625408132e+01   1.8337137586471386e-01   1.7946223064044364e-02
 -5.9999999999999964e-01   1.8746385258232567e-01   5.3343617248068931e+00   4.4650328228742389e+00   2.5536161465190997e+01   1.6917183759146651e-01   1.5192551975898971e-02
 -5.7499999999999929e-01   1.8255576833966047e-01   5.4777781556560585e+00   4.4920036318783421e+00   2.5684370929896684e+01   1.5588763611325285e-01   1.2836200229321859e-02
 -5.5000000000000071e-01   1.7799430244149433e-01   5.6181573583159725e+00   4.5170697105019970e+00   2.5822113557287555e+01   1.4346859225397671e-01   1.0822462202618399e-02
 -5.2500000000000036e-01   1.7375428798032097e-01   5.7552536494135778e+00   4.5403693554455087e+00   2.5950149312699452e+01   1.3186182950504033e-01   9.1032772575241339e-03
 -5.0000000000000000e-01   1.6981120974110903e-01   5.8888927387336869e+00   4.5620372822413762e+00   2.6069218482304596e+01   1.2101365364235146e-01   7.6367958614748099e-03
 -4.7499999999999964e-01   1.6614160042136036e-01   6.0189621230555614e+00   4.5822024479535433e+00   2.6180029708450871e+01   1.1087097385444498e-01   6.3868277556330399e-03
 -4.4999999999999929e-01   1.6272329672711311e-01   6.1454015504430171e+00   4.6009866438836236e+00   2.6283252256328481e+01   1.0138232682448207e-01   5.3222406897101004e-03
 -4.2500000000000071e-01   1.5953558506257567e-01   6.2681940183299139e+00   4.6185036949800615e+00   2.6379511614578739e+01   9.2498572626557599e-02   4.4163570526698503e-03
 -4.0000000000000036e-01   1.5655926364203285e-01   6.3873575841954917e+00   4.6348591185219963e+00   2.6469387619700278e+01   8.4173329729479787e-02   3.6463786563060152e-03
 -3.7500000000000000e-01   1.5377664382849199e-01   6.5029381257358301e+00   4.6501501167631529e+00   2.6553414415625927e+01   7.6363209724171446e-02   2.9928570742996374e-03
 -3.4999999999999964e-01   1.5117150921922398e-01   6.6150030859970625e+00   4.6644658017641891e+00   2.6632081689217017e+01   6.9027903412225672e-02   2.4392178131449338e-03
 -3.2500000000000107e-01   1.4872904697077508e-01   6.7236361717324646e+00   4.6778875727741500e+00   2.6705836744042621e+01   6.2130160444520723e-02   1.9713404759922337e-03
 -3.0000000000000071e-01   1.4643576234253361e-01   6.8289329327958903e+00   4.6904895858289954e+00   2.6775087080908250e+01   5.5635695844473886e-02   1.5771932431839497e-03
 -2.7500000000000036e-01   1.4427938452614875e-01   6.9309971295224306e+00   4.7023392712359477e+00   2.6840203241525749e+01   4.9513049013194942e-02   1.2465177908554947e-03
 -2.5000000000000000e-01   1.4224876950575874e-01   7.0299377876834033e+00   4.7134978673740733e+00   2.6901521741843890e+01   4.3733414367652851e-02   9.7055968491510658e-04
 -2.2499999999999964e-01   1.4033380389771377e-01   7.1258668419540454e+00   4.7240209491123695e+00   2.6959347975801116e+01   3.8270457578913904e-02   7.4183893213697338e-04
 -2.0000000000000107e-01   1.3852531236497717e-01   7.2188972753605301e+00   4.7339589365843384e+00   2.7013959011133736e+01   3.3100127322828174e-02   5.5395546249148442e-04
 -1.7500000000000071e-01   1.3681497020554151e-01   7.3091416713950821e+00   4.7433575755304291e+00   2.7065606228944301e+01   2.8200469356903242e-02   4.0142466354520234e-04
 -1.5000000000000036e-01   1.3519522199846931e-01   7.3967111057469328e+00   4.7522583843527242e+00   2.7114517780347867e+01   2.3551447417140318e-02   2.7953856030249469e-04
 -1.2500000000000000e-01   1.3365920668949191e-01   7.4817143148480056e+00   4.7606990657831050e+00   2.7160900848662859e+01   1.9134773724920978e-02   1.8424875047429179e-04
 -9.9999999999999645e-02   1.3220068915658886e-01   7.5642570880664746e+00   4.7687138829427429e+00   2.7204943715925879e+01   1.4933750667199319e-02   1.1206771653704539e-04
 -7.5000000000001066e-02   1.3081399807210134e-01   7.6444418390822788e+00   4.7763340008010093e+00   2.7246817639270038e+01   1.0933124348587469e-02   5.9985614465851711e-05
 -5.0000000000000711e-02   1.2949396973890737e-01   7.7223673196230926e+00   4.7835877948058254e+00   2.7286678546904497e+01   7.1189501198817727e-03   2.5400071104297872e-05
 -2.5000000000000355e-02   1.2823589749922759e-01   7.7981284453210407e+00   4.7905011288914157e+00   2.7324668565817205e+01   3.4784697927537681e-03   6.0569030456703032e-06
  0.0000000000000000e+00   1.2703548627731970e-01   7.8718162090314694e+00   4.7970976052744048e+00   2.7360917394449586e+01   0.0000000000000000e+00   0.0000000000000000e+00
