# ZND solution.
# Columns are: spatial coordinate; specific volume; density;
# flow velocity in lab frame; pressure; reaction progress variable.
 -1.5150000000000000e+01   5.5721746169784858e-01   1.7946314836455186e+00   3.0151164610293830e+00   2.1531359046879963e+01   9.9999999999900002e-01
 -1.5100000000000000e+01   5.5721746169784858e-01   1.7946314836455186e+00   3.0151164610293830e+00   2.1531359046879963e+01   9.9999999999900002e-01
 -1.5050000000000001e+01   5.5721746169784858e-01   1.7946314836455186e+00   3.0151164610293830e+00   2.1531359046879963e+01   9.9999999999900002e-01
 -1.5000000000000000e+01   5.5721746169784858e-01   1.7946314836455186e+00   3.0151164610293830e+00   2.1531359046879963e+01   9.9999999999900002e-01
 -1.4950000000000001e+01   5.5721746169784858e-01   1.7946314836455186e+00   3.0151164610293830e+00   2.1531359046879963e+01   9.9999999999900002e-01
 -1.4900000000000000e+01   5.5721746169784858e-01   1.7946314836455186e+00   3.0151164610293830e+00   2.1531359046879963e+01   9.9999999999900002e-01
 -1.4850000000000000e+01   5.5721745647388810e-01   1.7946315004703397e+00   3.0151164966018094e+00   2.1531359289109499e+01   9.9999999999897626e-01
 -1.4800000000000001e+01   5.5721743487407815e-01   1.7946315700368982e+00   3.0151166436851673e+00   2.1531360290669891e+01   9.9999999999887512e-01
 -1.4750000000000000e+01   5.5721741222518695e-01   1.7946316429822411e+00   3.0151167979122171e+00   2.1531361340875076e+01   9.9999999999876388e-01
 -1.4700000000000001e+01   5.5721738849834290e-01   1.7946317193993560e+00   3.0151169594795597e+00   2.1531362441063798e+01   9.9999999999864175e-01
 -1.4650000000000000e+01   5.5721736361233842e-01   1.7946317995497889e+00   3.0151171289401759e+00   2.1531363595001562e+01   9.9999999999850753e-01
 -1.4600000000000000e+01   5.5721733744621749e-01   1.7946318838231048e+00   3.0151173071177126e+00   2.1531364808296978e+01   9.9999999999835987e-01
 -1.4550000000000001e+01   5.5721731002404840e-01   1.7946319721417878e+00   3.0151174938482774e+00   2.1531366079834022e+01   9.9999999999819733e-01
 -1.4500000000000000e+01   5.5721728134569659e-01   1.7946320645062726e+00   3.0151176891327864e+00   2.1531367409618930e+01   9.9999999999801914e-01
 -1.4450000000000001e+01   5.5721725123358545e-01   1.7946321614884821e+00   3.0151178941804431e+00   2.1531368805885748e+01   9.9999999999782319e-01
 -1.4400000000000000e+01   5.5721721967549931e-01   1.7946322631277609e+00   3.0151181090744301e+00   2.1531370269200902e+01   9.9999999999760802e-01
 -1.4350000000000000e+01   5.5721718659803077e-01   1.7946323696605342e+00   3.0151183343146131e+00   2.1531371802968213e+01   9.9999999999737155e-01
 -1.4300000000000001e+01   5.5721715199539923e-01   1.7946324811054213e+00   3.0151185699403547e+00   2.1531373407455721e+01   9.9999999999711164e-01
 -1.4250000000000000e+01   5.5721711565314180e-01   1.7946325981531461e+00   3.0151188174120347e+00   2.1531375092607846e+01   9.9999999999682598e-01
 -1.4200000000000001e+01   5.5721707757134631e-01   1.7946327208034281e+00   3.0151190767290545e+00   2.1531376858420519e+01   9.9999999999651212e-01
 -1.4150000000000000e+01   5.5721703762136976e-01   1.7946328494705903e+00   3.0151193487674064e+00   2.1531378710858771e+01   9.9999999999616707e-01
 -1.4100000000000000e+01   5.5721699576509809e-01   1.7946329842773905e+00   3.0151196337866266e+00   2.1531380651689922e+01   9.9999999999578804e-01
 -1.4050000000000001e+01   5.5721695192812726e-01   1.7946331254634644e+00   3.0151199322933673e+00   2.1531382684363997e+01   9.9999999999537170e-01
 -1.4000000000000000e+01   5.5721690587074657e-01   1.7946332738008537e+00   3.0151202459199324e+00   2.1531384819996138e+01   9.9999999999491340e-01
 -1.3949999999999999e+01   5.5721685763905715e-01   1.7946334291410833e+00   3.0151205743523981e+00   2.1531387056448679e+01   9.9999999999441014e-01
 -1.3900000000000000e+01   5.5721680709567745e-01   1.7946335919266234e+00   3.0151209185262600e+00   2.1531389400091857e+01   9.9999999999385725e-01
 -1.3850000000000000e+01   5.5721675411080485e-01   1.7946337625755342e+00   3.0151212793254056e+00   2.1531391856944488e+01   9.9999999999324984e-01
 -1.3800000000000001e+01   5.5721669856318168e-01   1.7946339414783565e+00   3.0151216575755364e+00   2.1531394432629156e+01   9.9999999999258249e-01
 -1.3750000000000000e+01   5.5721664036796870e-01   1.7946341289083376e+00   3.0151220538543626e+00   2.1531397131079771e+01   9.9999999999184908e-01
 -1.3699999999999999e+01   5.5721657932768964e-01   1.7946343255014976e+00   3.0151224695065943e+00   2.1531399961453097e+01   9.9999999999104294e-01
 -1.3650000000000000e+01   5.5721651535831007e-01   1.7946345315284928e+00   3.0151229051044615e+00   2.1531402927645722e+01   9.9999999999015721e-01
 -1.3600000000000000e+01   5.5721644828954109e-01   1.7946347475377817e+00   3.0151233618075421e+00   2.1531406037553765e+01   9.9999999998918399e-01
 -1.3550000000000001e+01   5.5721637798793533e-01   1.7946349739591676e+00   3.0151238405245433e+00   2.1531409297365038e+01   9.9999999998811440e-01
 -1.3500000000000000e+01   5.5721630429793667e-01   1.7946352112936601e+00   3.0151243423147194e+00   2.1531412714292511e+01   9.9999999998693889e-01
 -1.3449999999999999e+01   5.5721622703931650e-01   1.7946354601217334e+00   3.0151248684053336e+00   2.1531416296693202e+01   9.9999999998564726e-01
 -1.3400000000000000e+01   5.5721614601592317e-01   1.7946357210751458e+00   3.0151254201320747e+00   2.1531420053662448e+01   9.9999999998422762e-01
 -1.3350000000000000e+01   5.5721606112577515e-01   1.7946359944823618e+00   3.0151259981893839e+00   2.1531423989929031e+01   9.9999999998266798e-01
 -1.3300000000000001e+01   5.5721597211138829e-01   1.7946362811726770e+00   3.0151266043305931e+00   2.1531428117432213e+01   9.9999999998095390e-01
 -1.3250000000000000e+01   5.5721587883576040e-01   1.7946365815873500e+00   3.0151272394886148e+00   2.1531432442524650e+01   9.9999999997907063e-01
 -1.3199999999999999e+01   5.5721578104873404e-01   1.7946368965320818e+00   3.0151279053668900e+00   2.1531436976805871e+01   9.9999999997700095e-01
 -1.3150000000000000e+01   5.5721567853183818e-01   1.7946372267105224e+00   3.0151286034530913e+00   2.1531441730406147e+01   9.9999999997472666e-01
 -1.3100000000000000e+01   5.5721557105902775e-01   1.7946375728507173e+00   3.0151293352864674e+00   2.1531446713806954e+01   9.9999999997222755e-01
 -1.3050000000000001e+01   5.5721545840979581e-01   1.7946379356628777e+00   3.0151301023685542e+00   2.1531451937232966e+01   9.9999999996948119e-01
 -1.3000000000000000e+01   5.5721534029842756e-01   1.7946383160672326e+00   3.0151309066449197e+00   2.1531457413932472e+01   9.9999999996646316e-01
 -1.2949999999999999e+01   5.5721521651518036e-01   1.7946387147393286e+00   3.0151317495438010e+00   2.1531463153631019e+01   9.9999999996314681e-01
 -1.2900000000000000e+01   5.5721508673708198e-01   1.7946391327193962e+00   3.0151326332644697e+00   2.1531469171304490e+01   9.9999999995950251e-01
 -1.2850000000000000e+01   5.5721495069813431e-01   1.7946395708641711e+00   3.0151335596182323e+00   2.1531475479286936e+01   9.9999999995549782e-01
 -1.2800000000000001e+01   5.5721480809354940e-01   1.7946400301553229e+00   3.0151345306805353e+00   2.1531482091711055e+01   9.9999999995109701e-01
 -1.2750000000000000e+01   5.5721465861515873e-01   1.7946405115854136e+00   3.0151355485498446e+00   2.1531489022866289e+01   9.9999999994626110e-01
 -1.2699999999999999e+01   5.5721450189742272e-01   1.7946410163317850e+00   3.0151366157152917e+00   2.1531496289702329e+01   9.9999999994094690e-01
 -1.2650000000000000e+01   5.5721433762852346e-01   1.7946415453987605e+00   3.0151377343001937e+00   2.1531503906677841e+01   9.9999999993510724e-01
 -1.2600000000000000e+01   5.5721416541617852e-01   1.7946421000498229e+00   3.0151389069757877e+00   2.1531511891982543e+01   9.9999999992869004e-01
 -1.2550000000000001e+01   5.5721398490463936e-01   1.7946426814307941e+00   3.0151401361645336e+00   2.1531520262112128e+01   9.9999999992163846e-01
 -1.2500000000000000e+01   5.5721379567337315e-01   1.7946432908961549e+00   3.0151414247300403e+00   2.1531529036566251e+01   9.9999999991388955e-01
 -1.2449999999999999e+01   5.5721359730299591e-01   1.7946439297966921e+00   3.0151427755280911e+00   2.1531538234791309e+01   9.9999999990537403e-01
 -1.2400000000000000e+01   5.5721338934896902e-01   1.7946445995642157e+00   3.0151441915857613e+00   2.1531547877400090e+01   9.9999999989601651e-01
 -1.2350000000000000e+01   5.5721317135203319e-01   1.7946453016779556e+00   3.0151456760303654e+00   2.1531557985687961e+01   9.9999999988573340e-01
 -1.2300000000000001e+01   5.5721294283996181e-01   1.7946460376589133e+00   3.0151472320775179e+00   2.1531568581551568e+01   9.9999999987443322e-01
 -1.2250000000000000e+01   5.5721270328659611e-01   1.7946468092018018e+00   3.0151488633100842e+00   2.1531579689388341e+01   9.9999999986201593e-01
 -1.2199999999999999e+01   5.5721245217783033e-01   1.7946476179625239e+00   3.0151505732288539e+00   2.1531591333036825e+01   9.9999999984837085e-01
 -1.2150000000000000e+01   5.5721218893480584e-01   1.7946484658055473e+00   3.0151523657755508e+00   2.1531603539338079e+01   9.9999999983337606e-01
 -1.2100000000000000e+01   5.5721191299648942e-01   1.7946493545379392e+00   3.0151542447705157e+00   2.1531616334306623e+01   9.9999999981689858e-01
 -1.2050000000000001e+01   5.5721162372273803e-01   1.7946502862215743e+00   3.0151562145727868e+00   2.1531629747625214e+01   9.9999999979879139e-01
 -1.2000000000000000e+01   5.5721132049163213e-01   1.7946512628596485e+00   3.0151582794173093e+00   2.1531643808131602e+01   9.9999999977889387e-01
 -1.1949999999999999e+01   5.5721100261804390e-01   1.7946522866589525e+00   3.0151604439694437e+00   2.1531658547594446e+01   9.9999999975702869e-01
 -1.1900000000000000e+01   5.5721066939712915e-01   1.7946533598897958e+00   3.0151627130288090e+00   2.1531673998696625e+01   9.9999999973300102e-01
 -1.1850000000000000e+01   5.5721032008604332e-01   1.7946544849448982e+00   3.0151650916537860e+00   2.1531690195883058e+01   9.9999999970659736e-01
 -1.1800000000000001e+01   5.5720995390926553e-01   1.7946556643222442e+00   3.0151675851252642e+00   2.1531707175113830e+01   9.9999999967758246e-01
 -1.1750000000000000e+01   5.5720957005804717e-01   1.7946569006268598e+00   3.0151701989503970e+00   2.1531724973889762e+01   9.9999999964569841e-01
 -1.1699999999999999e+01   5.5720916766800166e-01   1.7946581966429949e+00   3.0151729390152031e+00   2.1531743632291541e+01   9.9999999961066122e-01
 -1.1650000000000000e+01   5.5720874585540792e-01   1.7946595552171996e+00   3.0151758113373588e+00   2.1531763191296388e+01   9.9999999957215902e-01
 -1.1600000000000000e+01   5.5720830367231700e-01   1.7946609794029198e+00   3.0151788223718983e+00   2.1531783694859694e+01   9.9999999952984919e-01
 -1.1550000000000001e+01   5.5720784014220814e-01   1.7946624723456590e+00   3.0151819787684144e+00   2.1531805188261693e+01   9.9999999948335505e-01
 -1.1500000000000000e+01   5.5720735423138390e-01   1.7946640373751126e+00   3.0151852875658443e+00   2.1531827719433846e+01   9.9999999943226314e-01
 -1.1449999999999999e+01   5.5720684485959626e-01   1.7946656779709478e+00   3.0151887561201094e+00   2.1531851338466115e+01   9.9999999937611861e-01
 -1.1400000000000000e+01   5.5720631089252703e-01   1.7946673977870258e+00   3.0151923921553205e+00   2.1531876097955639e+01   9.9999999931442174e-01
 -1.1350000000000000e+01   5.5720575114720605e-01   1.7946692006339573e+00   3.0151962037268829e+00   2.1531902052755491e+01   9.9999999924662353e-01
 -1.1300000000000001e+01   5.5720516437826673e-01   1.7946710905233743e+00   3.0152001993150885e+00   2.1531929260612007e+01   9.9999999917212035e-01
 -1.1250000000000000e+01   5.5720454927953311e-01   1.7946730716628256e+00   3.0152043878143098e+00   2.1531957782091190e+01   9.9999999909024984e-01
 -1.1199999999999999e+01   5.5720390447706170e-01   1.7946751484781938e+00   3.0152087785803801e+00   2.1531987680901352e+01   9.9999999900028225e-01
 -1.1150000000000000e+01   5.5720322854470317e-01   1.7946773255635797e+00   3.0152133813246267e+00   2.1532019023171529e+01   9.9999999890141755e-01
 -1.1100000000000001e+01   5.5720251997492221e-01   1.7946796077752962e+00   3.0152182063125736e+00   2.1532051878804541e+01   9.9999999879277546e-01
 -1.1050000000000001e+01   5.5720177719470221e-01   1.7946820001806481e+00   3.0152232642556371e+00   2.1532086320739509e+01   9.9999999867338940e-01
 -1.1000000000000000e+01   5.5720099855024641e-01   1.7946845081072187e+00   3.0152285664153045e+00   2.1532122425661246e+01   9.9999999854219646e-01
 -1.0949999999999999e+01   5.5720018231093027e-01   1.7946871371301480e+00   3.0152341245762195e+00   2.1532160273816984e+01   9.9999999839802900e-01
 -1.0900000000000000e+01   5.5719932666027605e-01   1.7946898931012154e+00   3.0152399511076413e+00   2.1532199949434879e+01   9.9999999823960428e-01
 -1.0850000000000001e+01   5.5719842969502631e-01   1.7946927821518344e+00   3.0152460589697530e+00   2.1532241540766972e+01   9.9999999806551165e-01
 -1.0800000000000001e+01   5.5719748941936809e-01   1.7946958107116699e+00   3.0152524617529926e+00   2.1532285140357001e+01   9.9999999787420168e-01
 -1.0750000000000000e+01   5.5719650374423424e-01   1.7946989855109043e+00   3.0152591736828094e+00   2.1532330845072806e+01   9.9999999766397152e-01
 -1.0699999999999999e+01   5.5719547047520657e-01   1.7947023136192146e+00   3.0152662097020393e+00   2.1532378756667242e+01   9.9999999743295021e-01
 -1.0650000000000000e+01   5.5719438731939697e-01   1.7947058024236278e+00   3.0152735854240444e+00   2.1532428981459116e+01   9.9999999717908206e-01
 -1.0600000000000001e+01   5.5719325185777591e-01   1.7947094597176689e+00   3.0152813173211461e+00   2.1532481631616267e+01   9.9999999690010588e-01
 -1.0550000000000001e+01   5.5719206157214274e-01   1.7947132936145116e+00   3.0152894225409672e+00   2.1532536823905009e+01   9.9999999659353944e-01
 -1.0500000000000000e+01   5.5719081381140412e-01   1.7947173126556180e+00   3.0152979191360609e+00   2.1532594681253734e+01   9.9999999625665370e-01
 -1.0449999999999999e+01   5.5718950580271498e-01   1.7947215257748801e+00   3.0153068259880449e+00   2.1532655332236352e+01   9.9999999588645017e-01
 -1.0400000000000000e+01   5.5718813463345074e-01   1.7947259423567148e+00   3.0153161629303629e+00   2.1532718911908184e+01   9.9999999547963314e-01
 -1.0350000000000000e+01   5.5718669725531045e-01   1.7947305722228801e+00   3.0153259507203423e+00   2.1532785561615729e+01   9.9999999503258141e-01
 -1.0300000000000001e+01   5.5718519046982251e-01   1.7947354256791945e+00   3.0153362111378947e+00   2.1532855429668743e+01   9.9999999454131527e-01
 -1.0250000000000000e+01   5.5718361092411739e-01   1.7947405135291921e+00   3.0153469670143003e+00   2.1532928671536244e+01   9.9999999400146178e-01
 -1.0199999999999999e+01   5.5718195510801194e-01   1.7947458470835547e+00   3.0153582422520615e+00   2.1533005449981726e+01   9.9999999340821510e-01
 -1.0150000000000000e+01   5.5718021933251316e-01   1.7947514382293990e+00   3.0153700619712835e+00   2.1533085936059894e+01   9.9999999275629425e-01
 -1.0100000000000000e+01   5.5717839973953542e-01   1.7947572993990268e+00   3.0153824524435016e+00   2.1533170308666115e+01   9.9999999203989531e-01
 -1.0050000000000001e+01   5.5717649227927335e-01   1.7947634436428634e+00   3.0153954412457633e+00   2.1533258755585585e+01   9.9999999125264094e-01
 -1.0000000000000000e+01   5.5717449270667885e-01   1.7947698846408677e+00   3.0154090572846157e+00   2.1533351473656708e+01   9.9999999038752208e-01
 -9.9499999999999993e+00   5.5717239657385342e-01   1.7947766367271025e+00   3.0154233308479110e+00   2.1533448669123842e+01   9.9999998943683677e-01
 -9.9000000000000004e+00   5.5717019921645483e-01   1.7947837149335950e+00   3.0154382936973687e+00   2.1533550558267613e+01   9.9999998839212134e-01
 -9.8499999999999996e+00   5.5716789574629733e-01   1.7947911350142531e+00   3.0154539791189667e+00   2.1533657367748038e+01   9.9999998724407446e-01
 -9.8000000000000007e+00   5.5716548103458896e-01   1.7947989134989499e+00   3.0154704220370827e+00   2.1533769335381788e+01   9.9999998598247442e-01
 -9.7500000000000000e+00   5.5716294971021441e-01   1.7948070676991519e+00   3.0154876590261908e+00   2.1533886710221811e+01   9.9999998459608863e-01
 -9.6999999999999993e+00   5.5716029613734108e-01   1.7948156157801634e+00   3.0155057284633497e+00   2.1534009753595715e+01   9.9999998307257243e-01
 -9.6500000000000004e+00   5.5715751441323269e-01   1.7948245767682849e+00   3.0155246705430923e+00   2.1534138739207158e+01   9.9999998139836088e-01
 -9.5999999999999996e+00   5.5715459834447834e-01   1.7948339706275180e+00   3.0155445274392938e+00   2.1534273954238063e+01   9.9999997955854592e-01
 -9.5500000000000007e+00   5.5715154144120171e-01   1.7948438182783593e+00   3.0155653433446012e+00   2.1534415699617149e+01   9.9999997753674474e-01
 -9.5000000000000000e+00   5.5714833690031895e-01   1.7948541416518899e+00   3.0155871645844421e+00   2.1534564290796233e+01   9.9999997531495377e-01
 -9.4499999999999993e+00   5.5714497758679138e-01   1.7948649637503395e+00   3.0156100397446810e+00   2.1534720058619531e+01   9.9999997287338727e-01
 -9.4000000000000004e+00   5.5714145602397980e-01   1.7948763086783461e+00   3.0156340197373033e+00   2.1534883349770912e+01   9.9999997019030262e-01
 -9.3499999999999996e+00   5.5713776437175888e-01   1.7948882017136687e+00   3.0156591579494432e+00   2.1535054527788716e+01   9.9999996724180473e-01
 -9.3000000000000007e+00   5.5713389441092875e-01   1.7949006693576315e+00   3.0156855103495337e+00   2.1535233973788561e+01   9.9999996400163382e-01
 -9.2500000000000000e+00   5.5712983752532108e-01   1.7949137393930206e+00   3.0157131356091549e+00   2.1535422087293089e+01   9.9999996044093153e-01
 -9.1999999999999993e+00   5.5712558468136508e-01   1.7949274409501883e+00   3.0157420952421772e+00   2.1535619287179440e+01   9.9999995652798335e-01
 -9.1500000000000004e+00   5.5712112640880151e-01   1.7949418045694880e+00   3.0157724537360910e+00   2.1535826012573541e+01   9.9999995222793647e-01
 -9.0999999999999996e+00   5.5711645278074939e-01   1.7949568622658238e+00   3.0158042786877401e+00   2.1536042723774386e+01   9.9999994750248766e-01
 -9.0500000000000007e+00   5.5711155338625562e-01   1.7949726476174543e+00   3.0158376409902465e+00   2.1536269903526890e+01   9.9999994230954259e-01
 -9.0000000000000000e+00   5.5710641731499344e-01   1.7949891958156896e+00   3.0158726149372024e+00   2.1536508057731385e+01   9.9999993660284059e-01
 -8.9499999999999993e+00   5.5710103312569936e-01   1.7950065437670242e+00   3.0159092784376016e+00   2.1536757716907189e+01   9.9999993033154144e-01
 -8.9000000000000004e+00   5.5709538882435139e-01   1.7950247301639282e+00   3.0159477131644330e+00   2.1537019437204446e+01   9.9999992343977206e-01
 -8.8499999999999996e+00   5.5708947183607149e-01   1.7950437955759087e+00   3.0159880047460090e+00   2.1537293801706976e+01   9.9999991586612735e-01
 -8.8000000000000007e+00   5.5708326897783189e-01   1.7950637825380342e+00   3.0160302429518229e+00   2.1537581421697869e+01   9.9999990754312351e-01
 -8.7500000000000000e+00   5.5707676642759629e-01   1.7950847356510080e+00   3.0160745219026803e+00   2.1537882938090362e+01   9.9999989839659498e-01
 -8.6999999999999993e+00   5.5706994969418755e-01   1.7951067016789650e+00   3.0161209402758846e+00   2.1538199022825047e+01   9.9999988834503206e-01
 -8.6500000000000004e+00   5.5706280358513438e-01   1.7951297296538535e+00   3.0161696015241830e+00   2.1538530380360783e+01   9.9999987729885442e-01
 -8.5999999999999996e+00   5.5705531217160742e-01   1.7951538709892749e+00   3.0162206141145353e+00   2.1538877749300578e+01   9.9999986515961004e-01
 -8.5500000000000007e+00   5.5704745875307859e-01   1.7951791795953029e+00   3.0162740917687634e+00   2.1539241904030302e+01   9.9999985181909712e-01
 -8.5000000000000000e+00   5.5703922582004251e-01   1.7952057119996443e+00   3.0163301537174005e+00   2.1539623656447233e+01   9.9999983715839658e-01
 -8.4499999999999993e+00   5.5703059501404573e-01   1.7952335274775790e+00   3.0163889249718689e+00   2.1540023857813491e+01   9.9999982104681073e-01
 -8.4000000000000004e+00   5.5702154708724139e-01   1.7952626881835485e+00   3.0164505365998941e+00   2.1540443400631425e+01   9.9999980334069460e-01
 -8.3499999999999996e+00   5.5701206185846708e-01   1.7952932592940745e+00   3.0165151260245895e+00   2.1540883220680232e+01   9.9999978388217314e-01
 -8.3000000000000007e+00   5.5700211816798595e-01   1.7953253091551271e+00   3.0165828373326460e+00   2.1541344299114584e+01   9.9999976249773026e-01
 -8.2500000000000000e+00   5.5699169382964842e-01   1.7953589094379605e+00   3.0166538216000864e+00   2.1541827664682824e+01   9.9999973899665551e-01
 -8.1999999999999993e+00   5.5698076558085741e-01   1.7953941353021985e+00   3.0167282372329756e+00   2.1542334396047035e+01   9.9999971316934133e-01
 -8.1500000000000004e+00   5.5696930903123754e-01   1.7954310655632826e+00   3.0168062503169559e+00   2.1542865624163181e+01   9.9999968478540724e-01
 -8.0999999999999996e+00   5.5695729860547338e-01   1.7954697828789217e+00   3.0168880350064882e+00   2.1543422534931647e+01   9.9999965359163767e-01
 -8.0500000000000007e+00   5.5694470748759406e-01   1.7955103739311051e+00   3.0169737739042466e+00   2.1544006371780707e+01   9.9999961930971881e-01
 -8.0000000000000000e+00   5.5693150755888365e-01   1.7955529296289119e+00   3.0170636584839139e+00   2.1544618438545548e+01   9.9999958163374381e-01
 -7.9500000000000002e+00   5.5691766933472886e-01   1.7955975453150179e+00   3.0171578895202154e+00   2.1545260102396572e+01   9.9999954022747617e-01
 -7.9000000000000004e+00   5.5690316189868205e-01   1.7956443209814834e+00   3.0172566775379179e+00   2.1545932796896832e+01   9.9999949472133831e-01
 -7.8499999999999996e+00   5.5688795283117964e-01   1.7956933615030986e+00   3.0173602432972162e+00   2.1546638025307278e+01   9.9999944470909963e-01
 -7.7999999999999998e+00   5.5687200813636650e-01   1.7957447768772039e+00   3.0174688182920244e+00   2.1547377363979841e+01   9.9999938974423508e-01
 -7.7500000000000000e+00   5.5685529216559293e-01   1.7957986824746355e+00   3.0175826452709171e+00   2.1548152465904785e+01   9.9999932933592495e-01
 -7.7000000000000002e+00   5.5683776753546876e-01   1.7958551993086627e+00   3.0177019787951420e+00   2.1548965064510462e+01   9.9999926294465002e-01
 -7.6500000000000004e+00   5.5681939504347699e-01   1.7959144543122803e+00   3.0178270858132437e+00   2.1549816977576221e+01   9.9999918997735326e-01
 -7.5999999999999996e+00   5.5680013357821767e-01   1.7959765806333501e+00   3.0179582462722574e+00   2.1550710111394288e+01   9.9999910978211626e-01
 -7.5499999999999998e+00   5.5677994002623654e-01   1.7960417179413433e+00   3.0180957537521560e+00   2.1551646465090048e+01   9.9999902164230603e-01
 -7.5000000000000000e+00   5.5675876917298761e-01   1.7961100127536478e+00   3.0182399161402431e+00   2.1552628135214277e+01   9.9999892477013774e-01
 -7.4500000000000002e+00   5.5673657359975104e-01   1.7961816187756328e+00   3.0183910563330882e+00   2.1553657320522984e+01   9.9999881829959514e-01
 -7.4000000000000004e+00   5.5671330357545756e-01   1.7962566972579250e+00   3.0185495129731468e+00   2.1554736326993361e+01   9.9999870127864499e-01
 -7.3499999999999996e+00   5.5668890694217243e-01   1.7963354173750004e+00   3.0187156412285510e+00   2.1555867573133810e+01   9.9999857266067249e-01
 -7.2999999999999998e+00   5.5666332899565707e-01   1.7964179566206018e+00   3.0188898136064264e+00   2.1557053595522142e+01   9.9999843129506250e-01
 -7.2500000000000000e+00   5.5663651235990175e-01   1.7965045012236547e+00   3.0190724208072557e+00   2.1558297054623381e+01   9.9999827591683843e-01
 -7.2000000000000002e+00   5.5660839685429642e-01   1.7965952465890851e+00   3.0192638726293755e+00   2.1559600740948913e+01   9.9999810513526421e-01
 -7.1500000000000004e+00   5.5657891935557458e-01   1.7966903977567692e+00   3.0194645989090678e+00   2.1560967581457984e+01   9.9999791742130684e-01
 -7.0999999999999996e+00   5.5654801365186846e-01   1.7967901698873359e+00   3.0196750505143668e+00   2.1562400646325042e+01   9.9999771109384450e-01
 -7.0500000000000007e+00   5.5651561028910146e-01   1.7968947887742359e+00   3.0198957003910447e+00   2.1563903156062320e+01   9.9999748430448965e-01
 -7.0000000000000000e+00   5.5648163641078752e-01   1.7970044913787828e+00   3.0201270446534947e+00   2.1565478488948195e+01   9.9999723502089422e-01
 -6.9499999999999993e+00   5.5644601558777995e-01   1.7971195263995001e+00   3.0203696037440531e+00   2.1567130188921546e+01   9.9999696100837721e-01
 -6.9000000000000004e+00   5.5640866764111940e-01   1.7972401548658019e+00   3.0206239236393082e+00   2.1568861973796107e+01   9.9999665980971109e-01
 -6.8499999999999996e+00   5.5636950845491984e-01   1.7973666507660988e+00   3.0208905771242525e+00   2.1570677743936749e+01   9.9999632872287447e-01
 -6.8000000000000007e+00   5.5632844977935425e-01   1.7974993017103666e+00   3.0211701651338445e+00   2.1572581591394822e+01   9.9999596477657071e-01
 -6.7500000000000000e+00   5.5628539902424223e-01   1.7976384096258138e+00   3.0214633181585677e+00   2.1574577809479287e+01   9.9999556470328221e-01
 -6.6999999999999993e+00   5.5624025904139685e-01   1.7977842914918847e+00   3.0217706977265371e+00   2.1576670902849056e+01   9.9999512490961351e-01
 -6.6500000000000004e+00   5.5619292789575425e-01   1.7979372801148370e+00   3.0220929979619835e+00   2.1578865598125464e+01   9.9999464144364336e-01
 -6.5999999999999996e+00   5.5614329862478085e-01   1.7980977249438741e+00   3.0224309472235662e+00   2.1581166855048323e+01   9.9999410995898486e-01
 -6.5500000000000007e+00   5.5609125898525658e-01   1.7982659929321287e+00   3.0227853098286439e+00   2.1583579878217304e+01   9.9999352567521838e-01
 -6.5000000000000000e+00   5.5603669118664145e-01   1.7984424694454850e+00   3.0231568878689106e+00   2.1586110129455445e+01   9.9999288333432534e-01
 -6.4499999999999993e+00   5.5597947161013472e-01   1.7986275592225867e+00   3.0235465231234535e+00   2.1588763340836078e+01   9.9999217715271271e-01
 -6.4000000000000004e+00   5.5591947051386459e-01   1.7988216873851337e+00   3.0239550990662574e+00   2.1591545528352896e+01   9.9999140076838344e-01
 -6.3499999999999996e+00   5.5585655172132153e-01   1.7990253005083758e+00   3.0243835429878088e+00   2.1594463006366936e+01   9.9999054718274860e-01
 -6.3000000000000007e+00   5.5579057229392692e-01   1.7992388677495510e+00   3.0248328282247323e+00   2.1597522402789252e+01   9.9998960869653297e-01
 -6.2500000000000000e+00   5.5572138218568012e-01   1.7994628820416263e+00   3.0253039765114633e+00   2.1600730675094560e+01   9.9998857683916953e-01
 -6.1999999999999993e+00   5.5564882387960324e-01   1.7996978613540227e+00   3.0257980604558656e+00   2.1604095127178894e+01   9.9998744229100944e-01
 -6.1500000000000004e+00   5.5557273200434210e-01   1.7999443500264958e+00   3.0263162061499802e+00   2.1607623427137440e+01   9.9998619479760431e-01
 -6.0999999999999996e+00   5.5549293292993973e-01   1.8002029201803054e+00   3.0268595959225943e+00   2.1611323626008080e+01   9.9998482307524494e-01
 -6.0500000000000007e+00   5.5540924434183692e-01   1.8004741732107927e+00   3.0274294712400733e+00   2.1615204177524529e+01   9.9998331470684898e-01
 -6.0000000000000000e+00   5.5532147479134575e-01   1.8007587413682065e+00   3.0280271357674007e+00   2.1619273958960417e+01   9.9998165602719302e-01
 -5.9499999999999993e+00   5.5522942322141011e-01   1.8010572894319177e+00   3.0286539585974985e+00   2.1623542293119264e+01   9.9997983199638329e-01
 -5.9000000000000004e+00   5.5513287846632220e-01   1.8013705164837686e+00   3.0293113776578973e+00   2.1628018971532114e+01   9.9997782606033581e-01
 -5.8499999999999996e+00   5.5503161872335793e-01   1.8016991577887489e+00   3.0300009033086193e+00   2.1632714278957213e+01   9.9997561999690898e-01
 -5.8000000000000007e+00   5.5492541099491610e-01   1.8020439867893550e+00   3.0307241221409189e+00   2.1637639019247455e+01   9.9997319374618276e-01
 -5.7500000000000000e+00   5.5481401049941881e-01   1.8024058172212425e+00   3.0314827009887404e+00   2.1642804542666301e+01   9.9997052522322161e-01
 -5.6999999999999993e+00   5.5469716004871350e-01   1.8027855053596813e+00   3.0322783911682838e+00   2.1648222774756977e+01   9.9996759011147107e-01
 -5.6500000000000004e+00   5.5457458939001425e-01   1.8031839524056026e+00   3.0331130329590383e+00   2.1653906246855982e+01   9.9996436163474278e-01
 -5.5999999999999996e+00   5.5444601451009734e-01   1.8036021070213473e+00   3.0339885603418453e+00   2.1659868128356788e+01   9.9996081030552064e-01
 -5.5499999999999989e+00   5.5431113689941636e-01   1.8040409680266933e+00   3.0349070060098877e+00   2.1666122260832054e+01   9.9995690364706646e-01
 -5.5000000000000000e+00   5.5416964277335723e-01   1.8045015872675243e+00   3.0358705066715350e+00   2.1672683194143211e+01   9.9995260588653534e-01
 -5.4499999999999993e+00   5.5402120224790929e-01   1.8049850726697052e+00   3.0368813086635873e+00   2.1679566224663713e+01   9.9994787761599180e-01
 -5.4000000000000004e+00   5.5386546846676254e-01   1.8054925914920259e+00   3.0379417738952887e+00   2.1686787435754631e+01   9.9994267541788839e-01
 -5.3499999999999996e+00   5.5370207667648685e-01   1.8060253737936998e+00   3.0390543861458674e+00   2.1694363740647606e+01   9.9993695145117123e-01
 -5.2999999999999989e+00   5.5353064324647483e-01   1.8065847161323685e+00   3.0402217577382116e+00   2.1702312927889071e+01   9.9993065299375394e-01
 -5.2500000000000000e+00   5.5335076462959054e-01   1.8071719855115653e+00   3.0414466366163055e+00   2.1710653709533869e+01   9.9992372193662793e-01
 -5.1999999999999993e+00   5.5316201625971428e-01   1.8077886235964753e+00   3.0427319138523692e+00   2.1719405772264938e+01   9.9991609422433247e-01
 -5.1500000000000004e+00   5.5296395138159748e-01   1.8084361512201097e+00   3.0440806316149343e+00   2.1728589831651711e+01   9.9990769923591349e-01
 -5.0999999999999996e+00   5.5275609980842222e-01   1.8091161732029488e+00   3.0454959916292084e+00   2.1738227689760759e+01   9.9989845909983344e-01
 -5.0499999999999989e+00   5.5253796660180055e-01   1.8098303835122220e+00   3.0469813641655872e+00   2.1748342296362839e+01   9.9988828793553797e-01
 -5.0000000000000000e+00   5.5230903066869863e-01   1.8105805707889064e+00   3.0485402975938647e+00   2.1758957813992037e+01   9.9987709101354216e-01
 -4.9499999999999993e+00   5.5206874326934863e-01   1.8113686242731375e+00   3.0501765285435676e+00   2.1770099687132323e+01   9.9986476382496448e-01
 -4.9000000000000004e+00   5.5181652642935608e-01   1.8121965401629208e+00   3.0518939927166726e+00   2.1781794715846445e+01   9.9985119105035514e-01
 -4.8499999999999996e+00   5.5155177124927646e-01   1.8130664284423905e+00   3.0536968363984984e+00   2.1794071134159100e+01   9.9983624541650173e-01
 -4.7999999999999989e+00   5.5127383610366620e-01   1.8139805202218078e+00   3.0555894287212251e+00   2.1806958693565015e+01   9.9981978642852243e-01
 -4.7500000000000000e+00   5.5098204472143009e-01   1.8149411756341134e+00   3.0575763747357181e+00   2.1820488752041232e+01   9.9980165896307283e-01
 -4.6999999999999993e+00   5.5067568413829671e-01   1.8159508923384022e+00   3.0596625293540960e+00   2.1834694368988643e+01   9.9978169170677478e-01
 -4.6500000000000004e+00   5.5035400251159905e-01   1.8170123146854453e+00   3.0618530122299248e+00   2.1849610406558323e+01   9.9975969542206367e-01
 -4.5999999999999996e+00   5.5001620678650742e-01   1.8181282436067505e+00   3.0641532236499471e+00   2.1865273637865844e+01   9.9973546102048605e-01
 -4.5499999999999989e+00   5.4966146020215723e-01   1.8193016472943455e+00   3.0665688615160418e+00   2.1881722862629488e+01   9.9970875742103071e-01
 -4.5000000000000000e+00   5.4928887962464445e-01   1.8205356727471858e+00   3.0691059395061226e+00   2.1898999030836439e+01   9.9967932916830771e-01
 -4.4499999999999993e+00   5.4889753269318708e-01   1.8218336582667098e+00   3.0717708065072808e+00   2.1917145375072270e+01   9.9964689378226645e-01
 -4.4000000000000004e+00   5.4848643476402781e-01   1.8231991469948099e+00   3.0745701674262009e+00   2.1936207552228943e+01   9.9961113880758845e-01
 -4.3499999999999996e+00   5.4805454563553058e-01   1.8246359015969627e+00   3.0775111054895330e+00   2.1956233795358635e+01   9.9957171852687288e-01
 -4.2999999999999989e+00   5.4760076603622299e-01   1.8261479202055233e+00   3.0806011061584799e+00   2.1977275076519494e+01   9.9952825029716297e-01
 -4.2500000000000000e+00   5.4712393385582525e-01   1.8277394537514673e+00   3.0838480827935086e+00   2.1999385281538853e+01   9.9948031046417263e-01
 -4.1999999999999993e+00   5.4662282009750207e-01   1.8294150248275918e+00   3.0872604042173890e+00   2.2022621397703045e+01   9.9942742980266819e-01
 -4.1500000000000004e+00   5.4609612452740075e-01   1.8311794482435011e+00   3.0908469243395533e+00   2.2047043715483724e+01   9.9936908842474015e-01
 -4.0999999999999996e+00   5.4554247099522402e-01   1.8330378534520269e+00   3.0946170140205380e+00   2.2072716045517968e+01   9.9930471009003119e-01
 -4.0499999999999989e+00   5.4496040239712829e-01   1.8349957090483637e+00   3.0985805953719985e+00   2.2099705952173373e+01   9.9923365584324531e-01
 -4.0000000000000000e+00   5.4434837524930868e-01   1.8370588495685420e+00   3.1027481787077451e+00   2.2128085005165175e+01   9.9915521689426967e-01
 -3.9499999999999993e+00   5.4370475383764327e-01   1.8392335048418795e+00   3.1071309023815932e+00   2.2157929050831097e+01   9.9906860664481545e-01
 -3.9000000000000004e+00   5.4302780390530581e-01   1.8415263321846074e+00   3.1117405757714023e+00   2.2189318504830066e+01   9.9897295175240841e-01
 -3.8499999999999996e+00   5.4231568583642054e-01   1.8439444517591022e+00   3.1165897256948059e+00   2.2222338668208952e+01   9.9886728210755882e-01
 -3.7999999999999989e+00   5.4156644728978398e-01   1.8464954854651754e+00   3.1216916465696984e+00   2.2257080068969113e+01   9.9875051958275196e-01
 -3.7500000000000000e+00   5.4077801523199664e-01   1.8491875997788014e+00   3.1270604546644196e+00   2.2293638831481687e+01   9.9862146539214336e-01
 -3.6999999999999993e+00   5.3994818731432259e-01   1.8520295530094357e+00   3.1327111468168130e+00   2.2332117076333486e+01   9.9847878587813299e-01
 -3.6500000000000004e+00   5.3907462253203509e-01   1.8550307475113501e+00   3.1386596640391731e+00   2.2372623353443299e+01   9.9832099651485995e-01
 -3.5999999999999996e+00   5.3815483109893048e-01   1.8582012874584177e+00   3.1449229604674867e+00   2.2415273111570006e+01   9.9814644388855822e-01
 -3.5499999999999989e+00   5.3718616346288883e-01   1.8615520428777470e+00   3.1515190781596947e+00   2.2460189207649410e+01   9.9795328537998929e-01
 -3.5000000000000000e+00   5.3616579838117917e-01   1.8650947207361122e+00   3.1584672282965980e+00   2.2507502459729793e+01   9.9773946623412568e-01
 -3.4499999999999993e+00   5.3509072996605367e-01   1.8688419439885275e+00   3.1657878793945544e+00   2.2557352247653991e+01   9.9750269365596422e-01
 -3.4000000000000004e+00   5.3395775360259601e-01   1.8728073396313318e+00   3.1735028531975353e+00   2.2609887166033957e+01   9.9724040751788912e-01
 -3.3499999999999996e+00   5.3276345063136499e-01   1.8770056369574983e+00   3.1816354289802722e+00   2.2665265734500377e+01   9.9694974720212870e-01
 -3.2999999999999989e+00   5.3150417167818587e-01   1.8814527773932095e+00   3.1902104570636229e+00   2.2723657170682660e+01   9.9662751403025884e-01
 -3.2500000000000000e+00   5.3017601850274731e-01   1.8861660375059346e+00   3.1992544824160873e+00   2.2785242231870360e+01   9.9627012864882858e-01
 -3.1999999999999993e+00   5.2877482422615540e-01   1.8911641670222616e+00   3.2087958792937790e+00   2.2850214131840609e+01   9.9587358264419901e-01
 -3.1500000000000004e+00   5.2729613178580115e-01   1.8964675439838448e+00   3.2188649979514561e+00   2.2918779539883200e+01   9.9543338354854349e-01
 -3.0999999999999996e+00   5.2573517045356499e-01   1.9020983495117414e+00   3.2294943245412138e+00   2.2991159669626633e+01   9.9494449227026094e-01
 -3.0499999999999989e+00   5.2408683024128333e-01   1.9080807650511118e+00   3.2407186553978109e+00   2.3067591465829651e+01   9.9440125183314609e-01
 -3.0000000000000000e+00   5.2234563400561995e-01   1.9144411954427112e+00   3.2525752869898374e+00   2.3148328897848902e+01   9.9379730613649220e-01
 -2.9499999999999993e+00   5.2050570705382848e-01   1.9212085217282435e+00   3.2651042228885072e+00   2.3233644368987658e+01   9.9312550724954540e-01
 -2.9000000000000004e+00   5.1856074404320107e-01   1.9284143882605398e+00   3.2783483991650213e+00   2.3323830251333455e+01   9.9237780952466526e-01
 -2.8499999999999996e+00   5.1650397296156392e-01   1.9360935294769086e+00   3.2923539296644684e+00   2.3419200555944510e+01   9.9154514855036147e-01
 -2.7999999999999989e+00   5.1432811597582151e-01   1.9442841426289241e+00   3.3071703726066715e+00   2.3520092748261394e+01   9.9061730266403003e-01
 -2.7500000000000000e+00   5.1202534694229096e-01   1.9530283138750695e+00   3.3228510199184877e+00   2.3626869718308008e+01   9.8958273440080935e-01
 -2.6999999999999993e+00   5.0958724539020750e-01   1.9623725064670086e+00   3.3394532105819588e+00   2.3739921914427860e+01   9.8842840886633410e-01
 -2.6500000000000004e+00   5.0700474682214125e-01   1.9723681213399031e+00   3.3570386690623653e+00   2.3859669647801301e+01   9.8713958558498593e-01
 -2.5999999999999996e+00   5.0426808922841970e-01   1.9830721423005357e+00   3.3756738695169060e+00   2.3986565572515310e+01   9.8569957989162527e-01
 -2.5499999999999989e+00   5.0136675579468970e-01   1.9945478802537542e+00   3.3954304259261034e+00   2.4121097342153387e+01   9.8408948940718277e-01
 -2.5000000000000000e+00   4.9828941390336501e-01   2.0068658335854863e+00   3.4163855074618996e+00   2.4263790438234057e+01   9.8228788057628247e-01
 -2.4499999999999993e+00   4.9502385070469590e-01   2.0201046850095010e+00   3.4386222772148209e+00   2.4415211157712388e+01   9.8027042966641798e-01
 -2.4000000000000004e+00   4.9155690578082412e-01   2.0343524589722293e+00   3.4622303507163892e+00   2.4575969735276701e+01   9.7800951206497921e-01
 -2.3499999999999996e+00   4.8787440177107283e-01   2.0497078681927521e+00   3.4873062683444487e+00   2.4746723560180666e+01   9.7547373321480246e-01
 -2.2999999999999989e+00   4.8396107430203422e-01   2.0662818831911101e+00   3.5139539724624576e+00   2.4928180425311201e+01   9.7262739418304933e-01
 -2.2500000000000000e+00   4.7980050321483314e-01   2.0841995648183906e+00   3.5422852757256917e+00   2.5121101716107681e+01   9.6942988478801417e-01
 -2.1999999999999993e+00   4.7537504796040514e-01   2.1036022069111455e+00   3.5724203010054589e+00   2.5326305406214722e+01   9.6583499760276792e-01
 -2.1500000000000004e+00   4.7066579121428098e-01   2.1246498442558956e+00   3.6044878653427936e+00   2.5544668672005113e+01   9.6179015729184558e-01
 -2.0999999999999996e+00   4.6565249633726075e-01   2.1475241899610142e+00   3.6386257696189177e+00   2.5777129865083481e+01   9.5723556202198479e-01
 -2.0499999999999989e+00   4.6031358639257647e-01   2.1724320757874702e+00   3.6749809414373380e+00   2.6024689485238309e+01   9.5210323769889693e-01
 -2.0000000000000000e+00   4.5462615516406268e-01   2.1996094783396836e+00   3.7137093600958955e+00   2.6288409669540993e+01   9.4631601233476170e-01
 -1.9499999999999993e+00   4.4856602416747693e-01   2.2293262220560854e+00   3.7549756683696232e+00   2.6569411548791081e+01   9.3978642807393697e-01
 -1.9000000000000004e+00   4.4210786418924036e-01   2.2618914545522739e+00   3.7989523448957749e+00   2.6868869611893118e+01   9.3241562382521914e-01
 -1.8499999999999996e+00   4.3522540560028672e-01   2.2976599875201340e+00   3.8458182720470093e+00   2.7188001953825410e+01   9.2409224407740465e-01
 -1.7999999999999989e+00   4.2789176870814200e-01   2.3370395813388121e+00   3.8957564864072807e+00   2.7528054957562698e+01   9.1469146184896288e-01
 -1.7500000000000000e+00   4.2007995373139750e-01   2.3804992147742619e+00   3.9489508423030983e+00   2.7890280574476908e+01   9.0407424885356003e-01
 -1.6999999999999993e+00   4.1176353934249932e-01   2.4285783087953634e+00   4.0055812550941230e+00   2.8275903933645129e+01   8.9208708705785789e-01
 -1.6500000000000004e+00   4.0291764835883248e-01   2.4818967450872611e+00   4.0658171253242283e+00   2.8686078563773130e+01   8.7856239555659776e-01
 -1.5999999999999996e+00   3.9352024743124475e-01   2.5411653060487529e+00   4.1298084885254749e+00   2.9121826128010010e+01   8.6332004578407340e-01
 -1.5499999999999989e+00   3.8355385145259580e-01   2.6071958245570950e+00   4.1976744090913298e+00   2.9583957392322400e+01   8.4617045248512468e-01
 -1.5000000000000000e+00   3.7300769778947707e-01   2.6809098201624595e+00   4.2694881749009381e+00   3.0072971408663989e+01   8.2691984428305276e-01
 -1.4499999999999993e+00   3.6188043247527735e-01   2.7633436634303714e+00   4.3452590057555884e+00   3.0588930959037747e+01   8.0537840681980344e-01
 -1.4000000000000004e+00   3.5018329926191050e-01   2.8556473198685470e+00   4.4249103376118804e+00   3.1131314682532590e+01   7.8137199961519554e-01
 -1.3499999999999996e+00   3.3794372978006898e-01   2.9590725078722184e+00   4.5082553754765629e+00   3.1698850603381032e+01   7.5475798955524620e-01
 -1.2999999999999989e+00   3.2520908719666147e-01   3.0749448258660643e+00   4.5949716010661916e+00   3.2289342541514351e+01   7.2544530300850663e-01
 -1.2500000000000000e+00   3.1205011427109403e-01   3.2046134715760699e+00   4.6845772933553569e+00   3.2899510229831442e+01   6.9341795077940893e-01
 -1.1999999999999993e+00   2.9856340043411217e-01   3.3493723562432525e+00   4.7764147290659045e+00   3.3524874918356360e+01   6.5875995684358091e-01
 -1.1500000000000004e+00   2.8487197283716736e-01   3.5103488421151186e+00   4.8696461579312640e+00   3.4159731967902907e+01   6.2167792615073203e-01
 -1.0999999999999996e+00   2.7112304558241918e-01   3.6883622262793159e+00   4.9632691292576503e+00   3.4797255215904258e+01   5.8251583762169723e-01
 -1.0499999999999989e+00   2.5748217538114293e-01   3.8837639868458109e+00   5.0561562888198619e+00   3.5429767972365248e+01   5.4175585241527158e-01
 -1.0000000000000000e+00   2.4412368218420480e-01   4.0962842730081581e+00   5.1471206093350315e+00   3.6049187205118464e+01   4.9999999999939415e-01
 -9.4999999999999929e-01   2.3121816327638639e-01   4.3249197460523510e+00   5.2350004129205470e+00   3.6647602498094415e+01   4.5793120384199515e-01
 -9.0000000000000036e-01   2.1891898161851983e-01   4.5678999262958531e+00   5.3187513783854925e+00   3.7217902572638323e+01   4.1625775029952206e-01
 -8.4999999999999964e-01   2.0735027204483270e-01   4.8227571159577876e+00   5.3975282127255353e+00   3.7754331427482569e+01   3.7565098660514434e-01
 -7.9999999999999893e-01   1.9659886127907264e-01   5.0864994511870396e+00   5.4707396715681389e+00   3.8252862999072406e+01   3.3668898231308736e-01
 -7.5000000000000000e-01   1.8671148425645415e-01   5.3558569467878492e+00   5.5380675145576417e+00   3.8711330237779826e+01   2.9981730435090542e-01
 -6.9999999999999929e-01   1.7769721843167705e-01   5.6275501036302984e+00   5.5994499289965631e+00   3.9129312231609546e+01   2.6533254356539909e-01
 -6.5000000000000036e-01   1.6953379718272876e-01   5.8985288869697712e+00   5.6550385388825850e+00   3.9507841460327043e+01   2.3338750530743085e-01
 -5.9999999999999964e-01   1.6217586913518328e-01   6.1661454649978795e+00   5.7051421632492829e+00   3.9849020819306588e+01   2.0401200490956267e-01
 -5.4999999999999893e-01   1.5556339452103130e-01   6.4282474876491955e+00   5.7501696413736880e+00   4.0155634289232744e+01   1.7714143676248137e-01
 -5.0000000000000000e-01   1.4962893785710257e-01   6.6831992148137278e+00   5.7905801734675872e+00   4.0430808782297611e+01   1.5264628878346378e-01
 -4.4999999999999929e-01   1.4430327771872747e-01   6.9298495211534714e+00   5.8268451210660972e+00   4.0677754022915977e+01   1.3035814847975011e-01
 -4.0000000000000036e-01   1.3951927369983805e-01   7.1674685043974735e+00   5.8594216750609638e+00   4.0899583240866100e+01   1.1009017665142522e-01
 -3.4999999999999964e-01   1.3521423166356566e-01   7.3956712078071609e+00   5.8887367495866236e+00   4.1099203497115461e+01   9.1651801858651294e-02
 -2.9999999999999893e-01   1.3133112208031447e-01   7.6143414002696037e+00   5.9151786857780007e+00   4.1279259190769999e+01   7.4858376411578678e-02
 -2.5000000000000000e-01   1.2781900153621270e-01   7.8235629130359596e+00   5.9390943815194044e+00   4.1442112514171995e+01   5.9536903616055944e-02
 -1.9999999999999929e-01   1.2463292720108014e-01   8.0235618504459989e+00   5.9607898738727325e+00   4.1589847418930184e+01   4.5528941906140222e-02
 -1.5000000000000036e-01   1.2173357952217077e-01   8.2146602763609256e+00   5.9805329083348582e+00   4.1724287111212732e+01   3.2691615219551648e-02
 -9.9999999999999645e-02   1.1908674078503226e-01   8.3972404770497153e+00   5.9985564895642307e+00   4.1847018230329937e+01   2.0897436492951602e-02
 -4.9999999999998934e-02   1.1666272407215984e-01   8.5717182412221593e+00   6.0150627698724319e+00   4.1959417327318853e+01   1.0033445814949511e-02
  0.0000000000000000e+00   1.1443580900050836e-01   8.7385234458870968e+00   6.0302268915552721e+00   4.2062677029199385e+01   0.0000000000000000e+00
