# Columns: x, rho, u, p, lamdatime_step 2000
# time   1.0000000000000000e+01
 -1.0074999999999999e+01  -5.2228876455246832e-11   7.3115549915893873e-14  -5.6565647353241151e-10   1.6898821925057271e-15   2.3438827083894526e-14
 -1.0049999999999999e+01  -5.2228876455246832e-11   7.3115549915893873e-14  -5.6565647353241151e-10   1.6898821925057271e-15   2.3438827083894526e-14
 -1.0024999999999999e+01  -5.2228876455246832e-11   7.3115549915893873e-14  -5.6565647353241151e-10   1.6898821925057271e-15   2.3438827083894526e-14
 -1.0000000000000000e+01  -5.2228876455246832e-11   7.3115549915893873e-14  -5.6565647353241151e-10   1.6898821925057271e-15   2.3438827083894526e-14
 -9.9749999999999996e+00  -5.2023223019170600e-11  -2.3960564657298071e-14  -5.6506612851920280e-10   1.7501044165173645e-15   2.4197379515641889e-14
 -9.9499999999999993e+00  -5.1884754353252215e-11  -7.2540036130117651e-14  -5.6474572457366958e-10   1.7951506677778371e-15   2.4762101895926199e-14
 -9.9249999999999989e+00  -5.1722017859227132e-11  -1.4939917147146044e-13  -5.6425068194323981e-10   1.8446553943782288e-15   2.5381423798074511e-14
 -9.8999999999999986e+00  -5.1566116191480786e-11  -2.1045307366135190e-13  -5.6385106934514105e-10   1.8958032217011971e-15   2.6019375296019056e-14
 -9.8750000000000000e+00  -5.1406142953696507e-11  -2.8184604323868636e-13  -5.6339445539580980e-10   1.9477871523630097e-15   2.6665728139800504e-14
 -9.8499999999999996e+00  -5.1247959575846225e-11  -3.4829230317738752e-13  -5.6296858820448009e-10   2.0012385649551840e-15   2.7328363115050721e-14
 -9.8249999999999993e+00  -5.1087552937080718e-11  -4.1825126072102236e-13  -5.6252010453515395e-10   2.0559914802317297e-15   2.8005061015820348e-14
 -9.7999999999999989e+00  -5.0927353260695168e-11  -4.8655938041200873e-13  -5.6207839047133873e-10   2.1121003574185774e-15   2.8696404140478644e-14
 -9.7749999999999986e+00  -5.0765891466644109e-11  -5.5622050258711885e-13  -5.6162639651887485e-10   2.1695995223405472e-15   2.9402709934657431e-14
 -9.7500000000000000e+00  -5.0604094685850158e-11  -6.2562888291973292e-13  -5.6117477114307167e-10   2.2285117896231269e-15   3.0124147800736342e-14
 -9.7249999999999996e+00  -5.0441479964022203e-11  -6.9581818100096534e-13  -5.6071789125213681e-10   2.2888674657065671e-15   3.0860978513090286e-14
 -9.6999999999999993e+00  -5.0278330410263372e-11  -7.6619894117594641e-13  -5.6025902958896972e-10   2.3506951026056366e-15   3.1613436687375152e-14
 -9.6749999999999989e+00  -5.0114460224818260e-11  -8.3706916688113112e-13  -5.5979597912916850e-10   2.4140237415200603e-15   3.2381759445409846e-14
 -9.6499999999999986e+00  -4.9949957187057467e-11  -9.0821625117448762e-13  -5.5932973777995865e-10   2.4788827836605249e-15   3.3166184619931749e-14
 -9.6250000000000000e+00  -4.9784765890156644e-11  -9.7975416388963730e-13  -5.5885962513273091e-10   2.5453018072401021e-15   3.3966948391532171e-14
 -9.5999999999999996e+00  -4.9618924914336800e-11  -1.0516286997299779e-12  -5.5838606149218243e-10   2.6133106361446022e-15   3.4784286112783755e-14
 -9.5749999999999993e+00  -4.9452418953418780e-11  -1.1238842974325458e-12  -5.5790883620155291e-10   2.6829392979190274e-15   3.5618431720074174e-14
 -9.5499999999999989e+00  -4.9285259030052495e-11  -1.1964981836598604e-12  -5.5742804669427257e-10   2.7542180051231498e-15   3.6469617451622402e-14
 -9.5249999999999986e+00  -4.9117436742577976e-11  -1.2694781532039186e-12  -5.5694356299953090e-10   2.8271771334797219e-15   3.7338073525780074e-14
 -9.5000000000000000e+00  -4.8948954223613687e-11  -1.3428126044274942e-12  -5.5645537841558285e-10   2.9018471970144097e-15   3.8224027785742141e-14
 -9.4749999999999996e+00  -4.8779809006228345e-11  -1.4165039693629283e-12  -5.5596343239286744e-10   2.9782588218414931e-15   3.9127705331101592e-14
 -9.4499999999999993e+00  -4.8610002827847348e-11  -1.4905493735761598e-12  -5.5546771360847397e-10   3.0564427180481565e-15   4.0049328129998716e-14
 -9.4249999999999989e+00  -4.8439535417683325e-11  -1.5649496751026913e-12  -5.5496818726749187e-10   3.1364296492488301e-15   4.0989114606646064e-14
 -9.3999999999999986e+00  -4.8268407232831519e-11  -1.6397025089845078e-12  -5.5446482715220521e-10   3.2182503999980481e-15   4.1947279207240025e-14
 -9.3750000000000000e+00  -4.8096617750463391e-11  -1.7148060888240577e-12  -5.5395759565314880e-10   3.3019357407692630e-15   4.2924031940972026e-14
 -9.3499999999999996e+00  -4.7924166796773378e-11  -1.7902576748043655e-12  -5.5344645934636367e-10   3.3875163904940846e-15   4.3919577896671651e-14
 -9.3249999999999993e+00  -4.7751054095534176e-11  -1.8660550989936025e-12  -5.5293138373017151e-10   3.4750229764863986e-15   4.4934116733380919e-14
 -9.2999999999999989e+00  -4.7577279606781303e-11  -1.9421960369423277e-12  -5.5241233721040953e-10   3.5644859916220167e-15   4.5967842143844219e-14
 -9.2749999999999986e+00  -4.7402843229325264e-11  -2.0186782351757128e-12  -5.5188928763867603e-10   3.6559357486118612e-15   4.7020941289474805e-14
 -9.2500000000000000e+00  -4.7227744856140876e-11  -2.0954991520624553e-12  -5.5136220298078807e-10   3.7494023312115082e-15   4.8093594205494533e-14
 -9.2249999999999996e+00  -4.7051984301022182e-11  -2.1726560892346094e-12  -5.5083105047797202e-10   3.8449155422149039e-15   4.9185973175037092e-14
 -9.1999999999999993e+00  -4.6875561366635380e-11  -2.2501461702832557e-12  -5.5029579746278266e-10   3.9425048480486165e-15   5.0298242070658333e-14
 -9.1749999999999989e+00  -4.6698475844355929e-11  -2.3279664353303495e-12  -5.4975641137611111e-10   4.0421993198196627e-15   5.1430555662183756e-14
 -9.1499999999999986e+00  -4.6520727531399590e-11  -2.4061138242558177e-12  -5.4921285998618870e-10   4.1440275705981231e-15   5.2583058889003819e-14
 -9.1250000000000000e+00  -4.6342316214090419e-11  -2.4845851773422452e-12  -5.4866511121075973e-10   4.2480176887694633e-15   5.3755886095604690e-14
 -9.0999999999999996e+00  -4.6163241663646297e-11  -2.5633772116529524e-12  -5.4811313308530124e-10   4.3541971672219981e-15   5.4949160228359892e-14
 -9.0749999999999993e+00  -4.5983503631192482e-11  -2.6424865242539457e-12  -5.4755689372171824e-10   4.4625928281878249e-15   5.6162991992266804e-14
 -9.0499999999999989e+00  -4.5803101851932615e-11  -2.7219095970098538e-12  -5.4699636137372344e-10   4.5732307434838971e-15   5.7397478965533840e-14
 -9.0249999999999986e+00  -4.5622036047701670e-11  -2.8016428076948761e-12  -5.4643150448275231e-10   4.6861361499481710e-15   5.8652704670531555e-14
 -9.0000000000000000e+00  -4.5440305929214235e-11  -2.8816824348987255e-12  -5.4586229171977454e-10   4.8013333597944414e-15   5.9928737598852129e-14
 -8.9749999999999996e+00  -4.5257911195941991e-11  -2.9620246614093044e-12  -5.4528869199879555e-10   4.9188456656687859e-15   6.1225630188967237e-14
 -8.9499999999999993e+00  -4.5074851536265529e-11  -3.0426655762110177e-12  -5.4471067449299855e-10   5.0386952401011356e-15   6.2543417753994706e-14
 -8.9249999999999989e+00  -4.4891126628131195e-11  -3.1236011785057869e-12  -5.4412820865621320e-10   5.1609030290967970e-15   6.3882117357749549e-14
 -8.8999999999999986e+00  -4.4706736140736066e-11  -3.2048273830758179e-12  -5.4354126425581840e-10   5.2854886395661226e-15   6.5241726636773786e-14
 -8.8750000000000000e+00  -4.4521679736586375e-11  -3.2863400266847184e-12  -5.4294981140940291e-10   5.4124702202877506e-15   6.6622222566092217e-14
 -8.8499999999999996e+00  -4.4335957073730451e-11  -3.3681348745453363e-12  -5.4235382062284255e-10   5.5418643360796316e-15   6.8023560166255591e-14
 -8.8249999999999993e+00  -4.4149567808025823e-11  -3.4502076269092697e-12  -5.4175326282813740e-10   5.6736858348506663e-15   6.9445671149302604e-14
 -8.7999999999999989e+00  -4.3962511595625906e-11  -3.5325539259485784e-12  -5.4114810942316921e-10   5.8079477071735402e-15   7.0888462500987071e-14
 -8.7749999999999986e+00  -4.3774788095800523e-11  -3.6151693632667272e-12  -5.4053833231470352e-10   5.9446609380186548e-15   7.2351814996687211e-14
 -8.7500000000000000e+00  -4.3586396974160173e-11  -3.6980494881097045e-12  -5.3992390396544444e-10   6.0838343502649501e-15   7.3835581648226770e-14
 -8.7249999999999996e+00  -4.3397337906256346e-11  -3.7811898162590377e-12  -5.3930479744481072e-10   6.2254744395859850e-15   7.5339586078745834e-14
 -8.6999999999999993e+00  -4.3207610581534798e-11  -3.8645858395375452e-12  -5.3868098648314785e-10   6.3695852002890200e-15   7.6863620822604025e-14
 -8.6749999999999989e+00  -4.3017214707637935e-11  -3.9482330359313769e-12  -5.3805244552932689e-10   6.5161679416734405e-15   7.8407445547292779e-14
 -8.6499999999999986e+00  -4.2826150015085031e-11  -4.0321268803764982e-12  -5.3741914981205539e-10   6.6652210944527953e-15   7.9970785194169595e-14
 -8.6250000000000000e+00  -4.2634416262363023e-11  -4.1162628562775331e-12  -5.3678107540527777e-10   6.8167400067626217e-15   8.1553328034708779e-14
 -8.5999999999999996e+00  -4.2442013241454192e-11  -4.2006364678076837e-12  -5.3613819929796480e-10   6.9707167292488636e-15   8.3154723638765356e-14
 -8.5749999999999993e+00  -4.2248940783818976e-11  -4.2852432530256808e-12  -5.3549049946850092e-10   7.1271397887286127e-15   8.4774580751430790e-14
 -8.5499999999999989e+00  -4.2055198766848749e-11  -4.3700787978373932e-12  -5.3483795496383388e-10   7.2859939498588365e-15   8.6412465074576675e-14
 -8.5249999999999986e+00  -4.1860787120807738e-11  -4.4551387508402758e-12  -5.3418054598360994e-10   7.4472599642686102e-15   8.8067896949520504e-14
 -8.5000000000000000e+00  -4.1665705836287191e-11  -4.5404188390947423e-12  -5.3351825396955952e-10   7.6109143065466822e-15   8.9740348936692560e-14
 -8.4749999999999996e+00  -4.1469954972195778e-11  -4.6259148848697486e-12  -5.3285106170040793e-10   7.7769288964691376e-15   9.1429243288245280e-14
 -8.4499999999999993e+00  -4.1273534664310069e-11  -4.7116228234091682e-12  -5.3217895339259256e-10   7.9452708068118104e-15   9.3133949309260049e-14
 -8.4249999999999989e+00  -4.1076445134411322e-11  -4.7975387217703580e-12  -5.3150191480708321e-10   8.1159019560921318e-15   9.4853780603360903e-14
 -8.3999999999999986e+00  -4.0878686700034179e-11  -4.8836587987850663e-12  -5.3081993336261113e-10   8.2887787855208249e-15   9.6587992198010515e-14
 -8.3750000000000000e+00  -4.0680259784852659e-11  -4.9699794461927876e-12  -5.3013299825559710e-10   8.4638519194231550e-15   9.8335777544715495e-14
 -8.3499999999999996e+00  -4.0481164929732156e-11  -5.0564972510034070e-12  -5.2944110058711711e-10   8.6410658083903756e-15   1.0009626538954309e-13
 -8.3249999999999993e+00  -4.0281402804475323e-11  -5.1432090191438825e-12  -5.2874423349722947e-10   8.8203583543257668e-15   1.0186851650851933e-13
 -8.2999999999999989e+00  -4.0080974220291114e-11  -5.2301118004472495e-12  -5.2804239230701010e-10   9.0016605165719627e-15   1.0365152030289897e-13
 -8.2749999999999986e+00  -3.9879880143018911e-11  -5.3172029150465576e-12  -5.2733557466866836e-10   9.1848958982494788e-15   1.0544419124889868e-13
 -8.2500000000000000e+00  -3.9678121707139025e-11  -5.4044799812368925e-12  -5.2662378072411285e-10   9.3699803118882609e-15   1.0724536519617857e-13
 -8.2249999999999996e+00  -3.9475700230602304e-11  -5.4919409448693439e-12  -5.2590701327235247e-10   9.5568213234047508e-15   1.0905379550927997e-13
 -8.1999999999999993e+00  -3.9272617230513448e-11  -5.5795841103469728e-12  -5.2518527794614279e-10   9.7453177734553638e-15   1.1086814904621028e-13
 -8.1749999999999989e+00  -3.9068874439702967e-11  -5.6674081732915818e-12  -5.2445858339828817e-10   9.9353592751122390e-15   1.1268700196772126e-13
 -8.1499999999999986e+00  -3.8864473824223344e-11  -5.7554122549520727e-12  -5.2372694149802298e-10   1.0126825686799825e-14   1.1450883537100060e-13
 -8.1250000000000000e+00  -3.8659417601807026e-11  -5.8435959384301270e-12  -5.2299036753791631e-10   1.0319586559373270e-14   1.1633203074114681e-13
 -8.0999999999999996e+00  -3.8453708261325570e-11  -5.9319593068013319e-12  -5.2224888045176697e-10   1.0513500556172603e-14   1.1815486521358474e-13
 -8.0749999999999993e+00  -3.8247348583289399e-11  -6.0205029832102072e-12  -5.2150250304395742e-10   1.0708414844828227e-14   1.1997550664025912e-13
 -8.0499999999999989e+00  -3.8040341661429090e-11  -6.1092281730216828e-12  -5.2075126223075300e-10   1.0904164459563433e-14   1.2179200845241491e-13
 -8.0249999999999986e+00  -3.7832690925400196e-11  -6.1981367081126213e-12  -5.1999518929404699e-10   1.1100571632659912e-14   1.2360230431227523e-13
 -8.0000000000000000e+00  -3.7624400164655531e-11  -6.2872310933913531e-12  -5.1923432014807452e-10   1.1297445093725221e-14   1.2540420254596156e-13
 -7.9749999999999996e+00  -3.7415473553529041e-11  -6.3765145556332907e-12  -5.1846869561961819e-10   1.1494579335312615e-14   1.2719538034942886e-13
 -7.9499999999999993e+00  -3.7205915677576812e-11  -6.4659910947243461e-12  -5.1769836174225590e-10   1.1691753843411180e-14   1.2897337775920339e-13
 -7.9249999999999989e+00  -3.6995731561222690e-11  -6.5556655374072446e-12  -5.1692337006521102e-10   1.1888732291247159e-14   1.3073559137929810e-13
 -7.8999999999999995e+00  -3.6784926696757360e-11  -6.6455435936279616e-12  -5.1614377797738998e-10   1.2085261694781450e-14   1.3247926785548027e-13
 -7.8750000000000000e+00  -3.6573507074738726e-11  -6.7356319155790158e-12  -5.1535964904718333e-10   1.2281071528202578e-14   1.3420149708760095e-13
 -7.8499999999999996e+00  -3.6361479215844262e-11  -6.8259381595404565e-12  -5.1457105337863269e-10   1.2475872797668544e-14   1.3589920517064850e-13
 -7.8249999999999993e+00  -3.6148850204227586e-11  -6.9164710506238829e-12  -5.1377806798459154e-10   1.2669357071471571e-14   1.3756914705480816e-13
 -7.7999999999999989e+00  -3.5935627722432214e-11  -7.0072404505250644e-12  -5.1298077717751229e-10   1.2861195464712698e-14   1.3920789891439393e-13
 -7.7749999999999995e+00  -3.5721820087914918e-11  -7.0982574283909201e-12  -5.1217927297849317e-10   1.3051037576501009e-14   1.4081185021526082e-13
 -7.7500000000000000e+00  -3.5507436291233765e-11  -7.1895343349112596e-12  -5.1137365554524180e-10   1.3238510377626051e-14   1.4237719547013265e-13
 -7.7249999999999996e+00  -3.5292486035956186e-11  -7.2810848797457467e-12  -5.1056403361962429e-10   1.3423217046538837e-14   1.4389992567066347e-13
 -7.6999999999999993e+00  -3.5076979780343602e-11  -7.3729242123996273e-12  -5.0975052499547593e-10   1.3604735751418225e-14   1.4537581938499339e-13
 -7.6749999999999989e+00  -3.4860928780869777e-11  -7.4650690066630946e-12  -5.0893325700736535e-10   1.3782618375988361e-14   1.4680043350902345e-13
 -7.6499999999999995e+00  -3.4644345137630618e-11  -7.5575375487301351e-12  -5.0811236704100871e-10   1.3956389186668471e-14   1.4816909365936712e-13
 -7.6250000000000000e+00  -3.4427241841703734e-11  -7.6503498291130036e-12  -5.0728800306603169e-10   1.4125543438532209e-14   1.4947688419551759e-13
 -7.5999999999999996e+00  -3.4209632824516288e-11  -7.7435276384704348e-12  -5.0646032419179277e-10   1.4289545917460222e-14   1.5071863785847176e-13
 -7.5749999999999993e+00  -3.3991533009280123e-11  -7.8370946674677801e-12  -5.0562950124697838e-10   1.4447829415752575e-14   1.5188892501256774e-13
 -7.5499999999999989e+00  -3.3772958364553584e-11  -7.9310766107876564e-12  -5.0479571738369257e-10   1.4599793138364832e-14   1.5298204247696277e-13
 -7.5249999999999995e+00  -3.3553925959990277e-11  -8.0255012754121270e-12  -5.0395916870676537e-10   1.4744801036830457e-14   1.5399200193289607e-13
 -7.5000000000000000e+00  -3.3334454024333116e-11  -8.1203986932933045e-12  -5.0312006492899771e-10   1.4882180067777803e-14   1.5491251789213536e-13
 -7.4749999999999996e+00  -3.3114562005712625e-11  -8.2158012385300807e-12  -5.0227863005305324e-10   1.5011218372864963e-14   1.5573699521193892e-13
 -7.4499999999999993e+00  -3.2894270634308607e-11  -8.3117437491701262e-12  -5.0143510308072249e-10   1.5131163376820852e-14   1.5645851614136522e-13
 -7.4249999999999989e+00  -3.2673601987432943e-11  -8.4082636537518789e-12  -5.0058973875026472e-10   1.5241219800123111e-14   1.5706982688308581e-13
 -7.3999999999999995e+00  -3.2452579557089997e-11  -8.5054011027003274e-12  -4.9974280830251824e-10   1.5340547582740433e-14   1.5756332365472762e-13
 -7.3750000000000000e+00  -3.2231228320070636e-11  -8.6031991046878666e-12  -4.9889460027647048e-10   1.5428259715204863e-14   1.5793103823312990e-13
 -7.3499999999999996e+00  -3.2009574810634203e-11  -8.7017036680692864e-12  -4.9804542133495703e-10   1.5503419973138626e-14   1.5816462296449647e-13
 -7.3249999999999993e+00  -3.1787647195831339e-11  -8.8009639474965657e-12  -4.9719559712114361e-10   1.5565040551209177e-14   1.5825533522296502e-13
 -7.2999999999999989e+00  -3.1565475353517903e-11  -8.9010323958138080e-12  -4.9634547314642117e-10   1.5612079592317104e-14   1.5819402129954324e-13
 -7.2749999999999995e+00  -3.1343090953108901e-11  -9.0019649213301330e-12  -4.9549541571032009e-10   1.5643438607678932e-14   1.5797109970305972e-13
 -7.2500000000000000e+00  -3.1120527539118065e-11  -9.1038210505611743e-12  -4.9464581285302327e-10   1.5657959783274354e-14   1.5757654385408170e-13
 -7.2249999999999996e+00  -3.0897820617525153e-11  -9.2066640965230818e-12  -4.9379707534101285e-10   1.5654423167957316e-14   1.5699986415229785e-13
 -7.1999999999999993e+00  -3.0675007745010155e-11  -9.3105613326571413e-12  -4.9294963768635152e-10   1.5631543738358161e-14   1.5623008939744457e-13
 -7.1749999999999989e+00  -3.0452128621089974e-11  -9.4155841724560522e-12  -4.9210395920006387e-10   1.5587968335504947e-14   1.5525574754324834e-13
 -7.1499999999999995e+00  -3.0229225183188110e-11  -9.5218083548521721e-12  -4.9126052508002732e-10   1.5522272467887935e-14   1.5406484576324421e-13
 -7.1250000000000000e+00  -3.0006341704663987e-11  -9.6293141354199092e-12  -4.9041984753373050e-10   1.5432956975506107e-14   1.5264484980696280e-13
 -7.0999999999999996e+00  -2.9783524895823328e-11  -9.7381864834357229e-12  -4.8958246693620834e-10   1.5318444549219320e-14   1.5098266262438920e-13
 -7.0749999999999993e+00  -2.9560824007924658e-11  -9.8485152848236570e-12  -4.8874895302338243e-10   1.5177076099488052e-14   1.4906460223582310e-13
 -7.0499999999999989e+00  -2.9338290940189919e-11  -9.9603955510029396e-12  -4.8791990612096414e-10   1.5007106968389530e-14   1.4687637882401458e-13
 -7.0249999999999995e+00  -2.9115980349821413e-11  -1.0073927633640726e-11  -4.8709595840900412e-10   1.4806702978539733e-14   1.4440307102464892e-13
 -7.0000000000000000e+00  -2.8893949765019723e-11  -1.0189217445298418e-11  -4.8627777522209253e-10   1.4573936312321855e-14   1.4162910139079599e-13
 -6.9749999999999996e+00  -2.8672259700989387e-11  -1.0306376685944012e-11  -4.8546605638512415e-10   1.4306781214565092e-14   1.3853821100631668e-13
 -6.9499999999999993e+00  -2.8450973778909046e-11  -1.0425523075283571e-11  -4.8466153758442405e-10   1.4003109511544754e-14   1.3511343322251189e-13
 -6.9249999999999989e+00  -2.8230158847834576e-11  -1.0546780590847343e-11  -4.8386499177394437e-10   1.3660685938930680e-14   1.3133706649192491e-13
 -6.8999999999999995e+00  -2.8009885109493875e-11  -1.0670279711746579e-11  -4.8307723061612188e-10   1.3277163271014921e-14   1.2719064627246747e-13
 -6.8750000000000000e+00  -2.7790226245919313e-11  -1.0796157667992302e-11  -4.8229910595685009e-10   1.2850077243244066e-14   1.2265491597427716e-13
 -6.8499999999999996e+00  -2.7571259549853182e-11  -1.0924558695245446e-11  -4.8153151133389170e-10   1.2376841259814958e-14   1.1770979692139314e-13
 -6.8249999999999993e+00  -2.7353066057849894e-11  -1.1055634294844471e-11  -4.8077538351793262e-10   1.1854740877762440e-14   1.1233435729954191e-13
 -6.7999999999999989e+00  -2.7135730685985070e-11  -1.1189543498929533e-11  -4.8003170408531690e-10   1.1280928058647500e-14   1.0650678006070760e-13
 -6.7749999999999995e+00  -2.6919342368066732e-11  -1.1326453140452530e-11  -4.7930150102133774e-10   1.0652415178616145e-14   1.0020432975448793e-13
 -6.7500000000000000e+00  -2.6703994196229162e-11  -1.1466538127832830e-11  -4.7858585035278811e-10   9.9660687872632065e-15   9.3403318255675291e-14
 -6.7249999999999996e+00  -2.6489783563775737e-11  -1.1609981723989952e-11  -4.7788587780831697e-10   9.2186031053851982e-15   8.6079069356922346e-14
 -6.6999999999999993e+00  -2.6276812310119899e-11  -1.1756975829449884e-11  -4.7720276050493902e-10   8.4065732513196624e-15   7.8205882194562873e-14
 -6.6749999999999989e+00  -2.6065186867654424e-11  -1.1907721269184720e-11  -4.7653772865882974e-10   7.5263681851767226e-15   6.9756993474941372e-14
 -6.6499999999999995e+00  -2.5855018410363221e-11  -1.2062428082812375e-11  -4.7589206731835409e-10   6.5742033599285430e-15   6.0704538468428483e-14
 -6.6250000000000000e+00  -2.5646423003968900e-11  -1.2221315817741739e-11  -4.7526711811704643e-10   5.5461130678250339e-15   5.1019510736926859e-14
 -6.5999999999999996e+00  -2.5439521757390760e-11  -1.2384613824811865e-11  -4.7466428104403432e-10   4.4379424702669514e-15   4.0671720560752433e-14
 -6.5749999999999993e+00  -2.5234440975266399e-11  -1.2552561555930001e-11  -4.7408501622916825e-10   3.2453392987659775e-15   2.9629752029610048e-14
 -6.5499999999999989e+00  -2.5031312311268272e-11  -1.2725408863170352e-11  -4.7353084573985976e-10   1.9637452141954740e-15   1.7860918761986021e-14
 -6.5249999999999995e+00  -2.4830272921924347e-11  -1.2903416298751471e-11  -4.7300335538638472e-10   5.8838681106774371e-16   5.3312182166640234e-15
 -6.5000000000000000e+00  -2.4631465620627790e-11  -1.3086855415260648e-11  -4.7250419653212735e-10  -8.8573374694200625e-16  -7.9947154408116329e-15
 -6.4749999999999996e+00  -2.4435039031496877e-11  -1.3276009065447826e-11  -4.7203508790497537e-10  -2.4638484744723801e-15  -2.2153659954215431e-14
 -6.4499999999999993e+00  -2.4241147742722226e-11  -1.3471171700863140e-11  -4.7159781740580021e-10  -4.1514337097378172e-15  -3.7183855113519280e-14
 -6.4249999999999989e+00  -2.4049952459011755e-11  -1.3672649668558399e-11  -4.7119424390965311e-10  -5.9542206729203503e-15  -5.3125054451595224e-14
 -6.3999999999999995e+00  -2.3861620152717772e-11  -1.3880761505021705e-11  -4.7082629905501158e-10  -7.8782064535527216e-15  -7.0018578540050255e-14
 -6.3750000000000000e+00  -2.3676324213202989e-11  -1.4095838226459472e-11  -4.7049598901609730e-10  -9.9296654433841552e-15  -8.7907369924506120e-14
 -6.3499999999999996e+00  -2.3494244593976085e-11  -1.4318223614487982e-11  -4.7020539625299182e-10  -1.2115161231761927e-14  -1.0683604973977755e-13
 -6.3249999999999993e+00  -2.3315567957098446e-11  -1.4548274496238892e-11  -4.6995668123394212e-10  -1.4441558981242134e-14  -1.2685097604646319e-13
 -6.2999999999999998e+00  -2.3140487814335128e-11  -1.4786361017826687e-11  -4.6975208412393099e-10  -1.6916038301738800e-14  -1.4800030393067336e-13
 -6.2749999999999995e+00  -2.2969204664494350e-11  -1.5032866910069233e-11  -4.6959392643325516e-10  -1.9546106642216055e-14  -1.7033404740941076e-13
 -6.2500000000000000e+00  -2.2801926126371347e-11  -1.5288189745295588e-11  -4.6948461261953529e-10  -2.2339613219597494e-14  -1.9390414318453017e-13
 -6.2249999999999996e+00  -2.2638867066683075e-11  -1.5552741184017607e-11  -4.6942663163625019e-10  -2.5304763505296413e-14  -2.1876451628884826e-13
 -6.1999999999999993e+00  -2.2480249722350641e-11  -1.5826947210183541e-11  -4.6942255842055347e-10  -2.8450134290505471e-14  -2.4497114766848620e-13
 -6.1749999999999998e+00  -2.2326303816458229e-11  -1.6111248353675708e-11  -4.6947505531281108e-10  -3.1784689352134185e-14  -2.7258214374588678e-13
 -6.1499999999999995e+00  -2.2177266667186660e-11  -1.6406099898654247e-11  -4.6958687339995690e-10  -3.5317795742125971e-14  -3.0165780800883453e-13
 -6.1250000000000000e+00  -2.2033383288992102e-11  -1.6711972076294930e-11  -4.6976085377445316e-10  -3.9059240723650833e-14  -3.3226071467083242e-13
 -6.0999999999999996e+00  -2.1894906485273015e-11  -1.7029350240414731e-11  -4.6999992870033127e-10  -4.3019249378561555e-14  -3.6445578444894268e-13
 -6.0749999999999993e+00  -2.1762096931740303e-11  -1.7358735024423996e-11  -4.7030712267748065e-10  -4.7208502911389255e-14  -3.9831036250566082e-13
 -6.0499999999999998e+00  -2.1635223249679800e-11  -1.7700642477993429e-11  -4.7068555339505993e-10  -5.1638157676043678e-14  -4.3389429860161663e-13
 -6.0249999999999995e+00  -2.1514562068270016e-11  -1.8055604181773152e-11  -4.7113843256461716e-10  -5.6319864952377198e-14  -4.7128002950659408e-13
 -6.0000000000000000e+00  -2.1400398075093901e-11  -1.8424167338453586e-11  -4.7166906662323665e-10  -6.1265791500732950e-14  -5.1054266371657446e-13
 -5.9749999999999996e+00  -2.1293024053959970e-11  -1.8806894838413736e-11  -4.7228085729677381e-10  -6.6488640923643794e-14  -5.5176006852500051e-13
 -5.9499999999999993e+00  -2.1192740909127475e-11  -1.9204365298162171e-11  -4.7297730201301756e-10  -7.2001675864901357e-14  -5.9501295949674196e-13
 -5.9249999999999998e+00  -2.1099857675010524e-11  -1.9617173069737823e-11  -4.7376199415439717e-10  -7.7818741077345991e-14  -6.4038499239374227e-13
 -5.8999999999999995e+00  -2.1014691510417769e-11  -2.0045928219203870e-11  -4.7463862313966595e-10  -8.3954287391866190e-14  -6.8796285760155714e-13
 -5.8750000000000000e+00  -2.0937567676369317e-11  -2.0491256472340121e-11  -4.7561097432383059e-10  -9.0423396621293749e-14  -7.3783637710631016e-13
 -5.8499999999999996e+00  -2.0868819496518579e-11  -2.0953799125613811e-11  -4.7668292870545466e-10  -9.7241807434156195e-14  -7.9009860407210275e-13
 -5.8249999999999993e+00  -2.0808788299196887e-11  -2.1434212920490326e-11  -4.7785846243036749e-10  -1.0442594223451128e-13  -8.4484592506896048e-13
 -5.7999999999999998e+00  -2.0757823340090577e-11  -2.1933169879133257e-11  -4.7914164608073603e-10  -1.1199293508547006e-13  -9.0217816500190707e-13
 -5.7749999999999995e+00  -2.0716281704555668e-11  -2.2451357099536319e-11  -4.8053664373842634e-10  -1.1996066071540378e-13  -9.6219869479189955e-13
 -5.7500000000000000e+00  -2.0684528188572991e-11  -2.2989476508128262e-11  -4.8204771181157645e-10  -1.2834776464732626e-13  -1.0250145418598375e-12
 -5.7249999999999996e+00  -2.0662935157349438e-11  -2.3548244567900426e-11  -4.8367919761335882e-10  -1.3717369449342845e-13  -1.0907365034648230e-12
 -5.6999999999999993e+00  -2.0651882380575510e-11  -2.4128391940119999e-11  -4.8543553768198610e-10  -1.4645873245839431e-13  -1.1594792629485118e-12
 -5.6749999999999998e+00  -2.0651756843358462e-11  -2.4730663097713873e-11  -4.8732125583114657e-10  -1.5622402909675192e-13  -1.2313615089373840e-12
 -5.6499999999999995e+00  -2.0662952531863871e-11  -2.5355815888438702e-11  -4.8934096092024280e-10  -1.6649163837127356e-13  -1.3065060575551918e-12
 -5.6250000000000000e+00  -2.0685870192716215e-11  -2.6004621045993115e-11  -4.9149934433403191e-10  -1.7728455406124403e-13  -1.3850399776980474e-12
 -5.5999999999999996e+00  -2.0720917065230174e-11  -2.6677861647275215e-11  -4.9380117716155617e-10  -1.8862674757132226e-13  -1.4670947194249730e-12
 -5.5749999999999993e+00  -2.0768506585569550e-11  -2.7376332514043222e-11  -4.9625130706455786e-10  -2.0054320719372309e-13  -1.5528062455171552e-12
 -5.5499999999999998e+00  -2.0829058061961641e-11  -2.8100839557304706e-11  -4.9885465482598265e-10  -2.1305997887848817e-13  -1.6423151662592482e-12
 -5.5249999999999995e+00  -2.0902996320129700e-11  -2.8852199062835653e-11  -5.0161621056960023e-10  -2.2620420856883145e-13  -1.7357668774967253e-12
 -5.5000000000000000e+00  -2.0990751318146725e-11  -2.9631236916317416e-11  -5.0454102964228454e-10  -2.4000418616077882e-13  -1.8333117020233833e-12
 -5.4749999999999996e+00  -2.1092757729957784e-11  -3.0438787766674081e-11  -5.0763422815104542e-10  -2.5448939114875155e-13  -1.9351050343538159e-12
 -5.4499999999999993e+00  -2.1209454496866904e-11  -3.1275694126297319e-11  -5.1090097814750471e-10  -2.6969054002122050e-13  -2.0413074889360276e-12
 -5.4249999999999998e+00  -2.1341284346338644e-11  -3.2142805406962362e-11  -5.1434650245318858e-10  -2.8563963547317771e-13  -2.1520850518598065e-12
 -5.3999999999999995e+00  -2.1488693277523354e-11  -3.3040976890362785e-11  -5.1797606911972563e-10  -3.0237001750495137e-13  -2.2676092361172802e-12
 -5.3750000000000000e+00  -2.1652130012978243e-11  -3.3971068632327449e-11  -5.2179498551882587e-10  -3.1991641647975582e-13  -2.3880572404725117e-12
 -5.3499999999999996e+00  -2.1832045416124169e-11  -3.4933944299927132e-11  -5.2580859205774908e-10  -3.3831500821542638e-13  -2.5136121119978834e-12
 -5.3249999999999993e+00  -2.2028891874050443e-11  -3.5930469940833017e-11  -5.3002225551686371e-10  -3.5760347118896283e-13  -2.6444629123356789e-12
 -5.2999999999999998e+00  -2.2243122645355811e-11  -3.6961512684450534e-11  -5.3444136200683191e-10  -3.7782104593588893e-13  -2.7808048877443394e-12
 -5.2749999999999995e+00  -2.2475191172795098e-11  -3.8027939374525393e-11  -5.3907130954395674e-10  -3.9900859672992586e-13  -2.9228396429896054e-12
 -5.2500000000000000e+00  -2.2725550360584558e-11  -3.9130615133097333e-11  -5.4391750024325784e-10  -4.2120867563224707e-13  -3.0707753191421667e-12
 -5.2249999999999996e+00  -2.2994651816306793e-11  -4.0270401855864599e-11  -5.4898533212992376e-10  -4.4446558900344494e-13  -3.2248267753443493e-12
 -5.1999999999999993e+00  -2.3282945057447131e-11  -4.1448156639216683e-11  -5.5428019057091426e-10  -4.6882546657549933e-13  -3.3852157746099084e-12
 -5.1749999999999998e+00  -2.3590876682687237e-11  -4.2664730139394934e-11  -5.5980743932964355e-10  -4.9433633318535837e-13  -3.5521711737223457e-12
 -5.1499999999999995e+00  -2.3918889508177545e-11  -4.3920964864445645e-11  -5.6557241124786526e-10  -5.2104818327633537e-13  -3.7259291172988568e-12
 -5.1250000000000000e+00  -2.4267421669108386e-11  -4.5217693399842887e-11  -5.7158039856009406e-10  -5.4901305827835031e-13  -3.9067332360887201e-12
 -5.0999999999999996e+00  -2.4636905686999583e-11  -4.6555736568873096e-11  -5.7783664284714736e-10  -5.7828512698314064e-13  -4.0948348495769042e-12
 -5.0749999999999993e+00  -2.5027767503229262e-11  -4.7935901529093171e-11  -5.8434632463664357e-10  -6.0892076903593583e-13  -4.2904931729657141e-12
 -5.0499999999999998e+00  -2.5440425479423189e-11  -4.9358979806392960e-11  -5.9111455265956004e-10  -6.4097866167079313e-13  -4.4939755286097270e-12
 -5.0249999999999995e+00  -2.5875289365428038e-11  -5.0825745268416193e-11  -5.9814635277323149e-10  -6.7451986982275497e-13  -4.7055575619815369e-12
 -5.0000000000000000e+00  -2.6332759235692657e-11  -5.2336952039314946e-11  -6.0544665656244543e-10  -7.0960793975633966e-13  -4.9255234622486693e-12
 -4.9749999999999996e+00  -2.6813224394980464e-11  -5.3893332358032544e-11  -6.1302028963154891e-10  -7.4630899635659364e-13  -5.1541661875449831e-12
 -4.9499999999999993e+00  -2.7317062254434390e-11  -5.5495594382530397e-11  -6.2087195960174086e-10  -7.8469184423595368e-13  -5.3917876950227152e-12
 -4.9249999999999998e+00  -2.7844637179111262e-11  -5.7144419942586545e-11  -6.2900624382895483e-10  -8.2482807281771532e-13  -5.6386991757750526e-12
 -4.8999999999999995e+00  -2.8396299308194949e-11  -5.8840462244006179e-11  -6.3742757685893911e-10  -8.6679216556475639e-13  -5.8952212947223699e-12
 -4.8750000000000000e+00  -2.8972383349185178e-11  -6.0584343527285563e-11  -6.4614023763730524e-10  -9.1066161353060181e-13  -6.1616844355594688e-12
 -4.8499999999999996e+00  -2.9573207347443268e-11  -6.2376652683968495e-11  -6.5514833649343477e-10  -9.5651703341870475e-13  -6.4384289508649016e-12
 -4.8249999999999993e+00  -3.0199071432555674e-11  -6.4217942834123618e-11  -6.6445580191822244e-10  -1.0044422903452483e-12  -6.7258054174780963e-12
 -4.7999999999999998e+00  -3.0850256543049217e-11  -6.6108728868548866e-11  -6.7406636715664884e-10  -1.0545246255106771e-12  -7.0241748972545528e-12
 -4.7749999999999995e+00  -3.1527023131058716e-11  -6.8049484959477411e-11  -6.8398355663713071e-10  -1.1068547889956758e-12  -7.3339092033142334e-12
 -4.7500000000000000e+00  -3.2229609848607429e-11  -7.0040642043715830e-11  -6.9421067226048083e-10  -1.1615271779084415e-12  -7.6553911719035306e-12
 -4.7249999999999996e+00  -3.2958232217213340e-11  -7.2082585282286665e-11  -7.0475077957212690e-10  -1.2186399801218924e-12  -7.9890149399966283e-12
 -4.7000000000000002e+00  -3.3713081282577558e-11  -7.4175651500776900e-11  -7.1560669384195628e-10  -1.2782953238519349e-12  -8.3351862287678008e-12
 -4.6749999999999998e+00  -3.4494322256145410e-11  -7.6320126614704819e-11  -7.2678096607678991e-10  -1.3405994333411692e-12  -8.6943226330722807e-12
 -4.6499999999999995e+00  -3.5302093145357589e-11  -7.8516243044317688e-11  -7.3827586899104207e-10  -1.4056627909263777e-12  -9.0668539170794077e-12
 -4.6250000000000000e+00  -3.6136503374422349e-11  -8.0764177123309017e-11  -7.5009338296155434e-10  -1.4736003057830996e-12  -9.4532223162086712e-12
 -4.5999999999999996e+00  -3.6997632397445826e-11  -8.3064046506007246e-11  -7.6223518199294308e-10  -1.5445314896562447e-12  -9.8538828455255903e-12
 -4.5750000000000002e+00  -3.7885528305750526e-11  -8.5415907577631528e-11  -7.7470261972003039e-10  -1.6185806399024913e-12  -1.0269303614761842e-11
 -4.5499999999999998e+00  -3.8800206431194125e-11  -8.7819752872231905e-11  -7.8749671547403939e-10  -1.6958770301878914e-12  -1.0699966150131094e-11
 -4.5249999999999995e+00  -3.9741647947271299e-11  -9.0275508502935650e-11  -8.0061814043925685e-10  -1.7765551092028656e-12  -1.1146365723119359e-11
 -4.5000000000000000e+00  -4.0709798469737970e-11  -9.2783031609102561e-11  -8.1406720392672790e-10  -1.8607547077767595e-12  -1.1609011686436664e-11
 -4.4749999999999996e+00  -4.1704566658443582e-11  -9.5342107824956801e-11  -8.2784383979133382e-10  -1.9486212547952061e-12  -1.2088427817324202e-11
 -4.4500000000000002e+00  -4.2725822821988945e-11  -9.7952448774201219e-11  -8.4194759301824670e-10  -2.0403060023459888e-12  -1.2585152668419448e-11
 -4.4249999999999998e+00  -4.3773397526745710e-11  -1.0061368959504229e-10  -8.5637760650427941e-10  -2.1359662605428892e-12  -1.3099739926389282e-11
 -4.3999999999999995e+00  -4.4847080211680126e-11  -1.0332538649995332e-10  -8.7113260805905710e-10  -2.2357656425022118e-12  -1.3632758778549527e-11
 -4.3750000000000000e+00  -4.5946617810313985e-11  -1.0608701437437720e-10  -8.8621089765021197e-10  -2.3398743199735323e-12  -1.4184794287697110e-11
 -4.3499999999999996e+00  -4.7071713381034880e-11  -1.0889796441843057e-10  -9.0161033491597127e-10  -2.4484692901545437e-12  -1.4756447775388847e-11
 -4.3250000000000002e+00  -4.8222024746832044e-11  -1.1175754183550518e-10  -9.1732832696755885e-10  -2.5617346542501454e-12  -1.5348337213908790e-11
 -4.2999999999999998e+00  -4.9397163145382772e-11  -1.1466496357147817e-10  -9.3336181650274511e-10  -2.6798619083678961e-12  -1.5961097627173467e-11
 -4.2749999999999995e+00  -5.0596691890252192e-11  -1.1761935610804066e-10  -9.4970727025072140e-10  -2.8030502473759327e-12  -1.6595381500831306e-11
 -4.2500000000000000e+00  -5.1820125043790479e-11  -1.2061975331342946e-10  -9.6636066776716991e-10  -2.9315068823856276e-12  -1.7251859201819561e-11
 -4.2249999999999996e+00  -5.3066926102118187e-11  -1.2366509435360474e-10  -9.8331749059700878e-10  -3.0654473725595100e-12  -1.7931219407647998e-11
 -4.2000000000000002e+00  -5.4336506692385628e-11  -1.2675422166665916e-10  -1.0005727118207933e-09  -3.2050959719857181e-12  -1.8634169545684003e-11
 -4.1749999999999998e+00  -5.5628225282270585e-11  -1.2988587900296651e-10  -1.0181207859991881e-09  -3.3506859924034522e-12  -1.9361436242718576e-11
 -4.1499999999999995e+00  -5.6941385901443141e-11  -1.3305870953328657e-10  -1.0359556395282074e-09  -3.5024601826097936e-12  -2.0113765785096155e-11
 -4.1250000000000000e+00  -5.8275236874479027e-11  -1.3627125402673672e-10  -1.0540706614162040e-09  -3.6606711254270213e-12  -2.0891924589693609e-11
 -4.0999999999999996e+00  -5.9628969564437093e-11  -1.3952194910021863e-10  -1.0724586944917241e-09  -3.8255816531612905e-12  -2.1696699686034856e-11
 -4.0750000000000002e+00  -6.1001717126042342e-11  -1.4280912554056158e-10  -1.0911120270494558e-09  -3.9974652825385651e-12  -2.2528899209826754e-11
 -4.0499999999999998e+00  -6.2392553267120425e-11  -1.4613100670029363e-10  -1.1100223849395431e-09  -4.1766066701620860e-12  -2.3389352908199580e-11
 -4.0249999999999995e+00  -6.3800491016625627e-11  -1.4948570696760324e-10  -1.1291809241034927e-09  -4.3633020895977286e-12  -2.4278912656930407e-11
 -4.0000000000000000e+00  -6.5224481497281304e-11  -1.5287123031068701e-10  -1.1485782235578536e-09  -4.5578599312594733e-12  -2.5198452989920642e-11
 -3.9749999999999996e+00  -6.6663412700515477e-11  -1.5628546889631069e-10  -1.1682042788247358e-09  -4.7606012263372946e-12  -2.6148871641188725e-11
 -3.9500000000000002e+00  -6.8116108261026441e-11  -1.5972620178204103e-10  -1.1880484958061298e-09  -4.9718601960840513e-12  -2.7131090099625394e-11
 -3.9249999999999998e+00  -6.9581326227947024e-11  -1.6319109368122866e-10  -1.2080996850968547e-09  -5.1919848278570760e-12  -2.8146054176741834e-11
 -3.8999999999999995e+00  -7.1057757829191594e-11  -1.6667769379943275e-10  -1.2283460567287718e-09  -5.4213374793940042e-12  -2.9194734587619430e-11
 -3.8750000000000000e+00  -7.2544026225169911e-11  -1.7018343474059600e-10  -1.2487752153367159e-09  -5.6602955128915830e-12  -3.0278127545243431e-11
 -3.8499999999999996e+00  -7.4038685247629836e-11  -1.7370563148088055e-10  -1.2693741557343758e-09  -5.9092519605508559e-12  -3.1397255368371122e-11
 -3.8250000000000002e+00  -7.5540218118950293e-11  -1.7724148040768426e-10  -1.2901292588861120e-09  -6.1686162233526761e-12  -3.2553167103046787e-11
 -3.7999999999999998e+00  -7.7047036146721074e-11  -1.8078805842090959e-10  -1.3110262882582349e-09  -6.4388148049344030e-12  -3.3746939157831473e-11
 -3.7749999999999995e+00  -7.8557477387984797e-11  -1.8434232209321787e-10  -1.3320503865312572e-09  -6.7202920825518272e-12  -3.4979675952761724e-11
 -3.7500000000000000e+00  -8.0069805277000814e-11  -1.8790110688557731e-10  -1.3531860726523830e-09  -7.0135111172310174e-12  -3.6252510581990933e-11
 -3.7249999999999996e+00  -8.1582207209870228e-11  -1.9146112641405931e-10  -1.3744172392054192e-09  -7.3189545053424989e-12  -3.7566605489995103e-11
 -3.7000000000000002e+00  -8.3092793078873633e-11  -1.9501897176358117e-10  -1.3957271500739882e-09  -7.6371252739658056e-12  -3.8923153161142167e-11
 -3.6749999999999998e+00  -8.4599593748903686e-11  -1.9857111084414642e-10  -1.4170984383731935e-09  -7.9685478225563941e-12  -4.0323376822329295e-11
 -3.6499999999999995e+00  -8.6100559467882007e-11  -2.0211388778499953e-10  -1.4385131046243350e-09  -8.3137689135796458e-12  -4.1768531158283518e-11
 -3.6250000000000000e+00  -8.7593558202485223e-11  -2.0564352236189933e-10  -1.4599525151463287e-09  -8.6733587149384596e-12  -4.3259903038996567e-11
 -3.5999999999999996e+00  -8.9076373889979516e-11  -2.0915610945271008e-10  -1.4813974006372453e-09  -9.0479118971925072e-12  -4.4798812258621924e-11
 -3.5750000000000002e+00  -9.0546704596113121e-11  -2.1264761851620195e-10  -1.5028278549150747e-09  -9.4380487887495228e-12  -4.6386612285003274e-11
 -3.5499999999999998e+00  -9.2002160561654058e-11  -2.1611389307435719e-10  -1.5242233337137329e-09  -9.8444165923998858e-12  -4.8024691018812775e-11
 -3.5249999999999995e+00  -9.3440262131629973e-11  -2.1955065020571373e-10  -1.5455626535586412e-09  -1.0267690666774853e-11  -4.9714471561093242e-11
 -3.5000000000000000e+00  -9.4858437554976325e-11  -2.2295348004069130e-10  -1.5668239906986516e-09  -1.0708575876518554e-11  -5.1457412987736765e-11
 -3.4749999999999996e+00  -9.6254020640132443e-11  -2.2631784525296162e-10  -1.5879848800409377e-09  -1.1167808015195416e-11  -5.3255011129183563e-11
 -3.4500000000000002e+00  -9.7624248252041730e-11  -2.2963908053788056e-10  -1.6090222140509754e-09  -1.1646155305194612e-11  -5.5108799353320831e-11
 -3.4249999999999998e+00  -9.8966257634498323e-11  -2.3291239207093008e-10  -1.6299122415715270e-09  -1.2144419979148260e-11  -5.7020349349229685e-11
 -3.3999999999999995e+00  -1.0027708354128419e-10  -2.3613285693819739e-10  -1.6506305665209495e-09  -1.2663439947648059e-11  -5.8991271909048460e-11
 -3.3750000000000000e+00  -1.0155365515819718e-10  -2.3929542253161481e-10  -1.6711521464286155e-09  -1.3204090558328392e-11  -6.1023217704799501e-11
 -3.3499999999999996e+00  -1.0279279279705424e-10  -2.4239490590139175e-10  -1.6914512907677408e-09  -1.3767286451681297e-11  -6.3117878056550035e-11
 -3.3250000000000002e+00  -1.0399120434132021e-10  -2.4542599305824732e-10  -1.7115016590448416e-09  -1.4353983519281407e-11  -6.5276985687744371e-11
 -3.2999999999999998e+00  -1.0514548142163355e-10  -2.4838323821796834e-10  -1.7312762586060492e-09  -1.4965180970427238e-11  -6.7502315462947655e-11
 -3.2749999999999995e+00  -1.0625209529792383e-10  -2.5126106298096618e-10  -1.7507474421208340e-09  -1.5601923513548803e-11  -6.9795685102572856e-11
 -3.2500000000000000e+00  -1.0730739242315481e-10  -2.5405375543958057e-10  -1.7698869047047606e-09  -1.6265303659090648e-11  -7.2158955868412668e-11
 -3.2249999999999996e+00  -1.0830758966191079e-10  -2.5675546920608687e-10  -1.7886656806440928e-09  -1.6956464150953896e-11  -7.4594033212961519e-11
 -3.2000000000000002e+00  -1.0924876913512116e-10  -2.5936022235465835e-10  -1.8070541396871112e-09  -1.7676600533970808e-11  -7.7102867384577481e-11
 -3.1749999999999998e+00  -1.1012687266011235e-10  -2.6186189627088663e-10  -1.8250219828692793e-09  -1.8426963865288668e-11  -7.9687453979486750e-11
 -3.1499999999999995e+00  -1.1093769575291891e-10  -2.6425423440294418e-10  -1.8425382378424269e-09  -1.9208863577957647e-11  -8.2349834430467233e-11
 -3.1250000000000000e+00  -1.1167688115732443e-10  -2.6653084090902024e-10  -1.8595712536816062e-09  -2.0023670505446330e-11  -8.5092096420743113e-11
 -3.0999999999999996e+00  -1.1233991186244263e-10  -2.6868517919635145e-10  -1.8760886951475400e-09  -2.0872820076248130e-11  -8.7916374210168841e-11
 -3.0750000000000002e+00  -1.1292210356776005e-10  -2.7071057034797425e-10  -1.8920575363875869e-09  -2.1757815688189402e-11  -9.0824848859158455e-11
 -3.0499999999999998e+00  -1.1341859655142263e-10  -2.7260019143428051e-10  -1.9074440540639886e-09  -2.2680232272501978e-11  -9.3819748334007895e-11
 -3.0249999999999995e+00  -1.1382434689414250e-10  -2.7434707370758110e-10  -1.9222138199050419e-09  -2.3641720058176252e-11  -9.6903347475242645e-11
 -3.0000000000000000e+00  -1.1413411700739625e-10  -2.7594410067918869e-10  -1.9363316926827816e-09  -2.4644008547560050e-11  -1.0007796780837729e-10
 -2.9749999999999996e+00  -1.1434246541056037e-10  -2.7738400608005938e-10  -1.9497618096299869e-09  -2.5688910714607966e-11  -1.0334597717397337e-10
 -2.9500000000000002e+00  -1.1444373569725313e-10  -2.7865937170779542e-10  -1.9624675773199850e-09  -2.6778327437608252e-11  -1.0670978915109730e-10
 -2.9249999999999998e+00  -1.1443204462639139e-10  -2.7976262516485501e-10  -1.9744116620450096e-09  -2.7914252178610585e-11  -1.1017186224518207e-10
 -2.8999999999999995e+00  -1.1430126926829131e-10  -2.8068603749517239e-10  -1.9855559797429865e-09  -2.9098775922137553e-11  -1.1373469880784935e-10
 -2.8750000000000000e+00  -1.1404503313051137e-10  -2.8142172072910228e-10  -1.9958616855388620e-09  -3.0334092386072260e-11  -1.1740084365241560e-10
 -2.8499999999999996e+00  -1.1365669118201127e-10  -2.8196162534972522e-10  -2.0052891629852102e-09  -3.1622503517858646e-11  -1.2117288232454460e-10
 -2.8250000000000002e+00  -1.1312931368753695e-10  -2.8229753769713067e-10  -2.0137980131081852e-09  -3.2966425289310744e-11  -1.2505343898277443e-10
 -2.7999999999999998e+00  -1.1245566875690112e-10  -2.8242107733140186e-10  -2.0213470433893121e-09  -3.4368393803380367e-11  -1.2904517383838871e-10
 -2.7749999999999995e+00  -1.1162820350595483e-10  -2.8232369437973767e-10  -2.0278942568415668e-09  -3.5831071726151976e-11  -1.3315078009826504e-10
 -2.7500000000000000e+00  -1.1063902371749613e-10  -2.8199666689853516e-10  -2.0333968413701449e-09  -3.7357255057087889e-11  -1.3737298034785770e-10
 -2.7249999999999996e+00  -1.0947987188107541e-10  -2.8143109828742684e-10  -2.0378111596448407e-09  -3.8949880250098149e-11  -1.4171452230429269e-10
 -2.7000000000000002e+00  -1.0814210348058357e-10  -2.8061791479932399e-10  -2.0410927397526778e-09  -4.0612031697312725e-11  -1.4617817386159518e-10
 -2.6749999999999998e+00  -1.0661666138758984e-10  -2.7954786319858311e-10  -2.0431962669470735e-09  -4.2346949586436808e-11  -1.5076671734126326e-10
 -2.6499999999999995e+00  -1.0489404820657149e-10  -2.7821150862863036e-10  -2.0440755768641719e-09  -4.4158038141209900e-11  -1.5548294285165427e-10
 -2.6250000000000000e+00  -1.0296429640538828e-10  -2.7659923276090197e-10  -2.0436836506390450e-09  -4.6048874252692964e-11  -1.6032964064887847e-10
 -2.5999999999999996e+00  -1.0081693605054668e-10  -2.7470123230897893e-10  -2.0419726124251984e-09  -4.8023216506788489e-11  -1.6530959238000206e-10
 -2.5750000000000002e+00  -9.8440959951913015e-11  -2.7250751800550954e-10  -2.0388937299015134e-09  -5.0085014610454008e-11  -1.7042556107624123e-10
 -2.5499999999999998e+00  -9.5824786005523429e-11  -2.7000791415515598e-10  -2.0343974184427473e-09  -5.2238419215381692e-11  -1.7568027974937946e-10
 -2.5250000000000004e+00  -9.2956216505961095e-11  -2.6719205889464156e-10  -2.0284332497344961e-09  -5.4487792133343436e-11  -1.8107643842874801e-10
 -2.5000000000000000e+00  -8.9822394181394083e-11  -2.6404940531130939e-10  -2.0209499657329241e-09  -5.6837716931780523e-11  -1.8661666945865747e-10
 -2.4749999999999996e+00  -8.6409754684780167e-11  -2.6056922359477205e-10  -2.0118954990054769e-09  -5.9293009891354934e-11  -1.9230353085703936e-10
 -2.4500000000000002e+00  -8.2703975253957861e-11  -2.5674060442260869e-10  -2.0012170006435057e-09  -6.1858731298854065e-11  -1.9813948751514223e-10
 -2.4249999999999998e+00  -7.8689919231390917e-11  -2.5255246381109221e-10  -1.9888608771136743e-09  -6.4540197038787903e-11  -2.0412688999530187e-10
 -2.4000000000000004e+00  -7.4351576111305952e-11  -2.4799354969608137e-10  -1.9747728376150874e-09  -6.7342990434934814e-11  -2.1026795065898461e-10
 -2.3750000000000000e+00  -6.9671996757987024e-11  -2.4305245054802774e-10  -1.9588979537363646e-09  -7.0272974278622598e-11  -2.1656471683038313e-10
 -2.3499999999999996e+00  -6.4633223414273267e-11  -2.3771760636914249e-10  -1.9411807334648948e-09  -7.3336302963264955e-11  -2.2301904067177239e-10
 -2.3250000000000002e+00  -5.9216214094141466e-11  -2.3197732247080104e-10  -1.9215652118932154e-09  -7.6539434624131461e-11  -2.2963254541556944e-10
 -2.2999999999999998e+00  -5.3400760928047615e-11  -2.2581978648599469e-10  -1.8999950612991516e-09  -7.9889143157959674e-11  -2.3640658756460571e-10
 -2.2750000000000004e+00  -4.7165402005004202e-11  -2.1923308913588372e-10  -1.8764137236518260e-09  -8.3392529968183592e-11  -2.4334221463657949e-10
 -2.2500000000000000e+00  -4.0487326231916759e-11  -2.1220524934217115e-10  -1.8507645690201494e-09  -8.7057035247518491e-11  -2.5044011799117486e-10
 -2.2249999999999996e+00  -3.3342270709463955e-11  -2.0472424435908832e-10  -1.8229910838396355e-09  -9.0890448569567576e-11  -2.5770058023916418e-10
 -2.2000000000000002e+00  -2.5704410106031050e-11  -1.9677804569132170e-10  -1.7930370935334675e-09  -9.4900918514034567e-11  -2.6512341669236699e-10
 -2.1749999999999998e+00  -1.7546237498521214e-11  -1.8835466166835296e-10  -1.7608470245912552e-09  -9.9096960994942924e-11  -2.7270791027217895e-10
 -2.1500000000000004e+00  -8.8384361433428866e-12  -1.7944218766262149e-10  -1.7263662118907157e-09  -1.0348746589672948e-10  -2.8045273925332666e-10
 -2.1250000000000000e+00   4.5025835485774376e-13  -1.7002886506989006e-10  -1.6895412578106485e-09  -1.0808170154779545e-10  -2.8835589717962266e-10
 -2.0999999999999996e+00   1.0353205991747551e-11  -1.6010315031643762e-10  -1.6503204505351502e-09  -1.1288931647348604e-10  -2.9641460425121729e-10
 -2.0750000000000002e+00   2.0906020909434582e-11  -1.4965379532042624e-10  -1.6086542498958550e-09  -1.1792033776878440e-10  -3.0462520945006052e-10
 -2.0500000000000007e+00   3.2146740963134311e-11  -1.3866994101509934e-10  -1.5644958501472084e-09  -1.2318516531331951e-10  -3.1298308264438440e-10
 -2.0250000000000004e+00   4.4116008644826140e-11  -1.2714122574028019e-10  -1.5178018302244337e-09  -1.2869456091551189e-10  -3.2148249589708907e-10
 -2.0000000000000000e+00   5.6857263576485958e-11  -1.1505791052655983e-10  -1.4685329032979414e-09  -1.3445963131657422e-10  -3.3011649320081785e-10
 -1.9749999999999996e+00   7.0416946614115865e-11  -1.0241102353373752e-10  -1.4166547788116616e-09  -1.4049180380630209e-10  -3.3887674787910702e-10
 -1.9499999999999993e+00   8.4844715372406227e-11  -8.9192526160943073e-11  -1.3621391516721797e-09  -1.4680279299874419e-10  -3.4775340693428523e-10
 -1.9250000000000007e+00   1.0019367067305800e-10  -7.5395503618937946e-11  -1.3049648348307747e-09  -1.5340455708459845e-10  -3.5673492169618990e-10
 -1.9000000000000004e+00   1.1652059301870302e-10  -6.1014383042511042e-11  -1.2451190531536404e-09  -1.6030924161641213e-10  -3.6580786424027928e-10
 -1.8750000000000000e+00   1.3388618767598688e-10  -4.6045182518037998e-11  -1.1825989181780795e-09  -1.6752910859064818e-10  -3.7495672921028698e-10
 -1.8499999999999996e+00   1.5235533628782411e-10  -3.0485794701153117e-11  -1.1174131050612943e-09  -1.7507644826639491e-10  -3.8416372091228739e-10
 -1.8249999999999993e+00   1.7199735209244568e-10  -1.4336308991960616e-11  -1.0495837546817372e-09  -1.8296347080401419e-10  -3.9340852585950051e-10
 -1.8000000000000007e+00   1.9288623476531169e-10   2.4006234938956994e-12  -9.7914862536475486e-10  -1.9120217442003231e-10  -4.0266807135865646e-10
 -1.7750000000000004e+00   2.1510091957130814e-10   1.9719377690041014e-11  -9.0616351995717176e-10  -1.9980418634109203e-10  -4.1191627126050635e-10
 -1.7500000000000000e+00   2.3872551386241525e-10   3.7610890448741072e-11  -8.3070501481293563e-10  -2.0878057240704291e-10  -4.2112376067338792e-10
 -1.7249999999999996e+00   2.6384951191444507e-10   5.6062139821517746e-11  -7.5287351746814456e-10  -2.1814161073288212e-10  -4.3025762228688713e-10
 -1.6999999999999993e+00   2.9056797658997601e-10   7.5055563141043098e-11  -6.7279667911219996e-10  -2.2789652440876972e-10  -4.3928110800247374e-10
 -1.6750000000000007e+00   3.1898167325809653e-10   9.4568409579722264e-11  -5.9063318606219470e-10  -2.3805316782192186e-10  -4.4815336085131932e-10
 -1.6500000000000004e+00   3.4919713770126396e-10   1.1457202341921716e-10  -5.0657695089154631e-10  -2.4861766085892970e-10  -4.5682914372869684e-10
 -1.6250000000000000e+00   3.8132665529566325e-10   1.3503105518624757e-10  -4.2086171811966977e-10  -2.5959396503959544e-10  -4.6525858332023570e-10
 -1.5999999999999996e+00   4.1548812346271647e-10   1.5590259920192172e-10  -3.3376609078784236e-10  -2.7098339560692496e-10  -4.7338693976395437e-10
 -1.5749999999999993e+00   4.5180476316110911e-10   1.7713525808504971e-10  -2.4561897204843368e-10  -2.8278406383456129e-10  -4.8115441510014630e-10
 -1.5500000000000007e+00   4.9040463794493043e-10   1.9866813749789632e-10  -1.5680539916536184e-10  -2.9499024441713120e-10  -4.8849601640982973e-10
 -1.5250000000000004e+00   5.3141993081550797e-10   2.2042977810167952e-10  -6.7772725015857187e-11  -3.0759166391072762e-10  -4.9534149270817339e-10
 -1.5000000000000000e+00   5.7498591976718063e-10   2.4233703649417081e-10   2.0962926861349363e-11  -3.2057270794808118e-10  -5.0161536808309788e-10
 -1.4749999999999996e+00   6.2123958269611973e-10   2.6429393304017052e-10   1.0881004463258309e-10  -3.3391154755263883e-10  -5.0723709714249786e-10
 -1.4499999999999993e+00   6.7031775148230137e-10   2.8619049218276113e-10   1.9509510508521911e-10  -3.4757918853099988e-10  -5.1212137238102056e-10
 -1.4250000000000007e+00   7.2235472405916255e-10   3.0790161022035546e-10   2.7905615862070556e-10  -3.6153845286666632e-10  -5.1617861633795182e-10
 -1.4000000000000004e+00   7.7747923294149972e-10   3.2928599677512598e-10   3.5983690315813491e-10  -3.7574290750777179e-10  -5.1931569402372192e-10
 -1.3750000000000000e+00   8.3581066017238938e-10   3.5018524927987258e-10   4.3648160604395921e-10  -3.9013576415625707e-10  -5.2143688255002543e-10
 -1.3499999999999996e+00   8.9745438366047160e-10   3.7042313461866654e-10   5.0793132127863264e-10  -4.0464878378782545e-10  -5.2244513457287932e-10
 -1.3249999999999993e+00   9.6249614071034332e-10   3.8980516816165883e-10   5.7302194498126119e-10  -4.1920123171129602e-10  -5.2224366927013508e-10
 -1.3000000000000007e+00   1.0309953042083544e-09   4.0811859706792540e-10   6.3048475029105192e-10  -4.3369894287703653e-10  -5.2073791821722637e-10
 -1.2750000000000004e+00   1.1029769891698104e-09   4.2513291065085160e-10   6.7895013626464356e-10  -4.4803357245087875e-10  -5.1783784270672577e-10
 -1.2500000000000000e+00   1.1784229466282750e-09   4.4060101397971690e-10   7.1695540264903904e-10  -4.6208212257447455e-10  -5.1346062279396503e-10
 -1.2249999999999996e+00   1.2572612630655374e-09   4.5426120922232258e-10   7.4295740849774667e-10  -4.7570685141821422e-10  -5.0753369580864186e-10
 -1.1999999999999993e+00   1.3393549716420025e-09   4.6584012930143519e-10   7.5535096802348435e-10  -4.8875568316804732e-10  -4.9999809277759154e-10
 -1.1750000000000007e+00   1.4244898004591620e-09   4.7505675639829861e-10   7.5249375868767367e-10  -5.0106324487155033e-10  -4.9081198532002712e-10
 -1.1500000000000004e+00   1.5123614349623875e-09   4.8162762946925725e-10   7.3273833899157444e-10  -5.1245265486578319e-10  -4.7995431422979173e-10
 -1.1250000000000000e+00   1.6025628546118733e-09   4.8527329614190662e-10   6.9447157227359674e-10  -5.2273817413859007e-10  -4.6742832657451326e-10
 -1.0999999999999996e+00   1.6945725105600824e-09   4.8572599191605993e-10   6.3616130914109024e-10  -5.3172880271108933e-10  -4.5326480471381825e-10
 -1.0749999999999993e+00   1.7877443258171994e-09   4.8273843227227648e-10   5.5640958819133617e-10  -5.3923285486418677e-10  -4.3752473382966558e-10
 -1.0500000000000007e+00   1.8813006972185274e-09   4.7609348310355007e-10   4.5401088552813955e-10  -5.4506347819474332e-10  -4.2030113148807011e-10
 -1.0250000000000004e+00   1.9743298243425528e-09   4.6561433840648102e-10   3.2801311911509017e-10  -5.4904499314217935e-10  -4.0171976132948449e-10
 -1.0000000000000000e+00   2.0657887409751383e-09   4.5117469348701933e-10   1.7777826856005071e-10  -5.5101982656074431e-10  -3.8193848074978890e-10
 -9.7499999999999964e-01   2.1545133329604757e-09   4.3270827481298451e-10   3.0387130875230260e-12  -5.5085570439300649e-10  -3.6114503486274101e-10
 -9.4999999999999929e-01   2.2392363506149996e-09   4.1021699634964579e-10  -1.9605514419352157e-10  -5.4845266829564368e-10  -3.3955320759189279e-10
 -9.2500000000000071e-01   2.3186139394267091e-09   3.8377698068295281e-10  -4.1890056400916714e-10  -5.4374940634405470e-10  -3.1739737106513781e-10
 -9.0000000000000036e-01   2.3912605244965452e-09   3.5354173256755942e-10  -6.6442574011858699e-10  -5.3672835679700674e-10  -2.9492562532698128e-10
 -8.7500000000000000e-01   2.4557910378169429e-09   3.1974189542347019e-10  -9.3109402078604395e-10  -5.2741907169372150e-10  -2.7239187390516215e-10
 -8.4999999999999964e-01   2.5108685637266387e-09   2.8268125664479561e-10  -1.2169309949110742e-09  -5.1589942213935671e-10  -2.5004731464632493e-10
 -8.2499999999999929e-01   2.5552546258478627e-09   2.4272897701949894e-10  -1.5195744529319809e-09  -5.0229438712898352e-10  -2.2813191651466031e-10
 -8.0000000000000071e-01   2.5878586967030514e-09   2.0030836761161763e-10  -1.8363451065186124e-09  -4.8677237765784256e-10  -2.0686648307690479e-10
 -7.7500000000000036e-01   2.6077832162686657e-09   1.5588287620354895e-10  -2.1643338959197634e-09  -4.6953928107971918e-10  -1.8644586260817425e-10
 -7.5000000000000000e-01   2.6143605501712953e-09   1.0994022326655910e-10  -2.5005000446016206e-09  -4.5083063334310519e-10  -1.6703375579885885e-10
 -7.2499999999999964e-01   2.6071789210764786e-09   6.2975800170999549e-11  -2.8417730052783403e-09  -4.3090250452364181e-10  -1.4875941011634987e-10
 -6.9999999999999929e-01   2.5860953414739332e-09   1.5476483121765490e-11  -3.1851512387249917e-09  -4.1002178872700518e-10  -1.3171629983785913e-10
 -6.7500000000000071e-01   2.5512348195410922e-09  -3.2094078170097212e-11  -3.5277913906853763e-09  -3.8845660886660148e-10  -1.1596270177387114e-10
 -6.5000000000000036e-01   2.5029764123341489e-09  -7.9307847216403890e-11  -3.8670827508046820e-09  -3.6646748187138790e-10  -1.0152391585420849e-10
 -6.2500000000000000e-01   2.4419278675194693e-09  -1.2578189797671474e-10  -4.2007036485291228e-09  -3.4429975704817471e-10  -8.8395766668025025e-11
 -5.9999999999999964e-01   2.3688914680955062e-09  -1.7118477082640616e-10  -4.5266583708063809e-09  -3.2217766600717657e-10  -7.6548965752920745e-11
 -5.7499999999999929e-01   2.2848241819423479e-09  -2.1523973098760690e-10  -4.8432949948211732e-09  -3.0030013649993298e-10  -6.5933913129524841e-11
 -5.5000000000000071e-01   2.1907953038397592e-09  -2.5772521534757218e-10  -5.1493060004330946e-09  -2.7883835145392836e-10  -5.6485559978240936e-11
 -5.2500000000000036e-01   2.0879445136905905e-09  -2.9847292194233509e-10  -5.4437145388740963e-09  -2.5793489764827405e-10  -4.8128027360478517e-11
 -5.0000000000000000e-01   1.9774427582691391e-09  -3.3736408580958137e-10  -5.7258497591515429e-09  -2.3770425567327911e-10  -4.0778762488666527e-11
 -4.7499999999999964e-01   1.8604577100498719e-09  -3.7432450301801137e-10  -5.9953146811856176e-09  -2.1823433498918563e-10  -3.4352100383941678e-11
 -4.4999999999999929e-01   1.7381248741708010e-09  -4.0931882713060067e-10  -6.2519498532528200e-09  -1.9958874930281586e-10  -2.8762174863220808e-11
 -4.2500000000000071e-01   1.6115247886936871e-09  -4.4234458805194113e-10  -6.4957955579570772e-09  -1.8180954856110283e-10  -2.3925183058515635e-11
 -4.0000000000000036e-01   1.4816662487180369e-09  -4.7342629032639100e-10  -6.7270547477142829e-09  -1.6492016394145495e-10  -1.9761050324864339e-11
 -3.7500000000000000e-01   1.3494751061692247e-09  -5.0260985144042320e-10  -6.9460582892359286e-09  -1.4892837150376966e-10  -1.6194568489693893e-11
 -3.4999999999999964e-01   1.2157879544536793e-09  -5.2995755115405193e-10  -7.1532335414220415e-09  -1.3382913089006978e-10  -1.3156092658886210e-11
 -3.2499999999999929e-01   1.0813498845027830e-09  -5.5554358664068108e-10  -7.3490768204432765e-09  -1.1960720226913897e-10  -1.0581883626419817e-11
 -3.0000000000000071e-01   9.4681547125414098e-10  -5.7945026793580548e-10  -7.5341299354640700e-09  -1.0623948455571185e-10  -8.4141777023013630e-12
 -2.7500000000000036e-01   8.1275219029738306e-10  -6.0176484392249993e-10  -7.7089607080625348e-09  -9.3697049553086826e-11  -6.6010563836614567e-12
 -2.5000000000000000e-01   6.7964554825165726e-10  -6.2257691916707334e-10  -7.8741472069521475e-09  -8.1946870138271668e-11  -5.0961770076718317e-12
 -2.2499999999999964e-01   5.4790531663766524e-10  -6.4197640392155025e-10  -8.0302653217848519e-09  -7.0953256785391141e-11  -3.8584139427212837e-12
 -1.9999999999999929e-01   4.1787237150742860e-10  -6.6005193097114326e-10  -8.1778792509400685e-09  -6.0679026845980849e-11  -2.8514490159906264e-12
 -1.7500000000000071e-01   2.8982574966302690e-10  -6.7688967102002568e-10  -8.3175344696472006e-09  -5.1086436409098844e-11  -2.0433403028888994e-12
 -1.5000000000000036e-01   1.6398963195784658e-10  -6.9257248033091443e-10  -8.4497527547573020e-09  -4.2137906499111976e-11  -1.4060903491016834e-12
 -1.2500000000000000e-01   4.0540047799331236e-11  -7.0717931981135030e-10  -8.5750288806062360e-09  -3.3796574895573665e-11  -9.1522838148841038e-13
 -9.9999999999999645e-02  -8.0388843621641679e-11  -7.2078489363321572e-10  -8.6938286816926931e-09  -2.6026702813757044e-11  -5.4941600942649494e-13
 -7.4999999999999289e-02  -1.9869897908589499e-10  -7.3345946014370737e-10  -8.8065881784530122e-09  -1.8793962778201245e-11  -2.9008222185845263e-13
 -5.0000000000000711e-02  -3.1432314259765766e-10  -7.4526876688185340e-10  -8.9137133646137321e-09  -1.2065631258836102e-11  -1.2109094722830660e-13
 -2.5000000000000355e-02  -4.2722029498279291e-10  -7.5627408636971423e-10  -9.0155806551472213e-09  -5.8107092309090329e-12  -2.8442036411269398e-14
  0.0000000000000000e+00  -5.3737154365073393e-10  -7.6653235538584769e-10  -9.1125385480639834e-09   0.0000000000000000e+00   0.0000000000000000e+00
