-7.075000000000000178e+00 2.289604267949527727e-06
-7.049999999999999822e+00 2.289604267949527727e-06
-7.025000000000000355e+00 2.289604267949527727e-06
-7.000000000000000000e+00 2.289604267949527727e-06
-6.975000000000000533e+00 2.289604267949527727e-06
-6.950000000000000178e+00 2.289604267949527727e-06
-6.924999999999999822e+00 2.289604267949527727e-06
-6.900000000000000355e+00 2.289604267949527727e-06
-6.875000000000000000e+00 2.289604267949527727e-06
-6.850000000000000533e+00 2.289604267949527727e-06
-6.825000000000000178e+00 2.289604267949527727e-06
-6.799999999999999822e+00 2.289604267949527727e-06
-6.775000000000000355e+00 2.289604267949527727e-06
-6.750000000000000000e+00 2.289604267949527727e-06
-6.725000000000000533e+00 2.289604267949527727e-06
-6.700000000000000178e+00 2.289604267949527727e-06
-6.674999999999999822e+00 2.289604267949527727e-06
-6.650000000000000355e+00 2.289604267949527727e-06
-6.625000000000000000e+00 2.289604267949527727e-06
-6.600000000000000533e+00 2.289604267949527727e-06
-6.575000000000000178e+00 2.289604267949527727e-06
-6.549999999999999822e+00 2.289604267949527727e-06
-6.525000000000000355e+00 2.320591232400463015e-06
-6.500000000000000000e+00 2.455955346493374545e-06
-6.474999999999999645e+00 2.599222161791942197e-06
-6.450000000000000178e+00 2.750853637575650000e-06
-6.424999999999999822e+00 2.911338791562446583e-06
-6.400000000000000355e+00 3.081195285961971908e-06
-6.375000000000000000e+00 3.260971111898273905e-06
-6.349999999999999645e+00 3.451246373779685426e-06
-6.325000000000000178e+00 3.652635174421329739e-06
-6.299999999999999822e+00 3.865787615216258496e-06
-6.275000000000000355e+00 4.091391913191260154e-06
-6.250000000000000000e+00 4.330176642638411520e-06
-6.224999999999999645e+00 4.582913113852949701e-06
-6.200000000000000178e+00 4.850417883963792140e-06
-6.174999999999999822e+00 5.133555424353278327e-06
-6.150000000000000355e+00 5.433240941697425850e-06
-6.125000000000000000e+00 5.750443368751957538e-06
-6.099999999999999645e+00 6.086188529559203168e-06
-6.075000000000000178e+00 6.441562495220201761e-06
-6.049999999999999822e+00 6.817715136195596660e-06
-6.025000000000000355e+00 7.215863888827191304e-06
-6.000000000000000000e+00 7.637297740551868624e-06
-5.974999999999999645e+00 8.083381456341017204e-06
-5.950000000000000178e+00 8.555560055455366106e-06
-5.924999999999999822e+00 9.055363552937019687e-06
-5.900000000000000355e+00 9.584411984877179211e-06
-5.875000000000000000e+00 1.014442073345574306e-05
-5.849999999999999645e+00 1.073720616623007110e-05
-5.825000000000000178e+00 1.136469161794539061e-05
-5.799999999999999822e+00 1.202891371996588230e-05
-5.775000000000000355e+00 1.273202911963945364e-05
-5.750000000000000000e+00 1.347632158763842536e-05
-5.724999999999999645e+00 1.426420956224698328e-05
-5.700000000000000178e+00 1.509825413940632394e-05
-5.674999999999999822e+00 1.598116754151650320e-05
-5.650000000000000355e+00 1.691582209399101276e-05
-5.625000000000000000e+00 1.790525974290072656e-05
-5.599999999999999645e+00 1.895270213998867555e-05
-5.575000000000000178e+00 2.006156133563135840e-05
-5.549999999999999822e+00 2.123545111400774752e-05
-5.525000000000000355e+00 2.247819901500278474e-05
-5.500000000000000000e+00 2.379385907035332383e-05
-5.474999999999999645e+00 2.518672531879924284e-05
-5.450000000000000178e+00 2.666134612946214960e-05
-5.424999999999999822e+00 2.822253939375856931e-05
-5.400000000000000355e+00 2.987540863435237339e-05
-5.375000000000000000e+00 3.162536009089970772e-05
-5.349999999999999645e+00 3.347812083866544275e-05
-5.325000000000000178e+00 3.543975800815679601e-05
-5.299999999999999822e+00 3.751669917228158535e-05
-5.275000000000000355e+00 3.971575397173831640e-05
-5.250000000000000000e+00 4.204413705333717754e-05
-5.224999999999999645e+00 4.450949241291882712e-05
-5.200000000000000178e+00 4.711991921765219148e-05
-5.174999999999999822e+00 4.988399920842343020e-05
-5.150000000000000355e+00 5.281082577610897547e-05
-5.125000000000000000e+00 5.591003482001051392e-05
-5.099999999999999645e+00 5.919183749702958141e-05
-5.075000000000000178e+00 6.266705498336008382e-05
-5.050000000000000711e+00 6.634715536982446207e-05
-5.025000000000000355e+00 7.024429283392114737e-05
-5.000000000000000000e+00 7.437134922260658552e-05
-4.974999999999999645e+00 7.874197820440189028e-05
-4.950000000000000178e+00 8.337065215445475699e-05
-4.925000000000000711e+00 8.827271193914823033e-05
-4.900000000000000355e+00 9.346441979162810657e-05
-4.875000000000000000e+00 9.896301547489894438e-05
-4.849999999999999645e+00 1.047867759344155115e-04
-4.825000000000000178e+00 1.109550786750448427e-04
-4.800000000000000711e+00 1.174884690967043492e-04
-4.775000000000000355e+00 1.244087320364811885e-04
-4.750000000000000000e+00 1.317389678015601427e-04
-4.724999999999999645e+00 1.395036729717425100e-04
-4.700000000000000178e+00 1.477288262868419193e-04
-4.674999999999999822e+00 1.564419799489311395e-04
-4.650000000000000355e+00 1.656723566869603315e-04
-4.625000000000000000e+00 1.754509529653292433e-04
-4.599999999999999645e+00 1.858106487372475813e-04
-4.575000000000000178e+00 1.967863241720774832e-04
-4.549999999999999822e+00 2.084149838125469727e-04
-4.525000000000000355e+00 2.207358886573051657e-04
-4.500000000000000000e+00 2.337906966881154514e-04
-4.474999999999999645e+00 2.476236124050719498e-04
-4.450000000000000178e+00 2.622815459682120514e-04
-4.424999999999999822e+00 2.778142825876265642e-04
-4.400000000000000355e+00 2.942746628418375378e-04
-4.375000000000000000e+00 3.117187746679222571e-04
-4.349999999999999645e+00 3.302061578006762151e-04
-4.325000000000000178e+00 3.498000215009313980e-04
-4.299999999999999822e+00 3.705674764845687925e-04
-4.275000000000000355e+00 3.925797819983641718e-04
-4.250000000000000000e+00 4.159126090899720879e-04
-4.224999999999999645e+00 4.406463211716699839e-04
-4.200000000000000178e+00 4.668662730659736129e-04
-4.174999999999999822e+00 4.946631298032408593e-04
-4.150000000000000355e+00 5.241332065335252855e-04
-4.125000000000000000e+00 5.553788310181027822e-04
-4.099999999999999645e+00 5.885087302631384363e-04
-4.075000000000000178e+00 6.236384429837446650e-04
-4.049999999999999822e+00 6.608907596986541601e-04
-4.025000000000000355e+00 7.003961924012853816e-04
-4.000000000000000000e+00 7.422934758762542986e-04
-3.975000000000000089e+00 7.867301029089372559e-04
-3.950000000000000178e+00 8.338628957839478795e-04
-3.924999999999999822e+00 8.838586166492741307e-04
-3.899999999999999911e+00 9.368946195191574016e-04
-3.875000000000000000e+00 9.931595468973077913e-04
-3.850000000000000089e+00 1.052854074223087515e-03
-3.825000000000000178e+00 1.116191705580797016e-03
-3.799999999999999822e+00 1.183399624383035201e-03
-3.774999999999999911e+00 1.254719603004095501e-03
-3.750000000000000000e+00 1.330408975659121574e-03
-3.725000000000000089e+00 1.410741679135333118e-03
-3.700000000000000178e+00 1.496009366342620703e-03
-3.674999999999999822e+00 1.586522598025648899e-03
-3.649999999999999911e+00 1.682612118396448458e-03
-3.625000000000000000e+00 1.784630220868078324e-03
-3.600000000000000089e+00 1.892952210575027513e-03
-3.575000000000000178e+00 2.007977970851022604e-03
-3.549999999999999822e+00 2.130133641400250386e-03
-3.524999999999999911e+00 2.259873416496476113e-03
-3.500000000000000000e+00 2.397681472177987713e-03
-3.475000000000000089e+00 2.544074032099368637e-03
-3.450000000000000178e+00 2.699601582453641999e-03
-3.424999999999999822e+00 2.864851247158134960e-03
-3.399999999999999911e+00 3.040449335384727992e-03
-3.375000000000000000e+00 3.227064074417780939e-03
-3.350000000000000089e+00 3.425408541824388753e-03
-3.325000000000000178e+00 3.636243811993011832e-03
-3.299999999999999822e+00 3.860382333223670321e-03
-3.274999999999999911e+00 4.098691552799571536e-03
-3.250000000000000000e+00 4.352097808740192086e-03
-3.225000000000000089e+00 4.621590508377172897e-03
-3.200000000000000178e+00 4.908226615340174556e-03
-3.174999999999999822e+00 5.213135468150118315e-03
-3.149999999999999911e+00 5.537523955273205081e-03
-3.125000000000000000e+00 5.882682073285225299e-03
-3.100000000000000089e+00 6.249988896652179313e-03
-3.075000000000000178e+00 6.640918989603537999e-03
-3.049999999999999822e+00 7.057049292638197663e-03
-3.025000000000000355e+00 7.500066518338274757e-03
-3.000000000000000000e+00 7.971775093388767594e-03
-2.974999999999999645e+00 8.474105685960776901e-03
-2.950000000000000178e+00 9.009124359935756846e-03
-2.924999999999999822e+00 9.579042399776652172e-03
-2.900000000000000355e+00 1.018622685212884973e-02
-2.875000000000000000e+00 1.083321183249419048e-02
-2.849999999999999645e+00 1.152271064737979932e-02
-2.825000000000000178e+00 1.225762878427913427e-02
-2.799999999999999822e+00 1.304107782341390638e-02
-2.775000000000000355e+00 1.387639032641465112e-02
-2.750000000000000000e+00 1.476713575778650089e-02
-2.724999999999999645e+00 1.571713749499482893e-02
-2.700000000000000178e+00 1.673049098206795537e-02
-2.674999999999999822e+00 1.781158307954820025e-02
-2.650000000000000355e+00 1.896511266007064669e-02
-2.625000000000000000e+00 2.019611249349044513e-02
-2.599999999999999645e+00 2.150997245787894530e-02
-2.575000000000000178e+00 2.291246410229395153e-02
-2.549999999999999822e+00 2.440976657344406248e-02
-2.525000000000000355e+00 2.600849390041448314e-02
-2.500000000000000000e+00 2.771572360864474338e-02
-2.474999999999999645e+00 2.953902660530116978e-02
-2.450000000000000178e+00 3.148649824182860046e-02
-2.424999999999999822e+00 3.356679041439460803e-02
-2.400000000000000355e+00 3.578914450744049430e-02
-2.375000000000000000e+00 3.816342491770269296e-02
-2.349999999999999645e+00 4.070015281364901261e-02
-2.325000000000000178e+00 4.341053968570880023e-02
-2.299999999999999822e+00 4.630652012303078380e-02
-2.274999999999999467e+00 4.940078310964913372e-02
-2.250000000000000000e+00 5.270680096310503826e-02
-2.224999999999999645e+00 5.623885483799366536e-02
-2.200000000000000178e+00 6.001205548126752748e-02
-2.174999999999999822e+00 6.404235765118118651e-02
-2.149999999999999467e+00 6.834656629305384257e-02
-2.125000000000000000e+00 7.294233219854118211e-02
-2.099999999999999645e+00 7.784813445732878534e-02
-2.075000000000000178e+00 8.308324653873151722e-02
-2.049999999999999822e+00 8.866768231512398013e-02
-2.024999999999999467e+00 9.462211776160342480e-02
-2.000000000000000000e+00 1.009677834430887239e-01
-1.974999999999999645e+00 1.077263222427959771e-01
-1.950000000000000178e+00 1.149196061139933361e-01
-1.924999999999999822e+00 1.225695049790177932e-01
-1.899999999999999467e+00 1.306976002972763118e-01
-1.875000000000000000e+00 1.393248353347200930e-01
-1.849999999999999645e+00 1.484710938674839997e-01
-1.825000000000000178e+00 1.581546990409344877e-01
-1.799999999999999822e+00 1.683918245069704611e-01
-1.774999999999999467e+00 1.791958109290582302e-01
-1.750000000000000000e+00 1.905763826557438645e-01
-1.724999999999999645e+00 2.025387620227915852e-01
-1.700000000000000178e+00 2.150826825711328605e-01
-1.674999999999999822e+00 2.282013076822653197e-01
-1.649999999999999467e+00 2.418800679304078105e-01
-1.625000000000000000e+00 2.560954389679899745e-01
-1.599999999999999645e+00 2.708136920260723612e-01
-1.575000000000000178e+00 2.859896609835216874e-01
-1.549999999999999822e+00 3.015655830580848962e-01
-1.524999999999999467e+00 3.174700838048662987e-01
-1.500000000000000000e+00 3.336173901998104596e-01
-1.474999999999999645e+00 3.499068666458280963e-01
-1.450000000000000178e+00 3.662229758682766789e-01
-1.424999999999999822e+00 3.824357676478183365e-01
-1.399999999999999467e+00 3.984019908313095604e-01
-1.375000000000000000e+00 4.139669059142681573e-01
-1.349999999999999645e+00 4.289668451709647279e-01
-1.325000000000000178e+00 4.432325244191686053e-01
-1.299999999999999822e+00 4.565930562831318484e-01
-1.274999999999999467e+00 4.688805525250444584e-01
-1.250000000000000000e+00 4.799351380662496003e-01
-1.224999999999999645e+00 4.896101389985950680e-01
-1.200000000000000178e+00 4.977771595787821579e-01
-1.174999999999999822e+00 5.043307371618617196e-01
-1.149999999999999467e+00 5.091922658669816304e-01
-1.125000000000000000e+00 5.123129129042184315e-01
-1.099999999999999645e+00 5.136753150359314457e-01
-1.075000000000000178e+00 5.132939309996350508e-01
-1.049999999999999822e+00 5.112140291320939056e-01
-1.024999999999999467e+00 5.075093954935907536e-01
-1.000000000000000000e+00 5.022789435443577588e-01
-9.749999999999996447e-01 4.956424806525620563e-01
-9.500000000000001776e-01 4.877359318128814958e-01
-9.249999999999998224e-01 4.787063340108161369e-01
-8.999999999999994671e-01 4.687068975144798588e-01
-8.750000000000000000e-01 4.578923887391868619e-01
-8.499999999999996447e-01 4.464150313599824504e-01
-8.250000000000001776e-01 4.344210569430552171e-01
-7.999999999999998224e-01 4.220479716900850109e-01
-7.749999999999994671e-01 4.094225483187171055e-01
-7.500000000000000000e-01 3.966595057338117014e-01
-7.249999999999996447e-01 3.838608057922299754e-01
-7.000000000000001776e-01 3.711154760210753634e-01
-6.749999999999998224e-01 3.584998581374989612e-01
-6.499999999999994671e-01 3.460781823750436748e-01
-6.250000000000000000e-01 3.339033744134807247e-01
-5.999999999999996447e-01 3.220180127136201831e-01
-5.750000000000001776e-01 3.104553672015379351e-01
-5.499999999999998224e-01 2.992404639127742572e-01
-5.249999999999994671e-01 2.883911332538836580e-01
-5.000000000000000000e-01 2.779190112491907727e-01
-4.749999999999996447e-01 2.678304731436506048e-01
-4.500000000000001776e-01 2.581274869159261853e-01
-4.249999999999998224e-01 2.488083806823721544e-01
-3.999999999999994671e-01 2.398685228129349145e-01
-3.750000000000000000e-01 2.313009170578972096e-01
-3.499999999999996447e-01 2.230967173398206160e-01
-3.250000000000001776e-01 2.152456683290357997e-01
-2.999999999999998224e-01 2.077364787018058934e-01
-2.749999999999994671e-01 2.005571342561718595e-01
-2.500000000000000000e-01 1.936951579784486066e-01
-2.249999999999996447e-01 1.871378238305563546e-01
-2.000000000000001776e-01 1.808723305550937466e-01
-1.749999999999998224e-01 1.748859412391370605e-01
-1.499999999999994671e-01 1.691660937881462323e-01
-1.250000000000000000e-01 1.637004868724138695e-01
-9.999999999999964473e-02 1.584771453429299204e-01
-7.500000000000017764e-02 1.534844685855980828e-01
-4.999999999999982236e-02 1.487112648001546467e-01
-2.499999999999946709e-02 1.441467737563158213e-01
0.000000000000000000e+00 1.397806801947456268e-01
