-3.507500000000000284e+01 1.390241370589859113e-06
-3.505000000000000426e+01 1.390241370589859113e-06
-3.502500000000000568e+01 1.390241370589859113e-06
-3.500000000000000000e+01 1.390241370589859113e-06
-3.497500000000000142e+01 1.390241370589859113e-06
-3.495000000000000284e+01 1.390241370589859113e-06
-3.492500000000000426e+01 1.390241370589859113e-06
-3.490000000000000568e+01 1.390241370589859113e-06
-3.487500000000000000e+01 1.390241370589859113e-06
-3.485000000000000142e+01 1.390241370589859113e-06
-3.482500000000000284e+01 1.390241370589859113e-06
-3.480000000000000426e+01 1.390241370589859113e-06
-3.477500000000000568e+01 1.390241370589859113e-06
-3.475000000000000000e+01 1.390241370589859113e-06
-3.472500000000000142e+01 1.390241370589859113e-06
-3.470000000000000284e+01 1.390241370589859113e-06
-3.467500000000000426e+01 1.390241370589859113e-06
-3.465000000000000568e+01 1.390241370589859113e-06
-3.462500000000000000e+01 1.390241370589859113e-06
-3.460000000000000142e+01 1.390241370589859113e-06
-3.457500000000000284e+01 1.390241370589859113e-06
-3.455000000000000426e+01 1.390241370589859113e-06
-3.452500000000000568e+01 1.390241370589859113e-06
-3.450000000000000000e+01 1.390241370589859113e-06
-3.447500000000000142e+01 1.390241370589859113e-06
-3.445000000000000284e+01 1.390241370589859113e-06
-3.442500000000000426e+01 1.390241370589859113e-06
-3.440000000000000568e+01 1.390241370589859113e-06
-3.437500000000000000e+01 1.390241370589859113e-06
-3.435000000000000142e+01 1.390241370589859113e-06
-3.432500000000000284e+01 1.390241370589859113e-06
-3.430000000000000426e+01 1.390241370589859113e-06
-3.427500000000000568e+01 1.390241370589859113e-06
-3.425000000000000000e+01 1.390241370589859113e-06
-3.422500000000000142e+01 1.390241370589859113e-06
-3.420000000000000284e+01 1.390241370589859113e-06
-3.417500000000000426e+01 1.390241370589859113e-06
-3.415000000000000568e+01 1.390241370589859113e-06
-3.412500000000000000e+01 1.390241370589859113e-06
-3.410000000000000142e+01 1.390241370589859113e-06
-3.407500000000000284e+01 1.390241370589859113e-06
-3.405000000000000426e+01 1.390241370589859113e-06
-3.402500000000000568e+01 1.402381211969766791e-06
-3.400000000000000000e+01 1.415229505046985135e-06
-3.397500000000000142e+01 1.428195565220740435e-06
-3.395000000000000284e+01 1.441280471855410170e-06
-3.392500000000000426e+01 1.454485315580474215e-06
-3.390000000000000568e+01 1.467811195975303176e-06
-3.387500000000000000e+01 1.481259223266924544e-06
-3.385000000000000142e+01 1.494830518484371793e-06
-3.382500000000000284e+01 1.508526211760808106e-06
-3.380000000000000426e+01 1.522347444494306156e-06
-3.377500000000000568e+01 1.536295367958856796e-06
-3.375000000000000000e+01 1.550371144384516270e-06
-3.372500000000000142e+01 1.564575946803182485e-06
-3.370000000000000284e+01 1.578910958431217250e-06
-3.367500000000000426e+01 1.593377373595305387e-06
-3.365000000000000568e+01 1.607976397886889589e-06
-3.362500000000000000e+01 1.622709247853494245e-06
-3.360000000000000142e+01 1.637577150844149979e-06
-3.357500000000000284e+01 1.652581346089980685e-06
-3.355000000000000426e+01 1.667723083777922173e-06
-3.352500000000000568e+01 1.683003625976892353e-06
-3.350000000000000000e+01 1.698424245711611309e-06
-3.347500000000000142e+01 1.713986227579926543e-06
-3.345000000000000284e+01 1.729690868987554070e-06
-3.342500000000000426e+01 1.745539478913288828e-06
-3.340000000000000568e+01 1.761533377908938819e-06
-3.337500000000000000e+01 1.777673898716666015e-06
-3.335000000000000142e+01 1.793962386423336933e-06
-3.332500000000000284e+01 1.810400198769098229e-06
-3.330000000000000426e+01 1.826988706147318453e-06
-3.327500000000000568e+01 1.843729290061192385e-06
-3.325000000000000000e+01 1.860623346982225555e-06
-3.322500000000000142e+01 1.877672284028577493e-06
-3.320000000000000284e+01 1.894877522514948435e-06
-3.317500000000000426e+01 1.912240496872054752e-06
-3.315000000000000568e+01 1.929762653720573130e-06
-3.312500000000000000e+01 1.947445454186280450e-06
-3.310000000000000142e+01 1.965290372047791998e-06
-3.307500000000000284e+01 1.983298894662640799e-06
-3.305000000000000426e+01 2.001472522967191219e-06
-3.302500000000000568e+01 2.019812772865684059e-06
-3.300000000000000000e+01 2.038321171989031949e-06
-3.297500000000000142e+01 2.056999263861925411e-06
-3.295000000000000284e+01 2.075848605742054349e-06
-3.292500000000000426e+01 2.094870768620016574e-06
-3.290000000000000568e+01 2.114067339071423948e-06
-3.287500000000000000e+01 2.133439916787328703e-06
-3.285000000000000142e+01 2.152990116426291891e-06
-3.282500000000000284e+01 2.172719569003337430e-06
-3.280000000000000426e+01 2.192629919111828874e-06
-3.277500000000000568e+01 2.212722826466880337e-06
-3.275000000000000000e+01 2.232999966213747632e-06
-3.272500000000000142e+01 2.253463029545396189e-06
-3.270000000000000284e+01 2.274113722621904270e-06
-3.267500000000000426e+01 2.294953767187824632e-06
-3.265000000000000568e+01 2.315984900572029093e-06
-3.262500000000000000e+01 2.337208876922542389e-06
-3.260000000000000142e+01 2.358627465817281505e-06
-3.257500000000000284e+01 2.380242453807385706e-06
-3.255000000000000426e+01 2.402055643028176949e-06
-3.252500000000000568e+01 2.424068852896798136e-06
-3.250000000000000000e+01 2.446283918414385972e-06
-3.247500000000000142e+01 2.468702692789766950e-06
-3.245000000000000284e+01 2.491327045124372742e-06
-3.242500000000000426e+01 2.514158862727190130e-06
-3.240000000000000568e+01 2.537200049725674408e-06
-3.237500000000000000e+01 2.560452527682977213e-06
-3.235000000000000142e+01 2.583918235752319969e-06
-3.232500000000000284e+01 2.607599131294175549e-06
-3.230000000000000426e+01 2.631497189567615829e-06
-3.227500000000000568e+01 2.655614403421408928e-06
-3.225000000000000000e+01 2.679952784837483074e-06
-3.222500000000000142e+01 2.704514364467757551e-06
-3.220000000000000284e+01 2.729301190090707637e-06
-3.217500000000000426e+01 2.754315330006723281e-06
-3.215000000000000568e+01 2.779558870568575650e-06
-3.212500000000000000e+01 2.805033917570479165e-06
-3.210000000000000142e+01 2.830742596402220578e-06
-3.207500000000000284e+01 2.856687051431839249e-06
-3.205000000000000426e+01 2.882869446931495137e-06
-3.202500000000000568e+01 2.909291967694763120e-06
-3.200000000000000000e+01 2.935956817956199700e-06
-3.197500000000000142e+01 2.962866222625932481e-06
-3.195000000000000284e+01 2.990022426363493596e-06
-3.192500000000000426e+01 3.017427694966912237e-06
-3.190000000000000213e+01 3.045084314909474872e-06
-3.187500000000000355e+01 3.072994593648373468e-06
-3.185000000000000142e+01 3.101160860550548499e-06
-3.182500000000000284e+01 3.129585466121117319e-06
-3.180000000000000426e+01 3.158270781539988690e-06
-3.177500000000000213e+01 3.187219200514018911e-06
-3.175000000000000355e+01 3.216433138505150079e-06
-3.172500000000000142e+01 3.245915034119310337e-06
-3.170000000000000284e+01 3.275667347717378104e-06
-3.167500000000000426e+01 3.305692561260618037e-06
-3.165000000000000213e+01 3.335993181397413937e-06
-3.162500000000000355e+01 3.366571736067690268e-06
-3.160000000000000142e+01 3.397430777898289044e-06
-3.157500000000000284e+01 3.428572882042019797e-06
-3.155000000000000426e+01 3.460000648184081575e-06
-3.152500000000000213e+01 3.491716699307071120e-06
-3.150000000000000355e+01 3.523723682925806554e-06
-3.147500000000000142e+01 3.556024269543562399e-06
-3.145000000000000284e+01 3.588621156510616363e-06
-3.142500000000000426e+01 3.621517064319847724e-06
-3.140000000000000213e+01 3.654714738767546339e-06
-3.137500000000000355e+01 3.688216951107380781e-06
-3.135000000000000142e+01 3.722026498359199872e-06
-3.132500000000000284e+01 3.756146203154305599e-06
-3.130000000000000426e+01 3.790578913426876468e-06
-3.127500000000000213e+01 3.825327504111479979e-06
-3.125000000000000355e+01 3.860394875908088421e-06
-3.122500000000000142e+01 3.895783957134232880e-06
-3.120000000000000284e+01 3.931497702181353878e-06
-3.117500000000000426e+01 3.967539092903685534e-06
-3.115000000000000213e+01 4.003911138463829594e-06
-3.112500000000000355e+01 4.040616876104316055e-06
-3.110000000000000142e+01 4.077659370684386254e-06
-3.107500000000000284e+01 4.115041715297196129e-06
-3.105000000000000426e+01 4.152767032350055128e-06
-3.102500000000000213e+01 4.190838471403650239e-06
-3.100000000000000355e+01 4.229259211023687968e-06
-3.097500000000000142e+01 4.268032461095992083e-06
-3.095000000000000284e+01 4.307161458813648604e-06
-3.092500000000000426e+01 4.346649472689294149e-06
-3.090000000000000213e+01 4.386499800394600006e-06
-3.087500000000000355e+01 4.426715770148892866e-06
-3.085000000000000142e+01 4.467300741182097288e-06
-3.082500000000000284e+01 4.508258102808575482e-06
-3.080000000000000426e+01 4.549591276741843036e-06
-3.077500000000000213e+01 4.591303715242507665e-06
-3.075000000000000355e+01 4.633398902507169460e-06
-3.072500000000000142e+01 4.675880354976758669e-06
-3.070000000000000284e+01 4.718751620873399262e-06
-3.067500000000000426e+01 4.762016282206642880e-06
-3.065000000000000213e+01 4.805677953384221307e-06
-3.062500000000000355e+01 4.849740281983510524e-06
-3.060000000000000142e+01 4.894206949368713640e-06
-3.057500000000000284e+01 4.939081670073420461e-06
-3.055000000000000426e+01 4.984368194115192785e-06
-3.052500000000000213e+01 5.030070304834939203e-06
-3.050000000000000355e+01 5.076191820748554534e-06
-3.047500000000000142e+01 5.122736595855503245e-06
-3.045000000000000284e+01 5.169708519484203753e-06
-3.042500000000000426e+01 5.217111517217775293e-06
-3.040000000000000213e+01 5.264949548887731120e-06
-3.037500000000000355e+01 5.313226613666422746e-06
-3.035000000000000142e+01 5.361946745591470314e-06
-3.032500000000000284e+01 5.411114016034643411e-06
-3.030000000000000426e+01 5.460732534164761186e-06
-3.027500000000000213e+01 5.510806447873481571e-06
-3.025000000000000355e+01 5.561339941614328809e-06
-3.022500000000000142e+01 5.612337239026147607e-06
-3.020000000000000284e+01 5.663802602932965925e-06
-3.017500000000000426e+01 5.715740334880601877e-06
-3.015000000000000213e+01 5.768154776371121085e-06
-3.012500000000000355e+01 5.821050309325747806e-06
-3.010000000000000142e+01 5.874431355158404008e-06
-3.007500000000000284e+01 5.928302376936274429e-06
-3.005000000000000426e+01 5.982667877527440386e-06
-3.002500000000000213e+01 6.037532402378704001e-06
-3.000000000000000355e+01 6.092900538897895347e-06
-2.997500000000000142e+01 6.148776916299443103e-06
-2.995000000000000284e+01 6.205166206221224596e-06
-2.992500000000000426e+01 6.262073123650401617e-06
-2.990000000000000213e+01 6.319502426460179793e-06
-2.987500000000000355e+01 6.377458917261441247e-06
-2.985000000000000142e+01 6.435947442785055137e-06
-2.982500000000000284e+01 6.494972893881883585e-06
-2.980000000000000426e+01 6.554540206756721488e-06
-2.977500000000000213e+01 6.614654362659742742e-06
-2.975000000000000355e+01 6.675320389429276737e-06
-2.972500000000000142e+01 6.736543361028449996e-06
-2.970000000000000284e+01 6.798328398316808621e-06
-2.967500000000000426e+01 6.860680668741069955e-06
-2.965000000000000213e+01 6.923605387261006676e-06
-2.962500000000000355e+01 6.987107817737888800e-06
-2.960000000000000142e+01 7.051193272625635987e-06
-2.957500000000000284e+01 7.115867112198835953e-06
-2.955000000000000426e+01 7.181134746867299262e-06
-2.952500000000000213e+01 7.247001637484421674e-06
-2.950000000000000355e+01 7.313473294112259234e-06
-2.947500000000000142e+01 7.380555278027259094e-06
-2.945000000000000284e+01 7.448253201411549036e-06
-2.942500000000000426e+01 7.516572729049851092e-06
-2.940000000000000213e+01 7.585519577557909917e-06
-2.937500000000000355e+01 7.655099515690325736e-06
-2.935000000000000142e+01 7.725318366192452968e-06
-2.932500000000000284e+01 7.796182005182598963e-06
-2.930000000000000426e+01 7.867696363231920702e-06
-2.927500000000000213e+01 7.939867424129450760e-06
-2.925000000000000355e+01 8.012701228894185754e-06
-2.922500000000000142e+01 8.086203872842527833e-06
-2.920000000000000284e+01 8.160381508211449159e-06
-2.917500000000000426e+01 8.235240343695056459e-06
-2.915000000000000213e+01 8.310786645215772174e-06
-2.912500000000000355e+01 8.387026736078469045e-06
-2.910000000000000142e+01 8.463966998821587776e-06
-2.907500000000000284e+01 8.541613874136841372e-06
-2.905000000000000426e+01 8.619973862411753622e-06
-2.902500000000000213e+01 8.699053524037980782e-06
-2.900000000000000355e+01 8.778859479410825378e-06
-2.897500000000000142e+01 8.859398410935132200e-06
-2.895000000000000284e+01 8.940677061635744302e-06
-2.892500000000000426e+01 9.022702237009083147e-06
-2.890000000000000213e+01 9.105480805639795365e-06
-2.887500000000000355e+01 9.189019699200512198e-06
-2.885000000000000142e+01 9.273325913068577574e-06
-2.882500000000000284e+01 9.358406508177318241e-06
-2.880000000000000426e+01 9.444268609472541358e-06
-2.877500000000000213e+01 9.530919407763708068e-06
-2.875000000000000355e+01 9.618366161266798925e-06
-2.872500000000000142e+01 9.706616193751940933e-06
-2.870000000000000284e+01 9.795676897629172286e-06
-2.867500000000000426e+01 9.885555732713615718e-06
-2.865000000000000213e+01 9.976260227922176973e-06
-2.862500000000000355e+01 1.006779798266216893e-05
-2.860000000000000142e+01 1.016017666451576915e-05
-2.857500000000000284e+01 1.025340401294332926e-05
-2.855000000000000426e+01 1.034748783897405376e-05
-2.852500000000000213e+01 1.044243602582285004e-05
-2.850000000000000355e+01 1.053825652888945938e-05
-2.847500000000000142e+01 1.063495737714719453e-05
-2.845000000000000284e+01 1.073254667406795391e-05
-2.842500000000000426e+01 1.083103259685014771e-05
-2.840000000000000213e+01 1.093042339965875812e-05
-2.837500000000000355e+01 1.103072741223590039e-05
-2.835000000000000142e+01 1.113195304082618091e-05
-2.832500000000000284e+01 1.123410876956475211e-05
-2.830000000000000426e+01 1.133720316063113535e-05
-2.827500000000000213e+01 1.144124485563746388e-05
-2.825000000000000355e+01 1.154624257624500931e-05
-2.822500000000000142e+01 1.165220512416361750e-05
-2.820000000000000284e+01 1.175914138238555603e-05
-2.817500000000000426e+01 1.186706031595633619e-05
-2.815000000000000213e+01 1.197597097290006095e-05
-2.812500000000000355e+01 1.208588248437292084e-05
-2.810000000000000142e+01 1.219680406666884600e-05
-2.807500000000000284e+01 1.230874502044682241e-05
-2.805000000000000426e+01 1.242171473242801727e-05
-2.802500000000000213e+01 1.253572267662938253e-05
-2.800000000000000355e+01 1.265077841328276798e-05
-2.797500000000000142e+01 1.276689159192045736e-05
-2.795000000000000284e+01 1.288407195091141435e-05
-2.792500000000000426e+01 1.300232931884946124e-05
-2.790000000000000213e+01 1.312167361486106689e-05
-2.787500000000000355e+01 1.324211484999342035e-05
-2.785000000000000142e+01 1.336366312752216132e-05
-2.782500000000000284e+01 1.348632864387647897e-05
-2.780000000000000426e+01 1.361012169033593586e-05
-2.777500000000000213e+01 1.373505265179479757e-05
-2.775000000000000355e+01 1.386113201139086962e-05
-2.772500000000000142e+01 1.398837034741829778e-05
-2.770000000000000284e+01 1.411677833625845290e-05
-2.767500000000000426e+01 1.424636675345962515e-05
-2.765000000000000213e+01 1.437714647389007607e-05
-2.762500000000000355e+01 1.450912847235468708e-05
-2.760000000000000142e+01 1.464232382606268659e-05
-2.757500000000000284e+01 1.477674371385551850e-05
-2.755000000000000426e+01 1.491239941836606810e-05
-2.752500000000000213e+01 1.504930232648068297e-05
-2.750000000000000355e+01 1.518746393026416680e-05
-2.747500000000000142e+01 1.532689582726722022e-05
-2.745000000000000284e+01 1.546760972392048145e-05
-2.742500000000000426e+01 1.560961743321875520e-05
-2.740000000000000213e+01 1.575293087842350543e-05
-2.737500000000000355e+01 1.589756209275316155e-05
-2.735000000000000142e+01 1.604352322092521976e-05
-2.732500000000000284e+01 1.619082651915506062e-05
-2.730000000000000426e+01 1.633948435854998973e-05
-2.727500000000000213e+01 1.648950922248438770e-05
-2.725000000000000355e+01 1.664091371138262391e-05
-2.722500000000000142e+01 1.679371054179191805e-05
-2.720000000000000284e+01 1.694791254792443467e-05
-2.717500000000000426e+01 1.710353268227311348e-05
-2.715000000000000213e+01 1.726058401823386983e-05
-2.712500000000000355e+01 1.741907974840716834e-05
-2.710000000000000142e+01 1.757903318953441232e-05
-2.707500000000000284e+01 1.774045777987373742e-05
-2.705000000000000426e+01 1.790336708228475320e-05
-2.702500000000000213e+01 1.806777478638770800e-05
-2.700000000000000000e+01 1.823369470671058745e-05
-2.697500000000000142e+01 1.840114078700817951e-05
-2.695000000000000284e+01 1.857012709933536621e-05
-2.692500000000000426e+01 1.874066784620554655e-05
-2.690000000000000213e+01 1.891277736151572187e-05
-2.687500000000000000e+01 1.908647011177912189e-05
-2.685000000000000142e+01 1.926176069689553374e-05
-2.682500000000000284e+01 1.943866385354489542e-05
-2.680000000000000426e+01 1.961719445287087076e-05
-2.677500000000000213e+01 1.979736750526298736e-05
-2.675000000000000000e+01 1.997919815881253960e-05
-2.672500000000000142e+01 2.016270170270532150e-05
-2.670000000000000284e+01 2.034789356706609450e-05
-2.667500000000000426e+01 2.053478932573448050e-05
-2.665000000000000213e+01 2.072340469610928055e-05
-2.662500000000000000e+01 2.091375554115259549e-05
-2.660000000000000142e+01 2.110585787093156480e-05
-2.657500000000000284e+01 2.129972784354257443e-05
-2.655000000000000426e+01 2.149538176680672200e-05
-2.652500000000000213e+01 2.169283609981156243e-05
-2.650000000000000000e+01 2.189210745368064416e-05
-2.647500000000000142e+01 2.209321259450405684e-05
-2.645000000000000284e+01 2.229616844194726093e-05
-2.642500000000000426e+01 2.250099207357068141e-05
-2.640000000000000213e+01 2.270770072559879666e-05
-2.637500000000000000e+01 2.291631179291875957e-05
-2.635000000000000142e+01 2.312684283201014212e-05
-2.632500000000000284e+01 2.333931156125172401e-05
-2.630000000000000426e+01 2.355373586462308080e-05
-2.627500000000000213e+01 2.377013379123967806e-05
-2.625000000000000000e+01 2.398852355673942701e-05
-2.622500000000000142e+01 2.420892354729306702e-05
-2.620000000000000284e+01 2.443135231805898105e-05
-2.617500000000000426e+01 2.465582859595844825e-05
-2.615000000000000213e+01 2.488237128322277739e-05
-2.612500000000000000e+01 2.511099945523115703e-05
-2.610000000000000142e+01 2.534173236590883031e-05
-2.607500000000000284e+01 2.557458944633627372e-05
-2.605000000000000426e+01 2.580959030875939317e-05
-2.602500000000000213e+01 2.604675474689524878e-05
-2.600000000000000000e+01 2.628610273839937367e-05
-2.597500000000000142e+01 2.652765444532582134e-05
-2.595000000000000284e+01 2.677143021767425501e-05
-2.592500000000000426e+01 2.701745059307887647e-05
-2.590000000000000213e+01 2.726573630112659328e-05
-2.587500000000000000e+01 2.751630826273735318e-05
-2.585000000000000142e+01 2.776918759278508764e-05
-2.582500000000000284e+01 2.802439560225511835e-05
-2.580000000000000426e+01 2.828195380024804061e-05
-2.577500000000000213e+01 2.854188389490278939e-05
-2.575000000000000000e+01 2.880420779617134987e-05
-2.572500000000000142e+01 2.906894761658811063e-05
-2.570000000000000284e+01 2.933612567497015085e-05
-2.567500000000000426e+01 2.960576449595178552e-05
-2.565000000000000213e+01 2.987788681476509064e-05
-2.562500000000000000e+01 3.015251557646600312e-05
-2.560000000000000142e+01 3.042967393963448932e-05
-2.557500000000000284e+01 3.070938527791451872e-05
-2.555000000000000426e+01 3.099167318124635117e-05
-2.552500000000000213e+01 3.127656145941179667e-05
-2.550000000000000000e+01 3.156407414234030259e-05
-2.547500000000000142e+01 3.185423548442638903e-05
-2.545000000000000284e+01 3.214706996390927511e-05
-2.542500000000000426e+01 3.244260228719014489e-05
-2.540000000000000213e+01 3.274085738975544721e-05
-2.537500000000000000e+01 3.304186043910468197e-05
-2.535000000000000142e+01 3.334563683567326627e-05
-2.532500000000000284e+01 3.365221221653290964e-05
-2.530000000000000426e+01 3.396161245662210896e-05
-2.527500000000000213e+01 3.427386367182947715e-05
-2.525000000000000000e+01 3.458899221960696791e-05
-2.522500000000000142e+01 3.490702470359565817e-05
-2.520000000000000284e+01 3.522798797331387058e-05
-2.517500000000000426e+01 3.555190912893677031e-05
-2.515000000000000213e+01 3.587881552160133086e-05
-2.512500000000000000e+01 3.620873475726040847e-05
-2.510000000000000142e+01 3.654169469775896866e-05
-2.507500000000000284e+01 3.687772346499656193e-05
-2.505000000000000426e+01 3.721684944123205240e-05
-2.502500000000000213e+01 3.755910127324612740e-05
-2.500000000000000000e+01 3.790450787403426563e-05
-2.497500000000000142e+01 3.825309842511761247e-05
-2.495000000000000284e+01 3.860490238008786024e-05
-2.492500000000000426e+01 3.895994946522019517e-05
-2.490000000000000213e+01 3.931826968456130910e-05
-2.487500000000000000e+01 3.967989332007914813e-05
-2.485000000000000142e+01 4.004485093613397264e-05
-2.482500000000000284e+01 4.041317338132490269e-05
-2.480000000000000426e+01 4.078489179126342911e-05
-2.477500000000000213e+01 4.116003759042072464e-05
-2.475000000000000000e+01 4.153864249659745708e-05
-2.472500000000000142e+01 4.192073852184509690e-05
-2.470000000000000284e+01 4.230635797755319708e-05
-2.467500000000000426e+01 4.269553347475359319e-05
-2.465000000000000213e+01 4.308829792750998522e-05
-2.462500000000000000e+01 4.348468455707909207e-05
-2.460000000000000142e+01 4.388472689406623510e-05
-2.457500000000000284e+01 4.428845878042629428e-05
-2.455000000000000426e+01 4.469591437362439504e-05
-2.452500000000000213e+01 4.510712814909976441e-05
-2.450000000000000000e+01 4.552213490380989310e-05
-2.447500000000000142e+01 4.594096975745898400e-05
-2.445000000000000284e+01 4.636366815851055117e-05
-2.442500000000000426e+01 4.679026588387391600e-05
-2.440000000000000213e+01 4.722079904476135195e-05
-2.437500000000000000e+01 4.765530408838023277e-05
-2.435000000000000142e+01 4.809381780147632039e-05
-2.432500000000000284e+01 4.853637731403091468e-05
-2.430000000000000426e+01 4.898302010033593471e-05
-2.427500000000000213e+01 4.943378398623880169e-05
-2.425000000000000000e+01 4.988870714852057444e-05
-2.422500000000000142e+01 5.034782811936396008e-05
-2.420000000000000284e+01 5.081118579174774167e-05
-2.417500000000000426e+01 5.127881941974907405e-05
-2.415000000000000213e+01 5.175076862332079032e-05
-2.412500000000000000e+01 5.222707339337627621e-05
-2.410000000000000142e+01 5.270777409162944176e-05
-2.407500000000000284e+01 5.319291145691414958e-05
-2.405000000000000426e+01 5.368252660857155382e-05
-2.402500000000000213e+01 5.417666104891283150e-05
-2.400000000000000000e+01 5.467535666691537681e-05
-2.397500000000000142e+01 5.517865574315312916e-05
-2.395000000000000284e+01 5.568660095148718320e-05
-2.392500000000000426e+01 5.619923536445877306e-05
-2.390000000000000213e+01 5.671660245605964602e-05
-2.387500000000000000e+01 5.723874610774203238e-05
-2.385000000000000142e+01 5.776571060779449736e-05
-2.382500000000000284e+01 5.829754065920333516e-05
-2.380000000000000426e+01 5.883428138165073331e-05
-2.377500000000000213e+01 5.937597831675306149e-05
-2.375000000000000000e+01 5.992267743067665844e-05
-2.372500000000000142e+01 6.047442511829517802e-05
-2.370000000000000284e+01 6.103126820811937520e-05
-2.367500000000000426e+01 6.159325396614636261e-05
-2.365000000000000213e+01 6.216043009893739617e-05
-2.362500000000000000e+01 6.273284475885517473e-05
-2.360000000000000142e+01 6.331054654930147842e-05
-2.357500000000000284e+01 6.389358452563495940e-05
-2.355000000000000426e+01 6.448200820256766387e-05
-2.352500000000000213e+01 6.507586755662569673e-05
-2.350000000000000000e+01 6.567521303231139301e-05
-2.347500000000000142e+01 6.628009554487207208e-05
-2.345000000000000284e+01 6.689056648569108386e-05
-2.342500000000000426e+01 6.750667772551822987e-05
-2.340000000000000213e+01 6.812848162094110849e-05
-2.337500000000000000e+01 6.875603101746121336e-05
-2.335000000000000142e+01 6.938937925442186265e-05
-2.332500000000000284e+01 7.002858017039824239e-05
-2.330000000000000426e+01 7.067368810719912894e-05
-2.327500000000000213e+01 7.132475791417766328e-05
-2.325000000000000000e+01 7.198184495439161155e-05
-2.322500000000000142e+01 7.264500510845161869e-05
-2.320000000000000284e+01 7.331429477929252473e-05
-2.317500000000000426e+01 7.398977089802687742e-05
-2.315000000000000213e+01 7.467149092809910709e-05
-2.312500000000000000e+01 7.535951287036712801e-05
-2.310000000000000142e+01 7.605389526941613550e-05
-2.307500000000000284e+01 7.675469721586300996e-05
-2.305000000000000426e+01 7.746197835529232466e-05
-2.302500000000000213e+01 7.817579889102313484e-05
-2.300000000000000000e+01 7.889621958965171739e-05
-2.297500000000000142e+01 7.962330178674772508e-05
-2.295000000000000284e+01 8.035710739208878244e-05
-2.292500000000000426e+01 8.109769889535631477e-05
-2.290000000000000213e+01 8.184513937137015752e-05
-2.287500000000000000e+01 8.259949248547480494e-05
-2.285000000000000142e+01 8.336082250016220484e-05
-2.282500000000000284e+01 8.412919427922436132e-05
-2.280000000000000426e+01 8.490467329437466587e-05
-2.277500000000000213e+01 8.568732563032659848e-05
-2.275000000000000000e+01 8.647721799295686202e-05
-2.272500000000000142e+01 8.727441771052735935e-05
-2.270000000000000284e+01 8.807899274385342411e-05
-2.267500000000000426e+01 8.889101169122716917e-05
-2.265000000000000213e+01 8.971054379334159415e-05
-2.262500000000000000e+01 9.053765893990935502e-05
-2.260000000000000142e+01 9.137242767643788930e-05
-2.257500000000000284e+01 9.221492121054027232e-05
-2.255000000000000426e+01 9.306521141639389019e-05
-2.252500000000000213e+01 9.392337084398377832e-05
-2.250000000000000000e+01 9.478947272278973556e-05
-2.247500000000000142e+01 9.566359096963876680e-05
-2.245000000000000284e+01 9.654580019393658888e-05
-2.242500000000000426e+01 9.743617570721584673e-05
-2.240000000000000213e+01 9.833479352682393223e-05
-2.237500000000000000e+01 9.924173038346641564e-05
-2.235000000000000142e+01 1.001570637289042305e-04
-2.232500000000000284e+01 1.010808717410292715e-04
-2.230000000000000426e+01 1.020132333326406851e-04
-2.227500000000000213e+01 1.029542281572910241e-04
-2.225000000000000000e+01 1.039039366172915622e-04
-2.222500000000000142e+01 1.048624398684774303e-04
-2.220000000000000284e+01 1.058298198303720392e-04
-2.217500000000000426e+01 1.068061591929574344e-04
-2.215000000000000213e+01 1.077915414212854346e-04
-2.212500000000000000e+01 1.087860507662574342e-04
-2.210000000000000142e+01 1.097897722703147972e-04
-2.207500000000000284e+01 1.108027917745164215e-04
-2.205000000000000426e+01 1.118251959277762487e-04
-2.202500000000000213e+01 1.128570721939413298e-04
-2.200000000000000000e+01 1.138985088582504171e-04
-2.197500000000000142e+01 1.149495950367265161e-04
-2.195000000000000284e+01 1.160104206838690291e-04
-2.192500000000000426e+01 1.170810765995766294e-04
-2.190000000000000213e+01 1.181616544394632019e-04
-2.187500000000000000e+01 1.192522467205439543e-04
-2.185000000000000142e+01 1.203529468300092690e-04
-2.182500000000000284e+01 1.214638490347673091e-04
-2.180000000000000426e+01 1.225850484891357814e-04
-2.177500000000000213e+01 1.237166412426885659e-04
-2.175000000000000000e+01 1.248587242493348647e-04
-2.172500000000000142e+01 1.260113953760901679e-04
-2.170000000000000284e+01 1.271747534123100504e-04
-2.167500000000000426e+01 1.283488980764548894e-04
-2.165000000000000213e+01 1.295339300271729850e-04
-2.162500000000000000e+01 1.307299508716088020e-04
-2.160000000000000142e+01 1.319370631740165761e-04
-2.157500000000000284e+01 1.331553704656098305e-04
-2.155000000000000426e+01 1.343849772525593993e-04
-2.152500000000000213e+01 1.356259890263028349e-04
-2.150000000000000000e+01 1.368785122741648463e-04
-2.147500000000000142e+01 1.381426544861186277e-04
-2.145000000000000284e+01 1.394185241654046154e-04
-2.142500000000000426e+01 1.407062308399204930e-04
-2.140000000000000213e+01 1.420058850705233609e-04
-2.137500000000000000e+01 1.433175984596432074e-04
-2.135000000000000142e+01 1.446414836649842430e-04
-2.132500000000000284e+01 1.459776544053599404e-04
-2.130000000000000426e+01 1.473262254745479191e-04
-2.127500000000000213e+01 1.486873127482042005e-04
-2.125000000000000000e+01 1.500610331967925900e-04
-2.122500000000000142e+01 1.514475048951187169e-04
-2.120000000000000284e+01 1.528468470337176544e-04
-2.117500000000000426e+01 1.542591799276157090e-04
-2.115000000000000213e+01 1.556846250287959813e-04
-2.112500000000000000e+01 1.571233049366572304e-04
-2.110000000000000142e+01 1.585753434097065878e-04
-2.107500000000000284e+01 1.600408653741672012e-04
-2.105000000000000426e+01 1.615199969390630915e-04
-2.102500000000000213e+01 1.630128654045175009e-04
-2.100000000000000000e+01 1.645195992739065553e-04
-2.097500000000000142e+01 1.660403282666297019e-04
-2.095000000000000284e+01 1.675751833274860254e-04
-2.092500000000000426e+01 1.691242966408318415e-04
-2.090000000000000213e+01 1.706878016413443573e-04
-2.087500000000000000e+01 1.722658330258647645e-04
-2.085000000000000142e+01 1.738585267660121183e-04
-2.082500000000000284e+01 1.754660201203338016e-04
-2.080000000000000426e+01 1.770884516467640106e-04
-2.077500000000000213e+01 1.787259612140023484e-04
-2.075000000000000000e+01 1.803786900169012286e-04
-2.072500000000000142e+01 1.820467805853767434e-04
-2.070000000000000284e+01 1.837303768007202685e-04
-2.067500000000000426e+01 1.854296239062036404e-04
-2.065000000000000213e+01 1.871446685229285123e-04
-2.062500000000000000e+01 1.888756586590423160e-04
-2.060000000000000142e+01 1.906227437266648267e-04
-2.057500000000000284e+01 1.923860745544978944e-04
-2.055000000000000426e+01 1.941658034007401898e-04
-2.052500000000000213e+01 1.959620839675457445e-04
-2.050000000000000000e+01 1.977750714130138720e-04
-2.047500000000000142e+01 1.996049223695015322e-04
-2.045000000000000284e+01 2.014517949542234674e-04
-2.042500000000000426e+01 2.033158487843258653e-04
-2.040000000000000213e+01 2.051972449921116474e-04
-2.037500000000000000e+01 2.070961462381074904e-04
-2.035000000000000142e+01 2.090127167287561354e-04
-2.032500000000000284e+01 2.109471222285569316e-04
-2.030000000000000426e+01 2.128995300759065176e-04
-2.027500000000000213e+01 2.148701091986293676e-04
-2.025000000000000000e+01 2.168590301295112365e-04
-2.022500000000000142e+01 2.188664650215189195e-04
-2.020000000000000284e+01 2.208925876634855944e-04
-2.017500000000000426e+01 2.229375734954853236e-04
-2.015000000000000213e+01 2.250015996259043048e-04
-2.012500000000000000e+01 2.270848448455800605e-04
-2.010000000000000142e+01 2.291874896478019049e-04
-2.007500000000000284e+01 2.313097162405981257e-04
-2.005000000000000426e+01 2.334517085656552581e-04
-2.002500000000000213e+01 2.356136523155393620e-04
-2.000000000000000000e+01 2.377957349484501168e-04
-1.997500000000000142e+01 2.399981457077535359e-04
-1.995000000000000284e+01 2.422210756375051404e-04
-1.992500000000000426e+01 2.444647176005947326e-04
-1.990000000000000213e+01 2.467292662973515766e-04
-1.987500000000000000e+01 2.490149182816831538e-04
-1.985000000000000142e+01 2.513218719801410756e-04
-1.982500000000000284e+01 2.536503277097552867e-04
-1.980000000000000426e+01 2.560004876964812781e-04
-1.977500000000000213e+01 2.583725560934953475e-04
-1.975000000000000000e+01 2.607667390002576385e-04
-1.972500000000000142e+01 2.631832444821922534e-04
-1.970000000000000284e+01 2.656222825872834063e-04
-1.967500000000000426e+01 2.680840653676037216e-04
-1.965000000000000213e+01 2.705688068986834512e-04
-1.962500000000000000e+01 2.730767232991867925e-04
-1.960000000000000142e+01 2.756080327492017282e-04
-1.957500000000000284e+01 2.781629555119188120e-04
-1.955000000000000426e+01 2.807417139534588947e-04
-1.952500000000000213e+01 2.833445325636281152e-04
-1.950000000000000000e+01 2.859716379755886887e-04
-1.947500000000000142e+01 2.886232589886152263e-04
-1.945000000000000284e+01 2.912996265866869047e-04
-1.942500000000000426e+01 2.940009739623198021e-04
-1.940000000000000213e+01 2.967275365368530799e-04
-1.937500000000000000e+01 2.994795519818139453e-04
-1.935000000000000142e+01 3.022572602422844853e-04
-1.932500000000000284e+01 3.050609035571859502e-04
-1.930000000000000426e+01 3.078907264840316320e-04
-1.927500000000000213e+01 3.107469759184375161e-04
-1.925000000000000000e+01 3.136299011213410678e-04
-1.922500000000000142e+01 3.165397537365055147e-04
-1.920000000000000284e+01 3.194767878197410458e-04
-1.917500000000000426e+01 3.224412598584102600e-04
-1.915000000000000213e+01 3.254334287960232918e-04
-1.912500000000000000e+01 3.284535560574461084e-04
-1.910000000000000142e+01 3.315019055724136563e-04
-1.907500000000000284e+01 3.345787437995025471e-04
-1.905000000000000071e+01 3.376843397534966458e-04
-1.902500000000000213e+01 3.408189650255041164e-04
-1.900000000000000355e+01 3.439828938134034458e-04
-1.897500000000000142e+01 3.471764029439621435e-04
-1.895000000000000284e+01 3.503997719006617605e-04
-1.892500000000000071e+01 3.536532828487416041e-04
-1.890000000000000213e+01 3.569372206617880917e-04
-1.887500000000000355e+01 3.602518729477042657e-04
-1.885000000000000142e+01 3.635975300766800412e-04
-1.882500000000000284e+01 3.669744852071619924e-04
-1.880000000000000071e+01 3.703830343142846572e-04
-1.877500000000000213e+01 3.738234762178400798e-04
-1.875000000000000355e+01 3.772961126080865931e-04
-1.872500000000000142e+01 3.808012480760285799e-04
-1.870000000000000284e+01 3.843391901415363398e-04
-1.867500000000000071e+01 3.879102492822340603e-04
-1.865000000000000213e+01 3.915147389619264592e-04
-1.862500000000000355e+01 3.951529756602559966e-04
-1.860000000000000142e+01 3.988252789034385970e-04
-1.857500000000000284e+01 4.025319712928376349e-04
-1.855000000000000071e+01 4.062733785364706332e-04
-1.852500000000000213e+01 4.100498294780422458e-04
-1.850000000000000355e+01 4.138616561302975688e-04
-1.847500000000000142e+01 4.177091937034364236e-04
-1.845000000000000284e+01 4.215927806395416543e-04
-1.842500000000000071e+01 4.255127586429979379e-04
-1.840000000000000213e+01 4.294694727121395913e-04
-1.837500000000000355e+01 4.334632711725971066e-04
-1.835000000000000142e+01 4.374945057109450941e-04
-1.832500000000000284e+01 4.415635314060427732e-04
-1.830000000000000071e+01 4.456707067642211024e-04
-1.827500000000000213e+01 4.498163937526235149e-04
-1.825000000000000355e+01 4.540009578334651343e-04
-1.822500000000000142e+01 4.582247679992208821e-04
-1.820000000000000284e+01 4.624881968054949635e-04
-1.817500000000000071e+01 4.667916204092865907e-04
-1.815000000000000213e+01 4.711354186030935619e-04
-1.812500000000000355e+01 4.755199748508595267e-04
-1.810000000000000142e+01 4.799456763242327425e-04
-1.807500000000000284e+01 4.844129139405162405e-04
-1.805000000000000071e+01 4.889220823992303754e-04
-1.802500000000000213e+01 4.934735802189805240e-04
-1.800000000000000355e+01 4.980678097764824550e-04
-1.797500000000000142e+01 5.027051773441998644e-04
-1.795000000000000284e+01 5.073860931293639994e-04
-1.792500000000000071e+01 5.121109713136124146e-04
-1.790000000000000213e+01 5.168802300913893531e-04
-1.787500000000000355e+01 5.216942917106597065e-04
-1.785000000000000142e+01 5.265535825128473367e-04
-1.782500000000000284e+01 5.314585329744706075e-04
-1.780000000000000071e+01 5.364095777469239310e-04
-1.777500000000000213e+01 5.414071556999572018e-04
-1.775000000000000355e+01 5.464517099620729533e-04
-1.772500000000000142e+01 5.515436879633842191e-04
-1.770000000000000284e+01 5.566835414793998207e-04
-1.767500000000000071e+01 5.618717266732624989e-04
-1.765000000000000213e+01 5.671087041410697574e-04
-1.762500000000000355e+01 5.723949389534936736e-04
-1.760000000000000142e+01 5.777309007037190062e-04
-1.757500000000000284e+01 5.831170635510615156e-04
-1.755000000000000071e+01 5.885539062661280206e-04
-1.752500000000000213e+01 5.940419122782842872e-04
-1.750000000000000355e+01 5.995815697209660056e-04
-1.747500000000000142e+01 6.051733714803761649e-04
-1.745000000000000284e+01 6.108178152410991728e-04
-1.742500000000000071e+01 6.165154035355659536e-04
-1.740000000000000213e+01 6.222666437930541401e-04
-1.737500000000000355e+01 6.280720483877622485e-04
-1.735000000000000142e+01 6.339321346882691383e-04
-1.732500000000000284e+01 6.398474251088398686e-04
-1.730000000000000071e+01 6.458184471590354284e-04
-1.727500000000000213e+01 6.518457334962473194e-04
-1.725000000000000355e+01 6.579298219753032745e-04
-1.722500000000000142e+01 6.640712557030014349e-04
-1.720000000000000284e+01 6.702705830898695108e-04
-1.717500000000000071e+01 6.765283579034615585e-04
-1.715000000000000213e+01 6.828451393222714511e-04
-1.712500000000000355e+01 6.892214919905643436e-04
-1.710000000000000142e+01 6.956579860732127994e-04
-1.707500000000000284e+01 7.021551973112937026e-04
-1.705000000000000071e+01 7.087137070801551985e-04
-1.702500000000000213e+01 7.153341024425478043e-04
-1.700000000000000355e+01 7.220169762094550900e-04
-1.697500000000000142e+01 7.287629269964580967e-04
-1.695000000000000284e+01 7.355725592824084551e-04
-1.692500000000000071e+01 7.424464834699439969e-04
-1.690000000000000213e+01 7.493853159436976181e-04
-1.687500000000000355e+01 7.563896791328117257e-04
-1.685000000000000142e+01 7.634602015697564224e-04
-1.682500000000000284e+01 7.705975179539219753e-04
-1.680000000000000071e+01 7.778022692128959718e-04
-1.677500000000000213e+01 7.850751025680535386e-04
-1.675000000000000355e+01 7.924166715944438999e-04
-1.672500000000000142e+01 7.998276362886885382e-04
-1.670000000000000284e+01 8.073086631320973731e-04
-1.667500000000000071e+01 8.148604251582547810e-04
-1.665000000000000213e+01 8.224836020181346087e-04
-1.662500000000000355e+01 8.301788800476792539e-04
-1.660000000000000142e+01 8.379469523361492882e-04
-1.657500000000000284e+01 8.457885187941581191e-04
-1.655000000000000071e+01 8.537042862249439711e-04
-1.652500000000000213e+01 8.616949683920916477e-04
-1.650000000000000355e+01 8.697612860917263008e-04
-1.647500000000000142e+01 8.779039672245432697e-04
-1.645000000000000284e+01 8.861237468672250204e-04
-1.642500000000000071e+01 8.944213673467784915e-04
-1.640000000000000213e+01 9.027975783133359092e-04
-1.637500000000000355e+01 9.112531368164892339e-04
-1.635000000000000142e+01 9.197888073788533861e-04
-1.632500000000000284e+01 9.284053620750178483e-04
-1.630000000000000071e+01 9.371035806064932248e-04
-1.627500000000000213e+01 9.458842503806552541e-04
-1.625000000000000355e+01 9.547481665903086601e-04
-1.622500000000000142e+01 9.636961322918574787e-04
-1.620000000000000284e+01 9.727289584882508602e-04
-1.617500000000000071e+01 9.818474642079237213e-04
-1.615000000000000213e+01 9.910524765883495929e-04
-1.612500000000000355e+01 1.000344830959907019e-03
-1.610000000000000142e+01 1.009725370928658177e-03
-1.607500000000000284e+01 1.019194948462982375e-03
-1.605000000000000071e+01 1.028754423976969198e-03
-1.602500000000000213e+01 1.038404666420894747e-03
-1.600000000000000355e+01 1.048146553365689876e-03
-1.597500000000000142e+01 1.057980971093874399e-03
-1.595000000000000284e+01 1.067908814688640125e-03
-1.592500000000000071e+01 1.077930988123704985e-03
-1.590000000000000213e+01 1.088048404356548775e-03
-1.587500000000000000e+01 1.098261985419648774e-03
-1.585000000000000142e+01 1.108572662516021370e-03
-1.582500000000000284e+01 1.118981376111686729e-03
-1.580000000000000071e+01 1.129489076033206654e-03
-1.577500000000000213e+01 1.140096721563382560e-03
-1.575000000000000000e+01 1.150805281540017398e-03
-1.572500000000000142e+01 1.161615734453919947e-03
-1.570000000000000284e+01 1.172529068549206738e-03
-1.567500000000000071e+01 1.183546281924223497e-03
-1.565000000000000213e+01 1.194668382635081681e-03
-1.562500000000000000e+01 1.205896388797803986e-03
-1.560000000000000142e+01 1.217231328690472885e-03
-1.557500000000000284e+01 1.228674240863998146e-03
-1.555000000000000071e+01 1.240226174244720521e-03
-1.552500000000000213e+01 1.251888188244098307e-03
-1.550000000000000000e+01 1.263661352866698442e-03
-1.547500000000000142e+01 1.275546748821266511e-03
-1.545000000000000284e+01 1.287545467632097507e-03
-1.542500000000000071e+01 1.299658611751955493e-03
-1.540000000000000213e+01 1.311887294675135067e-03
-1.537500000000000000e+01 1.324232641053760045e-03
-1.535000000000000142e+01 1.336695786813465016e-03
-1.532500000000000284e+01 1.349277879272460035e-03
-1.530000000000000071e+01 1.361980077258597138e-03
-1.527500000000000213e+01 1.374803551231665527e-03
-1.525000000000000000e+01 1.387749483403069714e-03
-1.522500000000000142e+01 1.400819067861822044e-03
-1.520000000000000284e+01 1.414013510696219243e-03
-1.517500000000000071e+01 1.427334030120910261e-03
-1.515000000000000213e+01 1.440781856604110263e-03
-1.512500000000000000e+01 1.454358232995748342e-03
-1.510000000000000142e+01 1.468064414657452299e-03
-1.507500000000000284e+01 1.481901669595463373e-03
-1.505000000000000071e+01 1.495871278591545629e-03
-1.502500000000000213e+01 1.509974535338825434e-03
-1.500000000000000000e+01 1.524212746577471769e-03
-1.497500000000000142e+01 1.538587232231147621e-03
-1.495000000000000284e+01 1.553099325548392990e-03
-1.492500000000000071e+01 1.567750373240607608e-03
-1.490000000000000213e+01 1.582541735624360714e-03
-1.487500000000000000e+01 1.597474786767536089e-03
-1.485000000000000142e+01 1.612550914632715406e-03
-1.482500000000000284e+01 1.627771521223939739e-03
-1.480000000000000071e+01 1.643138022735941969e-03
-1.477500000000000213e+01 1.658651849704765452e-03
-1.475000000000000000e+01 1.674314447158836098e-03
-1.472500000000000142e+01 1.690127274773895079e-03
-1.470000000000000284e+01 1.706091807026537469e-03
-1.467500000000000071e+01 1.722209533352377824e-03
-1.465000000000000213e+01 1.738481958306212650e-03
-1.462500000000000000e+01 1.754910601721263461e-03
-1.460000000000000142e+01 1.771496998871033421e-03
-1.457500000000000284e+01 1.788242700635329484e-03
-1.455000000000000071e+01 1.805149273665662864e-03
-1.452500000000000213e+01 1.822218300554663203e-03
-1.450000000000000000e+01 1.839451380003325224e-03
-1.447500000000000142e+01 1.856850126995813555e-03
-1.445000000000000284e+01 1.874416172971954528e-03
-1.442500000000000071e+01 1.892151166002660955e-03
-1.440000000000000213e+01 1.910056770969503553e-03
-1.437500000000000000e+01 1.928134669743374876e-03
-1.435000000000000142e+01 1.946386561366848875e-03
-1.432500000000000284e+01 1.964814162239147954e-03
-1.430000000000000071e+01 1.983419206299436022e-03
-1.427500000000000213e+01 2.002203445218728780e-03
-1.425000000000000000e+01 2.021168648587649570e-03
-1.422500000000000142e+01 2.040316604110195813e-03
-1.420000000000000284e+01 2.059649117799357276e-03
-1.417500000000000071e+01 2.079168014172120670e-03
-1.415000000000000213e+01 2.098875136450793419e-03
-1.412500000000000000e+01 2.118772346762943549e-03
-1.410000000000000142e+01 2.138861526347660049e-03
-1.407500000000000284e+01 2.159144575759198992e-03
-1.405000000000000071e+01 2.179623415077409400e-03
-1.402500000000000213e+01 2.200299984118166477e-03
-1.400000000000000000e+01 2.221176242647815088e-03
-1.397500000000000142e+01 2.242254170597147902e-03
-1.395000000000000284e+01 2.263535768282181476e-03
-1.392500000000000071e+01 2.285023056623692456e-03
-1.390000000000000213e+01 2.306718077371847347e-03
-1.387500000000000000e+01 2.328622893332076525e-03
-1.385000000000000142e+01 2.350739588592946645e-03
-1.382500000000000284e+01 2.373070268759748958e-03
-1.380000000000000071e+01 2.395617061186550677e-03
-1.377500000000000213e+01 2.418382115214105354e-03
-1.375000000000000000e+01 2.441367602409471541e-03
-1.372500000000000142e+01 2.464575716809331608e-03
-1.370000000000000284e+01 2.488008675163322705e-03
-1.367500000000000071e+01 2.511668717184150929e-03
-1.365000000000000213e+01 2.535558105798027279e-03
-1.362500000000000000e+01 2.559679127397888714e-03
-1.360000000000000142e+01 2.584034092102931862e-03
-1.357500000000000284e+01 2.608625334015562004e-03
-1.355000000000000071e+01 2.633455211486184725e-03
-1.352500000000000213e+01 2.658526107380031547e-03
-1.350000000000000000e+01 2.683840429345065847e-03
-1.347500000000000142e+01 2.709400610085295046e-03
-1.345000000000000284e+01 2.735209107636874405e-03
-1.342500000000000071e+01 2.761268405646372277e-03
-1.340000000000000213e+01 2.787581013654452482e-03
-1.337500000000000000e+01 2.814149467378789047e-03
-1.335000000000000142e+01 2.840976329007021545e-03
-1.332500000000000284e+01 2.868064187485872343e-03
-1.330000000000000071e+01 2.895415658819051104e-03
-1.327500000000000213e+01 2.923033386366583053e-03
-1.325000000000000000e+01 2.950920041147218550e-03
-1.322500000000000142e+01 2.979078322145183380e-03
-1.320000000000000284e+01 3.007510956622343971e-03
-1.317500000000000071e+01 3.036220700429613246e-03
-1.315000000000000213e+01 3.065210338325933311e-03
-1.312500000000000000e+01 3.094482684301127443e-03
-1.310000000000000142e+01 3.124040581900013221e-03
-1.307500000000000284e+01 3.153886904551927127e-03
-1.305000000000000071e+01 3.184024555905041326e-03
-1.302500000000000213e+01 3.214456470162265975e-03
-1.300000000000000000e+01 3.245185612425168127e-03
-1.297500000000000142e+01 3.276214979036234844e-03
-1.295000000000000284e+01 3.307547597932564230e-03
-1.292500000000000071e+01 3.339186528996189365e-03
-1.290000000000000213e+01 3.371134864414764183e-03
-1.287500000000000000e+01 3.403395729044111570e-03
-1.285000000000000142e+01 3.435972280773913045e-03
-1.282500000000000284e+01 3.468867710899258775e-03
-1.280000000000000071e+01 3.502085244499481258e-03
-1.277500000000000213e+01 3.535628140815494976e-03
-1.275000000000000000e+01 3.569499693636249849e-03
-1.272500000000000142e+01 3.603703231689067872e-03
-1.270000000000000284e+01 3.638242119034209871e-03
-1.267500000000000071e+01 3.673119755463444703e-03
-1.265000000000000213e+01 3.708339576907165001e-03
-1.262500000000000000e+01 3.743905055840770438e-03
-1.260000000000000142e+01 3.779819701700330454e-03
-1.257500000000000284e+01 3.816087061302764639e-03
-1.255000000000000071e+01 3.852710719269770122e-03
-1.252500000000000213e+01 3.889694298458427641e-03
-1.250000000000000000e+01 3.927041460396002610e-03
-1.247500000000000142e+01 3.964755905720516310e-03
-1.245000000000000284e+01 4.002841374627367360e-03
-1.242500000000000071e+01 4.041301647320481687e-03
-1.240000000000000213e+01 4.080140544468758602e-03
-1.237500000000000000e+01 4.119361927671818906e-03
-1.235000000000000142e+01 4.158969699926270795e-03
-1.232500000000000284e+01 4.198967806099912145e-03
-1.230000000000000071e+01 4.239360233413678319e-03
-1.227500000000000213e+01 4.280151011927683935e-03
-1.225000000000000000e+01 4.321344215033476668e-03
-1.222500000000000142e+01 4.362943959952550813e-03
-1.220000000000000284e+01 4.404954408240913284e-03
-1.217500000000000071e+01 4.447379766301447213e-03
-1.215000000000000213e+01 4.490224285900974895e-03
-1.212500000000000000e+01 4.533492264694940523e-03
-1.210000000000000142e+01 4.577188046757421983e-03
-1.207500000000000284e+01 4.621316023119392130e-03
-1.205000000000000071e+01 4.665880632311386264e-03
-1.202500000000000213e+01 4.710886360917954443e-03
-1.200000000000000000e+01 4.756337744132071305e-03
-1.197500000000000142e+01 4.802239366323340398e-03
-1.195000000000000284e+01 4.848595861608467547e-03
-1.192500000000000071e+01 4.895411914431984680e-03
-1.190000000000000213e+01 4.942692260153115462e-03
-1.187500000000000000e+01 4.990441685639657003e-03
-1.185000000000000142e+01 5.038665029870919437e-03
-1.182500000000000284e+01 5.087367184548021587e-03
-1.180000000000000071e+01 5.136553094710007497e-03
-1.177500000000000213e+01 5.186227759361172751e-03
-1.175000000000000000e+01 5.236396232103444903e-03
-1.172500000000000142e+01 5.287063621778299687e-03
-1.170000000000000284e+01 5.338235093116813941e-03
-1.167500000000000071e+01 5.389915867398181390e-03
-1.165000000000000213e+01 5.442111223118058227e-03
-1.162500000000000000e+01 5.494826496660626218e-03
-1.160000000000000142e+01 5.548067082985879729e-03
-1.157500000000000284e+01 5.601838436322465614e-03
-1.155000000000000071e+01 5.656146070867307599e-03
-1.152500000000000213e+01 5.710995561500650623e-03
-1.150000000000000000e+01 5.766392544502492966e-03
-1.147500000000000142e+01 5.822342718286297077e-03
-1.145000000000000284e+01 5.878851844135960826e-03
-1.142500000000000071e+01 5.935925746955617033e-03
-1.140000000000000213e+01 5.993570316028675599e-03
-1.137500000000000000e+01 6.051791505786030187e-03
-1.135000000000000142e+01 6.110595336587080172e-03
-1.132500000000000284e+01 6.169987895506034818e-03
-1.130000000000000071e+01 6.229975337133095321e-03
-1.127500000000000213e+01 6.290563884385039911e-03
-1.125000000000000000e+01 6.351759829325182537e-03
-1.122500000000000142e+01 6.413569533994928178e-03
-1.120000000000000284e+01 6.475999431257105192e-03
-1.117500000000000071e+01 6.539056025650213412e-03
-1.115000000000000213e+01 6.602745894252894099e-03
-1.112500000000000000e+01 6.667075687560078921e-03
-1.110000000000000142e+01 6.732052130373412241e-03
-1.107500000000000284e+01 6.797682022700268084e-03
-1.105000000000000071e+01 6.863972240666289283e-03
-1.102500000000000213e+01 6.930929737439470335e-03
-1.100000000000000000e+01 6.998561544168696580e-03
-1.097500000000000142e+01 7.066874770931218935e-03
-1.095000000000000284e+01 7.135876607696925097e-03
-1.092500000000000071e+01 7.205574325302321718e-03
-1.090000000000000213e+01 7.275975276439188011e-03
-1.087500000000000000e+01 7.347086896656800960e-03
-1.085000000000000142e+01 7.418916705377606377e-03
-1.082500000000000284e+01 7.491472306925895178e-03
-1.080000000000000071e+01 7.564761391570071214e-03
-1.077500000000000213e+01 7.638791736581966238e-03
-1.075000000000000000e+01 7.713571207306675961e-03
-1.072500000000000142e+01 7.789107758249620185e-03
-1.070000000000000284e+01 7.865409434178946557e-03
-1.067500000000000071e+01 7.942484371239575194e-03
-1.065000000000000213e+01 8.020340798085610554e-03
-1.062500000000000000e+01 8.098987037028528013e-03
-1.060000000000000142e+01 8.178431505199142831e-03
-1.057500000000000284e+01 8.258682715726160459e-03
-1.055000000000000071e+01 8.339749278932051535e-03
-1.052500000000000213e+01 8.421639903544662561e-03
-1.050000000000000000e+01 8.504363397925792170e-03
-1.047500000000000142e+01 8.587928671315763277e-03
-1.045000000000000284e+01 8.672344735097564650e-03
-1.042500000000000071e+01 8.757620704076402030e-03
-1.040000000000000213e+01 8.843765797779189891e-03
-1.037500000000000000e+01 8.930789341769428472e-03
-1.035000000000000142e+01 9.018700768982109914e-03
-1.032500000000000284e+01 9.107509621078343012e-03
-1.030000000000000071e+01 9.197225549817535095e-03
-1.027500000000000213e+01 9.287858318448288103e-03
-1.025000000000000000e+01 9.379417803121212899e-03
-1.022500000000000142e+01 9.471913994318906932e-03
-1.020000000000000284e+01 9.565356998308394837e-03
-1.017500000000000071e+01 9.659757038612442823e-03
-1.015000000000000213e+01 9.755124457504144378e-03
-1.012500000000000000e+01 9.851469717519057909e-03
-1.010000000000000142e+01 9.948803402992150921e-03
-1.007500000000000284e+01 1.004713622161563027e-02
-1.005000000000000071e+01 1.014647900601759606e-02
-1.002500000000000213e+01 1.024684271536591314e-02
-1.000000000000000000e+01 1.034823843699284387e-02
-9.975000000000001421e+00 1.045067738804460709e-02
-9.950000000000002842e+00 1.055417091715329936e-02
-9.925000000000000711e+00 1.065873050613349964e-02
-9.900000000000002132e+00 1.076436777170340815e-02
-9.875000000000000000e+00 1.087109446723167998e-02
-9.850000000000001421e+00 1.097892248450699909e-02
-9.825000000000002842e+00 1.108786385553722949e-02
-9.800000000000000711e+00 1.119793075437137443e-02
-9.775000000000002132e+00 1.130913549894919413e-02
-9.750000000000000000e+00 1.142149055297906474e-02
-9.725000000000001421e+00 1.153500852784124925e-02
-9.700000000000002842e+00 1.164970218451883560e-02
-9.675000000000000711e+00 1.176558443556097872e-02
-9.650000000000002132e+00 1.188266834706970185e-02
-9.625000000000000000e+00 1.200096714072121200e-02
-9.600000000000001421e+00 1.212049419581162114e-02
-9.575000000000002842e+00 1.224126305133588222e-02
-9.550000000000000711e+00 1.236328740809938473e-02
-9.525000000000002132e+00 1.248658113085787322e-02
-9.500000000000000000e+00 1.261115825048828541e-02
-9.475000000000001421e+00 1.273703296619679327e-02
-9.450000000000002842e+00 1.286421964775455277e-02
-9.425000000000000711e+00 1.299273283777021247e-02
-9.400000000000002132e+00 1.312258725399648336e-02
-9.375000000000000000e+00 1.325379779166782970e-02
-9.350000000000001421e+00 1.338637952587828223e-02
-9.325000000000002842e+00 1.352034771399066027e-02
-9.300000000000000711e+00 1.365571779808620601e-02
-9.275000000000002132e+00 1.379250540744857319e-02
-9.250000000000000000e+00 1.393072636108546800e-02
-9.225000000000001421e+00 1.407039667029110624e-02
-9.200000000000002842e+00 1.421153254124444751e-02
-9.175000000000000711e+00 1.435415037764971487e-02
-9.150000000000002132e+00 1.449826678341656350e-02
-9.125000000000000000e+00 1.464389856537981136e-02
-9.100000000000001421e+00 1.479106273606286236e-02
-9.075000000000002842e+00 1.493977651648277505e-02
-9.050000000000000711e+00 1.509005733900024328e-02
-9.025000000000002132e+00 1.524192285020940438e-02
-9.000000000000000000e+00 1.539539091387864822e-02
-8.975000000000001421e+00 1.555047961392957111e-02
-8.950000000000002842e+00 1.570720725747032018e-02
-8.925000000000000711e+00 1.586559237786908105e-02
-8.900000000000002132e+00 1.602565373787979974e-02
-8.875000000000000000e+00 1.618741033281670058e-02
-8.850000000000001421e+00 1.635088139377530517e-02
-8.825000000000002842e+00 1.651608639090815581e-02
-8.800000000000000711e+00 1.668304503674954836e-02
-8.775000000000002132e+00 1.685177728959338234e-02
-8.750000000000000000e+00 1.702230335692534943e-02
-8.725000000000001421e+00 1.719464369890767730e-02
-8.700000000000002842e+00 1.736881903192095261e-02
-8.675000000000000711e+00 1.754485033216153164e-02
-8.650000000000002132e+00 1.772275883929638057e-02
-8.625000000000000000e+00 1.790256606017616436e-02
-8.600000000000001421e+00 1.808429377260867624e-02
-8.575000000000002842e+00 1.826796402919184797e-02
-8.550000000000000711e+00 1.845359916120975149e-02
-8.525000000000002132e+00 1.864122178258992985e-02
-8.500000000000000000e+00 1.883085479392471867e-02
-8.475000000000001421e+00 1.902252138656018027e-02
-8.450000000000002842e+00 1.921624504674851117e-02
-8.425000000000000711e+00 1.941204955987036601e-02
-8.400000000000002132e+00 1.960995901472330563e-02
-8.375000000000000000e+00 1.980999780788210429e-02
-8.350000000000001421e+00 2.001219064813354945e-02
-8.325000000000002842e+00 2.021656256097633178e-02
-8.300000000000000711e+00 2.042313889320350462e-02
-8.275000000000002132e+00 2.063194531755447453e-02
-8.250000000000000000e+00 2.084300783744702859e-02
-8.225000000000001421e+00 2.105635279178706340e-02
-8.200000000000002842e+00 2.127200685985868381e-02
-8.175000000000000711e+00 2.148999706629285689e-02
-8.150000000000002132e+00 2.171035078612496699e-02
-8.125000000000000000e+00 2.193309574993152281e-02
-8.100000000000001421e+00 2.215826004905510627e-02
-8.075000000000002842e+00 2.238587214091597791e-02
-8.050000000000000711e+00 2.261596085441764520e-02
-8.025000000000002132e+00 2.284855539543733521e-02
-8.000000000000000000e+00 2.308368535241309832e-02
-7.975000000000001421e+00 2.332138070202719252e-02
-7.950000000000002842e+00 2.356167181498183827e-02
-7.925000000000000711e+00 2.380458946187680516e-02
-7.900000000000002132e+00 2.405016481918736959e-02
-7.875000000000000000e+00 2.429842947534309114e-02
-7.850000000000001421e+00 2.454941543691402731e-02
-7.825000000000002842e+00 2.480315513489723955e-02
-7.800000000000000711e+00 2.505968143112068461e-02
-7.775000000000002132e+00 2.531902762475124122e-02
-7.750000000000000000e+00 2.558122745891794683e-02
-7.725000000000001421e+00 2.584631512745212342e-02
-7.700000000000002842e+00 2.611432528174025339e-02
-7.675000000000000711e+00 2.638529303770426743e-02
-7.650000000000002132e+00 2.665925398289566498e-02
-7.625000000000000000e+00 2.693624418372071727e-02
-7.600000000000001421e+00 2.721630019279127830e-02
-7.575000000000002842e+00 2.749945905640330951e-02
-7.550000000000000711e+00 2.778575832215064018e-02
-7.525000000000002132e+00 2.807523604667342548e-02
-7.500000000000000000e+00 2.836793080354259311e-02
-7.475000000000001421e+00 2.866388169128699509e-02
-7.450000000000002842e+00 2.896312834156461805e-02
-7.425000000000000711e+00 2.926571092747904529e-02
-7.400000000000002132e+00 2.957167017204530984e-02
-7.375000000000000000e+00 2.988104735681016561e-02
-7.350000000000001421e+00 3.019388433062686339e-02
-7.325000000000002842e+00 3.051022351858908091e-02
-7.300000000000000711e+00 3.083010793112844067e-02
-7.275000000000002132e+00 3.115358117327766962e-02
-7.250000000000000000e+00 3.148068745410096542e-02
-7.225000000000001421e+00 3.181147159630005189e-02
-7.200000000000002842e+00 3.214597904599605233e-02
-7.175000000000000711e+00 3.248425588268957775e-02
-7.150000000000002132e+00 3.282634882940851928e-02
-7.125000000000000000e+00 3.317230526304031091e-02
-7.100000000000001421e+00 3.352217322485743362e-02
-7.075000000000002842e+00 3.387600143124194774e-02
-7.050000000000000711e+00 3.423383928460473069e-02
-7.025000000000002132e+00 3.459573688451472728e-02
-7.000000000000000000e+00 3.496174503903277248e-02
-6.975000000000001421e+00 3.533191527626348971e-02
-6.950000000000002842e+00 3.570629985612115698e-02
-6.925000000000000711e+00 3.608495178232131589e-02
-6.900000000000002132e+00 3.646792481459854712e-02
-6.875000000000000000e+00 3.685527348115880814e-02
-6.850000000000001421e+00 3.724705309136841502e-02
-6.825000000000002842e+00 3.764331974868525416e-02
-6.800000000000000711e+00 3.804413036384064750e-02
-6.775000000000002132e+00 3.844954266827530637e-02
-6.750000000000000000e+00 3.885961522783154543e-02
-6.725000000000001421e+00 3.927440745671485767e-02
-6.700000000000002842e+00 3.969397963172540539e-02
-6.675000000000000711e+00 4.011839290676557507e-02
-6.650000000000002132e+00 4.054770932763403918e-02
-6.625000000000000000e+00 4.098199184710821230e-02
-6.600000000000001421e+00 4.142130434032104819e-02
-6.575000000000002842e+00 4.186571162044750577e-02
-6.550000000000000711e+00 4.231527945469494567e-02
-6.525000000000002132e+00 4.277007458061327788e-02
-6.500000000000000000e+00 4.323016472273084193e-02
-6.475000000000001421e+00 4.369561860952157067e-02
-6.450000000000002842e+00 4.416650599070992556e-02
-6.425000000000000711e+00 4.464289765492628070e-02
-6.400000000000002132e+00 4.512486544771708574e-02
-6.375000000000000000e+00 4.561248228991722498e-02
-6.350000000000001421e+00 4.610582219639582785e-02
-6.325000000000002842e+00 4.660496029518566841e-02
-6.300000000000000711e+00 4.710997284699717375e-02
-6.275000000000002132e+00 4.762093726513570019e-02
-6.250000000000000000e+00 4.813793213582679559e-02
-6.225000000000001421e+00 4.866103723895928712e-02
-6.200000000000002842e+00 4.919033356925544415e-02
-6.175000000000000711e+00 4.972590335787908933e-02
-6.150000000000002132e+00 5.026783009449890816e-02
-6.125000000000000000e+00 5.081619854980104489e-02
-6.100000000000001421e+00 5.137109479847959403e-02
-6.075000000000002842e+00 5.193260624270876202e-02
-6.050000000000000711e+00 5.250082163610590713e-02
-6.025000000000002132e+00 5.307583110820114636e-02
-6.000000000000000000e+00 5.365772618942524913e-02
-5.975000000000001421e+00 5.424659983662925150e-02
-5.950000000000002842e+00 5.484254645914606735e-02
-5.925000000000000711e+00 5.544566194541060422e-02
-5.900000000000002132e+00 5.605604369014788313e-02
-5.875000000000000000e+00 5.667379062214827901e-02
-5.850000000000001421e+00 5.729900323264362771e-02
-5.825000000000002842e+00 5.793178360429469126e-02
-5.800000000000000711e+00 5.857223544080759903e-02
-5.775000000000002132e+00 5.922046409720155974e-02
-5.750000000000000000e+00 5.987657661072878085e-02
-5.725000000000001421e+00 6.054068173248269846e-02
-5.700000000000002842e+00 6.121288995969519087e-02
-5.675000000000000711e+00 6.189331356874995527e-02
-5.650000000000002132e+00 6.258206664892529414e-02
-5.625000000000000000e+00 6.327926513688818255e-02
-5.600000000000001421e+00 6.398502685195862905e-02
-5.575000000000002842e+00 6.469947153216076829e-02
-5.550000000000000711e+00 6.542272087108512435e-02
-5.525000000000002132e+00 6.615489855558163990e-02
-5.500000000000000000e+00 6.689613030430135998e-02
-5.475000000000001421e+00 6.764654390711856424e-02
-5.450000000000002842e+00 6.840626926544451925e-02
-5.425000000000000711e+00 6.917543843346353472e-02
-5.400000000000002132e+00 6.995418566031472163e-02
-5.375000000000000000e+00 7.074264743324269744e-02
-5.350000000000001421e+00 7.154096252174488302e-02
-5.325000000000002842e+00 7.234927202273977453e-02
-5.300000000000000711e+00 7.316771940678518105e-02
-5.275000000000002132e+00 7.399645056537376697e-02
-5.250000000000000000e+00 7.483561385933398813e-02
-5.225000000000001421e+00 7.568536016837026925e-02
-5.200000000000002842e+00 7.654584294176566828e-02
-5.175000000000000711e+00 7.741721825028660686e-02
-5.150000000000002132e+00 7.829964483931779740e-02
-5.125000000000000000e+00 7.919328418326168628e-02
-5.100000000000001421e+00 8.009830054123670551e-02
-5.075000000000002842e+00 8.101486101411248253e-02
-5.050000000000000711e+00 8.194313560291822951e-02
-5.025000000000002132e+00 8.288329726865563407e-02
-5.000000000000000000e+00 8.383552199356664181e-02
-4.975000000000001421e+00 8.479998884388925684e-02
-4.950000000000002842e+00 8.577688003414528362e-02
-4.925000000000000711e+00 8.676638099299793794e-02
-4.900000000000002132e+00 8.776868043073533798e-02
-4.875000000000000000e+00 8.878397040841169707e-02
-4.850000000000001421e+00 8.981244640870458817e-02
-4.825000000000002842e+00 9.085430740853006615e-02
-4.800000000000000711e+00 9.190975595346842497e-02
-4.775000000000002132e+00 9.297899823405131325e-02
-4.750000000000000000e+00 9.406224416396738452e-02
-4.725000000000001421e+00 9.515970746023529048e-02
-4.700000000000002842e+00 9.627160572540723049e-02
-4.675000000000000711e+00 9.739816053185572364e-02
-4.650000000000002132e+00 9.853959750821307539e-02
-4.625000000000000000e+00 9.969614642801546966e-02
-4.600000000000001421e+00 1.008680413006247251e-01
-4.575000000000002842e+00 1.020555204644907898e-01
-4.550000000000000711e+00 1.032588266828258078e-01
-4.525000000000002132e+00 1.044782072417581170e-01
-4.500000000000000000e+00 1.057139140510436476e-01
-4.475000000000001421e+00 1.069662037474081451e-01
-4.450000000000002842e+00 1.082353378005997818e-01
-4.425000000000000711e+00 1.095215826222332572e-01
-4.400000000000002132e+00 1.108252096775085294e-01
-4.375000000000000000e+00 1.121464955998924262e-01
-4.350000000000001421e+00 1.134857223088498596e-01
-4.325000000000002842e+00 1.148431771307216187e-01
-4.300000000000000711e+00 1.162191529228409764e-01
-4.275000000000002132e+00 1.176139482009852522e-01
-4.250000000000000000e+00 1.190278672702740209e-01
-4.225000000000001421e+00 1.204612203596096276e-01
-4.200000000000002842e+00 1.219143237597738877e-01
-4.175000000000000711e+00 1.233874999652924548e-01
-4.150000000000002132e+00 1.248810778201864813e-01
-4.125000000000000000e+00 1.263953926677266193e-01
-4.100000000000001421e+00 1.279307865043203818e-01
-4.075000000000002842e+00 1.294876081376555021e-01
-4.050000000000000711e+00 1.310662133492391523e-01
-4.025000000000002132e+00 1.326669650614652474e-01
-4.000000000000000000e+00 1.342902335093555388e-01
-3.975000000000001421e+00 1.359363964171212968e-01
-3.950000000000002842e+00 1.376058391796981251e-01
-3.925000000000000711e+00 1.392989550494119488e-01
-3.900000000000002132e+00 1.410161453279356880e-01
-3.875000000000000000e+00 1.427578195637118352e-01
-3.850000000000001421e+00 1.445243957550083891e-01
-3.825000000000002842e+00 1.463163005587957977e-01
-3.800000000000000711e+00 1.481339695056226313e-01
-3.775000000000002132e+00 1.499778472206926283e-01
-3.750000000000000000e+00 1.518483876513318787e-01
-3.725000000000001421e+00 1.537460543010624459e-01
-3.700000000000002842e+00 1.556713204704884002e-01
-3.675000000000000711e+00 1.576246695052191116e-01
-3.650000000000002132e+00 1.596065950510550113e-01
-3.625000000000000000e+00 1.616176013166717440e-01
-3.600000000000001421e+00 1.636582033440474315e-01
-3.575000000000002842e+00 1.657289272868842089e-01
-3.550000000000000711e+00 1.678303106972837133e-01
-3.525000000000002132e+00 1.699629028209442283e-01
-3.500000000000000000e+00 1.721272649011610645e-01
-3.475000000000001421e+00 1.743239704919122557e-01
-3.450000000000002842e+00 1.765536057803255565e-01
-3.425000000000000711e+00 1.788167699188394355e-01
-3.400000000000002132e+00 1.811140753673651516e-01
-3.375000000000000000e+00 1.834461482457813708e-01
-3.350000000000001421e+00 1.858136286970916429e-01
-3.325000000000002842e+00 1.882171712616020065e-01
-3.300000000000000711e+00 1.906574452624611726e-01
-3.275000000000002132e+00 1.931351352029456736e-01
-3.250000000000000000e+00 1.956509411758591832e-01
-3.225000000000001421e+00 1.982055792854444665e-01
-3.200000000000002842e+00 2.007997820822045865e-01
-3.175000000000000711e+00 2.034342990110473703e-01
-3.150000000000002132e+00 2.061098968731844838e-01
-3.125000000000000000e+00 2.088273603022115510e-01
-3.100000000000001421e+00 2.115874922548310333e-01
-3.075000000000002842e+00 2.143911145166635945e-01
-3.050000000000004263e+00 2.172390682236310377e-01
-3.024999999999998579e+00 2.201322143993874880e-01
-3.000000000000000000e+00 2.230714345092947026e-01
-2.975000000000001421e+00 2.260576310314443838e-01
-2.950000000000002842e+00 2.290917280452435534e-01
-2.925000000000004263e+00 2.321746718380867380e-01
-2.899999999999998579e+00 2.353074315306442621e-01
-2.875000000000000000e+00 2.384909997213154331e-01
-2.850000000000001421e+00 2.417263931503849383e-01
-2.825000000000002842e+00 2.450146533844446417e-01
-2.800000000000004263e+00 2.483568475216345606e-01
-2.774999999999998579e+00 2.517540689182595215e-01
-2.750000000000000000e+00 2.552074379373536761e-01
-2.725000000000001421e+00 2.587181027197411054e-01
-2.700000000000002842e+00 2.622872399781581709e-01
-2.675000000000004263e+00 2.659160558149726850e-01
-2.649999999999998579e+00 2.696057865640562046e-01
-2.625000000000000000e+00 2.733576996573118811e-01
-2.600000000000001421e+00 2.771730945163776716e-01
-2.575000000000002842e+00 2.810533034699745358e-01
-2.550000000000004263e+00 2.849996926973549227e-01
-2.524999999999998579e+00 2.890136631982592741e-01
-2.500000000000000000e+00 2.930966517897496959e-01
-2.475000000000001421e+00 2.972501321302346566e-01
-2.450000000000002842e+00 3.014756157709418960e-01
-2.425000000000004263e+00 3.057746532350043012e-01
-2.399999999999998579e+00 3.101488351242651653e-01
-2.375000000000000000e+00 3.145997932537799024e-01
-2.350000000000001421e+00 3.191292018138998099e-01
-2.325000000000002842e+00 3.237387785596614331e-01
-2.300000000000004263e+00 3.284302860270894575e-01
-2.274999999999998579e+00 3.332055327757886265e-01
-2.250000000000000000e+00 3.380663746570553019e-01
-2.225000000000001421e+00 3.430147161064602268e-01
-2.200000000000002842e+00 3.480525114596069169e-01
-2.175000000000004263e+00 3.531817662894727317e-01
-2.149999999999998579e+00 3.584045387633776891e-01
-2.125000000000000000e+00 3.637229410172451716e-01
-2.100000000000001421e+00 3.691391405443711360e-01
-2.075000000000002842e+00 3.746553615954064109e-01
-2.050000000000004263e+00 3.802738865856891137e-01
-2.024999999999998579e+00 3.859970575054105235e-01
-2.000000000000000000e+00 3.918272773273601128e-01
-1.975000000000001421e+00 3.977670114061664930e-01
-1.950000000000002842e+00 4.038187888619934052e-01
-1.925000000000004263e+00 4.099852039406078896e-01
-1.899999999999998579e+00 4.162689173404950926e-01
-1.875000000000000000e+00 4.226726574963626804e-01
-1.850000000000001421e+00 4.291992218068055864e-01
-1.825000000000002842e+00 4.358514777921776440e-01
-1.800000000000004263e+00 4.426323641667293529e-01
-1.774999999999998579e+00 4.495448918068489785e-01
-1.750000000000000000e+00 4.565921445947156987e-01
-1.725000000000001421e+00 4.637772801138277390e-01
-1.700000000000002842e+00 4.711035301696527844e-01
-1.675000000000004263e+00 4.785742011049821665e-01
-1.649999999999998579e+00 4.861926738754813182e-01
-1.625000000000000000e+00 4.939624038462429589e-01
-1.600000000000001421e+00 5.018869202648920114e-01
-1.575000000000002842e+00 5.099698253608311305e-01
-1.550000000000004263e+00 5.182147930134568536e-01
-1.524999999999998579e+00 5.266255669245539783e-01
-1.500000000000000000e+00 5.352059582214265809e-01
-1.475000000000001421e+00 5.439598424075366978e-01
-1.450000000000002842e+00 5.528911555663511557e-01
-1.425000000000004263e+00 5.620038897115432475e-01
-1.399999999999998579e+00 5.713020871624804320e-01
-1.375000000000000000e+00 5.807898338078498757e-01
-1.350000000000001421e+00 5.904712511020021593e-01
-1.325000000000002842e+00 6.003504866179699695e-01
-1.300000000000004263e+00 6.104317029576784570e-01
-1.274999999999998579e+00 6.207190647933636951e-01
-1.250000000000000000e+00 6.312167237841658229e-01
-1.225000000000001421e+00 6.419288010778466669e-01
-1.200000000000002842e+00 6.528593670690625572e-01
-1.175000000000004263e+00 6.640124180420331479e-01
-1.149999999999998579e+00 6.753918492761248338e-01
-1.125000000000000000e+00 6.870014241371349417e-01
-1.100000000000001421e+00 6.988447386140889117e-01
-1.075000000000002842e+00 7.109251806903270632e-01
-1.050000000000004263e+00 7.232458838575946958e-01
-1.024999999999998579e+00 7.358096739917777684e-01
-1.000000000000000000e+00 7.486190087077621014e-01
-9.750000000000014211e-01 7.616759081975679191e-01
-9.500000000000028422e-01 7.749818764292758511e-01
-9.250000000000042633e-01 7.885378114432499697e-01
-8.999999999999985789e-01 8.023439033258288333e-01
-8.750000000000000000e-01 8.163995182681260676e-01
-8.500000000000014211e-01 8.307030669284594104e-01
-8.250000000000028422e-01 8.452518551111903866e-01
-8.000000000000042633e-01 8.600419145530721066e-01
-7.749999999999985789e-01 8.750678113724860152e-01
-7.500000000000000000e-01 8.903224294902638558e-01
-7.250000000000014211e-01 9.057967260785212416e-01
-7.000000000000028422e-01 9.214794558439682870e-01
-6.750000000000042633e-01 9.373568607162030553e-01
-6.499999999999985789e-01 9.534123213060425872e-01
-6.250000000000000000e-01 9.696259663469649626e-01
-6.000000000000014211e-01 9.859742362652996750e-01
-5.750000000000028422e-01 1.002429397083908880e+00
-5.500000000000042633e-01 1.018959001104900564e+00
-5.249999999999985789e-01 1.035525291311603313e+00
-5.000000000000000000e-01 1.052084547271378900e+00
-4.750000000000014211e-01 1.068586371626506715e+00
-4.500000000000028422e-01 1.084972918177268486e+00
-4.250000000000042633e-01 1.101178065269486694e+00
-3.999999999999985789e-01 1.117126541913824100e+00
-3.750000000000000000e-01 1.132733019037542199e+00
-3.500000000000014211e-01 1.147901184783252537e+00
-3.250000000000028422e-01 1.162522831123455891e+00
-3.000000000000042633e-01 1.176476989547160956e+00
-2.749999999999985789e-01 1.189629166438457064e+00
-2.500000000000000000e-01 1.201830744131562989e+00
-2.250000000000014211e-01 1.212918631400033531e+00
-2.000000000000028422e-01 1.222715266869749851e+00
-1.750000000000042633e-01 1.231029099547039651e+00
-1.499999999999985789e-01 1.237655690575253820e+00
-1.250000000000000000e-01 1.242379596725037727e+00
-1.000000000000014211e-01 1.244977205017629984e+00
-7.500000000000284217e-02 1.245220683977838361e+00
-5.000000000000426326e-02 1.242883193792903906e+00
-2.499999999999857891e-02 1.237745447868194404e+00
0.000000000000000000e+00 1.229603635011326634e+00
