-1.607499999999999929e+01 1.406352930894491599e-07
-1.605000000000000071e+01 1.406352930894491599e-07
-1.602499999999999858e+01 1.406352930894491599e-07
-1.600000000000000000e+01 1.406352930894491599e-07
-1.597499999999999964e+01 1.406352930894491599e-07
-1.594999999999999929e+01 1.406352930894491599e-07
-1.592499999999999893e+01 1.406352930894491599e-07
-1.589999999999999858e+01 1.406352930894491599e-07
-1.587500000000000000e+01 1.406352930894491599e-07
-1.584999999999999964e+01 1.406352930894491599e-07
-1.582499999999999929e+01 1.406352930894491599e-07
-1.579999999999999893e+01 1.406352930894491599e-07
-1.577499999999999858e+01 1.406352930894491599e-07
-1.575000000000000000e+01 1.406352930894491599e-07
-1.572499999999999964e+01 1.406352930894491599e-07
-1.569999999999999929e+01 1.406352930894491599e-07
-1.567499999999999893e+01 1.406352930894491599e-07
-1.564999999999999858e+01 1.406352930894491599e-07
-1.562500000000000000e+01 1.406352930894491599e-07
-1.559999999999999964e+01 1.406352930894491599e-07
-1.557499999999999929e+01 1.406352930894491599e-07
-1.554999999999999893e+01 1.406352930894491599e-07
-1.552499999999999858e+01 1.406352930894491599e-07
-1.550000000000000000e+01 1.406352930894491599e-07
-1.547499999999999964e+01 1.406352930894491599e-07
-1.544999999999999929e+01 1.406352930894491599e-07
-1.542499999999999893e+01 1.406352930894491599e-07
-1.539999999999999858e+01 1.406352930894491599e-07
-1.537500000000000000e+01 1.406352930894491599e-07
-1.534999999999999964e+01 1.406352930894491599e-07
-1.532499999999999929e+01 1.406352930894491599e-07
-1.529999999999999893e+01 1.406352930894491599e-07
-1.527499999999999858e+01 1.406352930894491599e-07
-1.525000000000000000e+01 1.406352930894491599e-07
-1.522499999999999964e+01 1.427097110286294978e-07
-1.519999999999999929e+01 1.458425982534538194e-07
-1.517499999999999893e+01 1.490443160393482299e-07
-1.514999999999999858e+01 1.523163784165059726e-07
-1.512500000000000000e+01 1.556603327608881800e-07
-1.509999999999999964e+01 1.590777605618102655e-07
-1.507499999999999929e+01 1.625702781915156137e-07
-1.504999999999999893e+01 1.661395376588238332e-07
-1.502499999999999858e+01 1.697872273150133926e-07
-1.500000000000000000e+01 1.735150727955669065e-07
-1.497499999999999964e+01 1.773248377585655430e-07
-1.494999999999999929e+01 1.812183247471622431e-07
-1.492499999999999893e+01 1.851973759757380396e-07
-1.489999999999999858e+01 1.892638743648225029e-07
-1.487500000000000000e+01 1.934197442647931322e-07
-1.484999999999999964e+01 1.976669525691806273e-07
-1.482499999999999929e+01 2.020075095166141663e-07
-1.479999999999999893e+01 2.064434695550640504e-07
-1.477499999999999858e+01 2.109769325815150003e-07
-1.475000000000000000e+01 2.156100447745804328e-07
-1.472499999999999964e+01 2.203449996631914358e-07
-1.469999999999999929e+01 2.251840391478292150e-07
-1.467499999999999893e+01 2.301294545525018184e-07
-1.464999999999999858e+01 2.351835878503695498e-07
-1.462500000000000000e+01 2.403488326383895184e-07
-1.459999999999999964e+01 2.456276352999911777e-07
-1.457499999999999929e+01 2.510224961685825144e-07
-1.454999999999999893e+01 2.565359708461157020e-07
-1.452499999999999858e+01 2.621706713359786591e-07
-1.450000000000000000e+01 2.679292672691391394e-07
-1.447499999999999964e+01 2.738144872086452971e-07
-1.444999999999999929e+01 2.798291199856294730e-07
-1.442499999999999893e+01 2.859760158798849290e-07
-1.439999999999999858e+01 2.922580882690389429e-07
-1.437500000000000000e+01 2.986783147303864489e-07
-1.434999999999999964e+01 3.052397386454935821e-07
-1.432499999999999929e+01 3.119454706453587595e-07
-1.429999999999999893e+01 3.187986899971880973e-07
-1.427499999999999858e+01 3.258026462536785679e-07
-1.425000000000000000e+01 3.329606607019093071e-07
-1.422499999999999964e+01 3.402761280311597582e-07
-1.419999999999999929e+01 3.477525179208451970e-07
-1.417499999999999893e+01 3.553933766475988534e-07
-1.414999999999999858e+01 3.632023290028478317e-07
-1.412500000000000000e+01 3.711830798059714018e-07
-1.409999999999999964e+01 3.793394157293727681e-07
-1.407499999999999929e+01 3.876752071405503131e-07
-1.404999999999999893e+01 3.961944100847729225e-07
-1.402499999999999858e+01 4.049010679088536853e-07
-1.400000000000000000e+01 4.137993133860272807e-07
-1.397499999999999964e+01 4.228933707774782470e-07
-1.394999999999999929e+01 4.321875576307095598e-07
-1.392499999999999893e+01 4.416862871083040256e-07
-1.389999999999999858e+01 4.513940698171234305e-07
-1.387500000000000000e+01 4.613155163746970325e-07
-1.384999999999999964e+01 4.714553390504865990e-07
-1.382499999999999929e+01 4.818183547399711266e-07
-1.379999999999999893e+01 4.924094867181845601e-07
-1.377499999999999858e+01 5.032337672382475975e-07
-1.375000000000000000e+01 5.142963399749993502e-07
-1.372499999999999964e+01 5.256024623273573019e-07
-1.369999999999999929e+01 5.371575082230223326e-07
-1.367499999999999893e+01 5.489669704544951075e-07
-1.364999999999999858e+01 5.610364634221086327e-07
-1.362500000000000000e+01 5.733717260029596582e-07
-1.359999999999999964e+01 5.859786239514356257e-07
-1.357499999999999929e+01 5.988631531151606470e-07
-1.354999999999999893e+01 6.120314419773263556e-07
-1.352499999999999858e+01 6.254897549358818121e-07
-1.350000000000000000e+01 6.392444951623310044e-07
-1.347499999999999964e+01 6.533022076000933216e-07
-1.344999999999999929e+01 6.676695823576259542e-07
-1.342499999999999893e+01 6.823534577713424660e-07
-1.339999999999999858e+01 6.973608236753677047e-07
-1.337500000000000000e+01 7.126988249675351812e-07
-1.334999999999999964e+01 7.283747649283605245e-07
-1.332499999999999929e+01 7.443961087890414573e-07
-1.329999999999999893e+01 7.607704873193295901e-07
-1.327499999999999858e+01 7.775057005067612812e-07
-1.325000000000000000e+01 7.946097214604894485e-07
-1.322499999999999964e+01 8.120907000785027615e-07
-1.319999999999999929e+01 8.299569671237637537e-07
-1.317499999999999893e+01 8.482170382404992922e-07
-1.314999999999999858e+01 8.668796180485271345e-07
-1.312500000000000000e+01 8.859536043822633350e-07
-1.309999999999999964e+01 9.054480926055816648e-07
-1.307499999999999929e+01 9.253723800425352796e-07
-1.304999999999999893e+01 9.457359704687051944e-07
-1.302499999999999858e+01 9.665485787631978739e-07
-1.300000000000000000e+01 9.878201355610057769e-07
-1.297499999999999964e+01 1.009560792048308099e-06
-1.294999999999999929e+01 1.031780925136692654e-06
-1.292499999999999893e+01 1.054491142119947569e-06
-1.289999999999999858e+01 1.077702286229049041e-06
-1.287500000000000000e+01 1.101425441606312129e-06
-1.284999999999999964e+01 1.125671938817052146e-06
-1.282499999999999929e+01 1.150453360454620417e-06
-1.279999999999999893e+01 1.175781546562977491e-06
-1.277499999999999858e+01 1.201668600684067504e-06
-1.275000000000000000e+01 1.228126895490029510e-06
-1.272499999999999964e+01 1.255169079007728358e-06
-1.269999999999999929e+01 1.282808080646391072e-06
-1.267499999999999893e+01 1.311057117694991181e-06
-1.264999999999999858e+01 1.339929701543723931e-06
-1.262500000000000000e+01 1.369439644420326116e-06
-1.259999999999999964e+01 1.399601066166723363e-06
-1.257499999999999929e+01 1.430428401046165309e-06
-1.254999999999999893e+01 1.461936404850399962e-06
-1.252499999999999858e+01 1.494140162093364223e-06
-1.250000000000000000e+01 1.527055093454223752e-06
-1.247499999999999964e+01 1.560696963272317745e-06
-1.244999999999999929e+01 1.595081887266412643e-06
-1.242499999999999893e+01 1.630226340506642929e-06
-1.239999999999999858e+01 1.666147165361030125e-06
-1.237500000000000000e+01 1.702861579835482065e-06
-1.234999999999999964e+01 1.740387186044912008e-06
-1.232499999999999929e+01 1.778741978845871486e-06
-1.230000000000000071e+01 1.817944354611863729e-06
-1.227499999999999858e+01 1.858013120346463780e-06
-1.225000000000000000e+01 1.898967502782279616e-06
-1.222499999999999964e+01 1.940827158206991727e-06
-1.219999999999999929e+01 1.983612181621285521e-06
-1.217500000000000071e+01 2.027343117028661132e-06
-1.214999999999999858e+01 2.072040967372505904e-06
-1.212500000000000000e+01 2.117727204963967613e-06
-1.209999999999999964e+01 2.164423781928630337e-06
-1.207499999999999929e+01 2.212153141322574212e-06
-1.205000000000000071e+01 2.260938227922820051e-06
-1.202499999999999858e+01 2.310802499602793781e-06
-1.200000000000000000e+01 2.361769939046038248e-06
-1.197499999999999964e+01 2.413865065607717440e-06
-1.194999999999999929e+01 2.467112947245098423e-06
-1.192500000000000071e+01 2.521539213114025633e-06
-1.189999999999999858e+01 2.577170066158877245e-06
-1.187500000000000000e+01 2.634032296099387405e-06
-1.184999999999999964e+01 2.692153292821315551e-06
-1.182499999999999929e+01 2.751561059694260742e-06
-1.180000000000000071e+01 2.812284227809316067e-06
-1.177499999999999858e+01 2.874352070020697618e-06
-1.175000000000000000e+01 2.937794515376024359e-06
-1.172499999999999964e+01 3.002642164208951501e-06
-1.169999999999999929e+01 3.068926303140425544e-06
-1.167500000000000071e+01 3.136678920866079489e-06
-1.164999999999999858e+01 3.205932723945344137e-06
-1.162500000000000000e+01 3.276721153129475632e-06
-1.159999999999999964e+01 3.349078399973233589e-06
-1.157499999999999929e+01 3.423039424110881649e-06
-1.155000000000000071e+01 3.498639970347474293e-06
-1.152499999999999858e+01 3.575916586838724571e-06
-1.150000000000000000e+01 3.654906643130814075e-06
-1.147499999999999964e+01 3.735648349030503155e-06
-1.144999999999999929e+01 3.818180773593782543e-06
-1.142500000000000071e+01 3.902543864732872591e-06
-1.139999999999999858e+01 3.988778469191487434e-06
-1.137500000000000000e+01 4.076926353182896513e-06
-1.134999999999999964e+01 4.167030223139166799e-06
-1.132499999999999929e+01 4.259133747164729415e-06
-1.130000000000000071e+01 4.353281577134747568e-06
-1.127499999999999858e+01 4.449519371113382550e-06
-1.125000000000000000e+01 4.547893816207572750e-06
-1.122499999999999964e+01 4.648452652120280613e-06
-1.119999999999999929e+01 4.751244695192240438e-06
-1.117500000000000071e+01 4.856319863058484387e-06
-1.114999999999999858e+01 4.963729199862455880e-06
-1.112500000000000000e+01 5.073524901898852956e-06
-1.109999999999999964e+01 5.185760344141167047e-06
-1.107499999999999929e+01 5.300490107138400223e-06
-1.105000000000000071e+01 5.417770004611521433e-06
-1.102499999999999858e+01 5.537657111779696686e-06
-1.100000000000000000e+01 5.660209794279545635e-06
-1.097499999999999964e+01 5.785487737752879104e-06
-1.094999999999999929e+01 5.913551978197125410e-06
-1.092500000000000071e+01 6.044464932759455411e-06
-1.089999999999999858e+01 6.178290431842203495e-06
-1.087500000000000000e+01 6.315093751174657127e-06
-1.084999999999999964e+01 6.454941645462901812e-06
-1.082499999999999929e+01 6.597902381998475690e-06
-1.080000000000000071e+01 6.744045775831902254e-06
-1.077499999999999858e+01 6.893443225168122836e-06
-1.075000000000000000e+01 7.046167747972805035e-06
-1.072499999999999964e+01 7.202294019339514590e-06
-1.069999999999999929e+01 7.361898409620515404e-06
-1.067500000000000071e+01 7.525059023501899495e-06
-1.064999999999999858e+01 7.691855740243124670e-06
-1.062500000000000000e+01 7.862370254487304177e-06
-1.059999999999999964e+01 8.036686118295017660e-06
-1.057499999999999929e+01 8.214888784118779303e-06
-1.055000000000000071e+01 8.397065648707821751e-06
-1.052499999999999858e+01 8.583306098246859642e-06
-1.050000000000000000e+01 8.773701554249630649e-06
-1.047499999999999964e+01 8.968345520886456530e-06
-1.044999999999999929e+01 9.167333633134290102e-06
-1.042500000000000071e+01 9.370763706485062290e-06
-1.039999999999999858e+01 9.578735787274343582e-06
-1.037500000000000000e+01 9.791352204644850226e-06
-1.034999999999999964e+01 1.000871762354621223e-05
-1.032499999999999929e+01 1.023093909916244590e-05
-1.030000000000000071e+01 1.045812613242742999e-05
-1.027499999999999858e+01 1.069039072690396604e-05
-1.025000000000000000e+01 1.092784744744984614e-05
-1.022499999999999964e+01 1.117061347942328917e-05
-1.019999999999999929e+01 1.141880869012863193e-05
-1.017500000000000071e+01 1.167255569143976357e-05
-1.014999999999999858e+01 1.193197990378006473e-05
-1.012500000000000000e+01 1.219720962162910994e-05
-1.009999999999999964e+01 1.246837608114388281e-05
-1.007499999999999929e+01 1.274561352853393859e-05
-1.005000000000000071e+01 1.302905929081769494e-05
-1.002499999999999858e+01 1.331885384801737937e-05
-1.000000000000000000e+01 1.361514090698681058e-05
-9.974999999999999645e+00 1.391806747706096632e-05
-9.949999999999999289e+00 1.422778394783726567e-05
-9.925000000000000711e+00 1.454444416818184712e-05
-9.899999999999998579e+00 1.486820552812078515e-05
-9.875000000000000000e+00 1.519922904154544929e-05
-9.849999999999999645e+00 1.553767943201423126e-05
-9.824999999999999289e+00 1.588372521983788771e-05
-9.800000000000000711e+00 1.623753881174810822e-05
-9.774999999999998579e+00 1.659929659249964268e-05
-9.750000000000000000e+00 1.696917901888178671e-05
-9.724999999999999645e+00 1.734737071578537561e-05
-9.699999999999999289e+00 1.773406057498207593e-05
-9.675000000000000711e+00 1.812944185579101560e-05
-9.649999999999998579e+00 1.853371228871763914e-05
-9.625000000000000000e+00 1.894707418133643437e-05
-9.599999999999999645e+00 1.936973452686833192e-05
-9.574999999999999289e+00 1.980190511519961275e-05
-9.550000000000000711e+00 2.024380264717362567e-05
-9.524999999999998579e+00 2.069564885089466549e-05
-9.500000000000000000e+00 2.115767060162984721e-05
-9.474999999999999645e+00 2.163010004420256493e-05
-9.449999999999999289e+00 2.211317471864080697e-05
-9.425000000000000711e+00 2.260713768875585605e-05
-9.399999999999998579e+00 2.311223767385632590e-05
-9.375000000000000000e+00 2.362872918401697498e-05
-9.349999999999999645e+00 2.415687265850881315e-05
-9.324999999999999289e+00 2.469693460734016048e-05
-9.300000000000000711e+00 2.524918775704473940e-05
-9.274999999999998579e+00 2.581391119929888738e-05
-9.250000000000000000e+00 2.639139054364890216e-05
-9.224999999999999645e+00 2.698191807417293288e-05
-9.199999999999999289e+00 2.758579290954143513e-05
-9.175000000000000711e+00 2.820332116764464803e-05
-9.149999999999998579e+00 2.883481613379357120e-05
-9.125000000000000000e+00 2.948059843349248697e-05
-9.099999999999999645e+00 3.014099620939410753e-05
-9.074999999999999289e+00 3.081634530274401706e-05
-9.050000000000000711e+00 3.150698943927994478e-05
-9.024999999999998579e+00 3.221328041972182431e-05
-9.000000000000000000e+00 3.293557831541189140e-05
-8.974999999999999645e+00 3.367425166841662591e-05
-8.949999999999999289e+00 3.442967769692080996e-05
-8.925000000000000711e+00 3.520224250591466109e-05
-8.899999999999998579e+00 3.599234130279530149e-05
-8.875000000000000000e+00 3.680037861880471793e-05
-8.849999999999999645e+00 3.762676853588278302e-05
-8.824999999999999289e+00 3.847193491930896056e-05
-8.800000000000000711e+00 3.933631165623803884e-05
-8.774999999999998579e+00 4.022034290027072306e-05
-8.750000000000000000e+00 4.112448332233241400e-05
-8.724999999999999645e+00 4.204919836784850446e-05
-8.699999999999999289e+00 4.299496452038210339e-05
-8.675000000000000711e+00 4.396226957225943623e-05
-8.649999999999998579e+00 4.495161290184480625e-05
-8.625000000000000000e+00 4.596350575806676099e-05
-8.599999999999999645e+00 4.699847155235299168e-05
-8.574999999999999289e+00 4.805704615757878061e-05
-8.550000000000000711e+00 4.913977821517455770e-05
-8.525000000000000355e+00 5.024722945002352433e-05
-8.500000000000000000e+00 5.137997499320833157e-05
-8.474999999999999645e+00 5.253860371341993756e-05
-8.449999999999999289e+00 5.372371855679365660e-05
-8.425000000000000711e+00 5.493593689533620941e-05
-8.400000000000000355e+00 5.617589088477264043e-05
-8.375000000000000000e+00 5.744422783117529298e-05
-8.349999999999999645e+00 5.874161056763614212e-05
-8.324999999999999289e+00 6.006871784032770861e-05
-8.300000000000000711e+00 6.142624470469348387e-05
-8.275000000000000355e+00 6.281490293213011847e-05
-8.250000000000000000e+00 6.423542142702790198e-05
-8.224999999999999645e+00 6.568854665489206007e-05
-8.199999999999999289e+00 6.717504308179303592e-05
-8.175000000000000711e+00 6.869569362488214587e-05
-8.150000000000000355e+00 7.025130011516328671e-05
-8.125000000000000000e+00 7.184268377219636930e-05
-8.099999999999999645e+00 7.347068569145145348e-05
-8.074999999999999289e+00 7.513616734431052141e-05
-8.050000000000000711e+00 7.684001109138439208e-05
-8.025000000000000355e+00 7.858312070931051073e-05
-8.000000000000000000e+00 8.036642193165755021e-05
-7.974999999999999645e+00 8.219086300408530584e-05
-7.949999999999999289e+00 8.405741525388107037e-05
-7.925000000000000711e+00 8.596707367541385871e-05
-7.900000000000000355e+00 8.792085753036515624e-05
-7.875000000000000000e+00 8.991981096444844426e-05
-7.849999999999999645e+00 9.196500364038354505e-05
-7.824999999999999289e+00 9.405753138788321046e-05
-7.800000000000000711e+00 9.619851687100501071e-05
-7.775000000000000355e+00 9.838911027327733544e-05
-7.750000000000000000e+00 1.006304900014129839e-04
-7.724999999999999645e+00 1.029238634078961673e-04
-7.699999999999999289e+00 1.052704675329055111e-04
-7.675000000000000711e+00 1.076715698662797680e-04
-7.650000000000000355e+00 1.101284691302185589e-04
-7.625000000000000000e+00 1.126424960829017913e-04
-7.599999999999999645e+00 1.152150143440910333e-04
-7.574999999999999289e+00 1.178474212430151181e-04
-7.550000000000000711e+00 1.205411486893598664e-04
-7.525000000000000355e+00 1.232976640675908695e-04
-7.500000000000000000e+00 1.261184711563909349e-04
-7.474999999999999645e+00 1.290051110724829600e-04
-7.449999999999999289e+00 1.319591632404854887e-04
-7.425000000000000711e+00 1.349822463893743873e-04
-7.400000000000000355e+00 1.380760195763402478e-04
-7.375000000000000000e+00 1.412421832383493805e-04
-7.349999999999999645e+00 1.444824802730986651e-04
-7.324999999999999289e+00 1.477986971493577026e-04
-7.300000000000000711e+00 1.511926650481898297e-04
-7.275000000000000355e+00 1.546662610355135979e-04
-7.250000000000000000e+00 1.582214092670936869e-04
-7.224999999999999645e+00 1.618600822270824008e-04
-7.199999999999999289e+00 1.655843020006315123e-04
-7.175000000000000711e+00 1.693961415821686395e-04
-7.150000000000000355e+00 1.732977262197944420e-04
-7.125000000000000000e+00 1.772912347972884308e-04
-7.099999999999999645e+00 1.813789012545815411e-04
-7.074999999999999289e+00 1.855630160481351501e-04
-7.050000000000000711e+00 1.898459276518124985e-04
-7.025000000000000355e+00 1.942300441001604966e-04
-7.000000000000000000e+00 1.987178345748666819e-04
-6.974999999999999645e+00 2.033118310357959701e-04
-6.949999999999999289e+00 2.080146298978224233e-04
-6.925000000000000711e+00 2.128288937553331455e-04
-6.900000000000000355e+00 2.177573531549483008e-04
-6.875000000000000000e+00 2.228028084184196351e-04
-6.849999999999999645e+00 2.279681315175887269e-04
-6.824999999999999289e+00 2.332562680020476553e-04
-6.800000000000000711e+00 2.386702389814099822e-04
-6.775000000000000355e+00 2.442131431645647990e-04
-6.750000000000000000e+00 2.498881589564758338e-04
-6.724999999999999645e+00 2.556985466147113973e-04
-6.699999999999999289e+00 2.616476504679594406e-04
-6.675000000000000711e+00 2.677389011977468567e-04
-6.650000000000000355e+00 2.739758181851549134e-04
-6.625000000000000000e+00 2.803620119255175770e-04
-6.599999999999999645e+00 2.869011865118414493e-04
-6.574999999999999289e+00 2.935971421896898062e-04
-6.550000000000000711e+00 3.004537779858691996e-04
-6.525000000000000355e+00 3.074750944125974566e-04
-6.500000000000000000e+00 3.146651962498634705e-04
-6.474999999999999645e+00 3.220282954079334943e-04
-6.449999999999999289e+00 3.295687138729900992e-04
-6.425000000000000711e+00 3.372908867379333705e-04
-6.400000000000000355e+00 3.451993653207597267e-04
-6.375000000000000000e+00 3.532988203740305803e-04
-6.349999999999999645e+00 3.615940453872145701e-04
-6.324999999999999289e+00 3.700899599851351540e-04
-6.300000000000000711e+00 3.787916134256877538e-04
-6.275000000000000355e+00 3.877041881991483770e-04
-6.250000000000000000e+00 3.968330037330393498e-04
-6.224999999999999645e+00 4.061835202047528199e-04
-6.199999999999999289e+00 4.157613424660778546e-04
-6.175000000000000711e+00 4.255722240824895810e-04
-6.150000000000000355e+00 4.356220714907660906e-04
-6.125000000000000000e+00 4.459169482788214920e-04
-6.099999999999999645e+00 4.564630795907762949e-04
-6.074999999999999289e+00 4.672668566619778271e-04
-6.050000000000000711e+00 4.783348414871186650e-04
-6.025000000000000355e+00 4.896737716258297863e-04
-6.000000000000000000e+00 5.012905651496104252e-04
-5.974999999999999645e+00 5.131923257350242285e-04
-5.949999999999999289e+00 5.253863479069315360e-04
-5.925000000000000711e+00 5.378801224362282770e-04
-5.900000000000000355e+00 5.506813418974368162e-04
-5.875000000000000000e+00 5.637979063901321078e-04
-5.849999999999999645e+00 5.772379294300000610e-04
-5.824999999999999289e+00 5.910097440133303074e-04
-5.800000000000000711e+00 6.051219088619440604e-04
-5.775000000000000355e+00 6.195832148521271312e-04
-5.750000000000000000e+00 6.344026916343002351e-04
-5.724999999999999645e+00 6.495896144486300013e-04
-5.699999999999999289e+00 6.651535111424743000e-04
-5.675000000000000711e+00 6.811041693956326965e-04
-5.650000000000000355e+00 6.974516441595566153e-04
-5.625000000000000000e+00 7.142062653170310393e-04
-5.599999999999999645e+00 7.313786455685410918e-04
-5.574999999999999289e+00 7.489796885521051838e-04
-5.550000000000000711e+00 7.670205972034186467e-04
-5.525000000000000355e+00 7.855128823634413560e-04
-5.500000000000000000e+00 8.044683716403459080e-04
-5.474999999999999645e+00 8.238992185333057165e-04
-5.449999999999999289e+00 8.438179118260571120e-04
-5.425000000000000711e+00 8.642372852572447047e-04
-5.400000000000000355e+00 8.851705274761607423e-04
-5.375000000000000000e+00 9.066311922916301834e-04
-5.349999999999999645e+00 9.286332092223700038e-04
-5.325000000000001066e+00 9.511908943572401545e-04
-5.300000000000000711e+00 9.743189615346925297e-04
-5.275000000000000355e+00 9.980325338490038910e-04
-5.250000000000000000e+00 1.022347155493661406e-03
-5.224999999999999645e+00 1.047278803950277238e-03
-5.200000000000001066e+00 1.072843902532736454e-03
-5.175000000000000711e+00 1.099059333296098289e-03
-5.150000000000000355e+00 1.125942450320052083e-03
-5.125000000000000000e+00 1.153511093376646986e-03
-5.099999999999999645e+00 1.181783601992598401e-03
-5.075000000000001066e+00 1.210778829916129987e-03
-5.050000000000000711e+00 1.240516159999114536e-03
-5.025000000000000355e+00 1.271015519504445010e-03
-5.000000000000000000e+00 1.302297395849350914e-03
-4.974999999999999645e+00 1.334382852796268774e-03
-4.950000000000001066e+00 1.367293547100353846e-03
-4.925000000000000711e+00 1.401051745626175115e-03
-4.900000000000000355e+00 1.435680342943667547e-03
-4.875000000000000000e+00 1.471202879414000185e-03
-4.849999999999999645e+00 1.507643559777479061e-03
-4.825000000000001066e+00 1.545027272253162321e-03
-4.800000000000000711e+00 1.583379608162011629e-03
-4.775000000000000355e+00 1.622726882083782001e-03
-4.750000000000000000e+00 1.663096152558833163e-03
-4.724999999999999645e+00 1.704515243345213968e-03
-4.700000000000001066e+00 1.747012765241305913e-03
-4.675000000000000711e+00 1.790618138484471834e-03
-4.650000000000000355e+00 1.835361615735049299e-03
-4.625000000000000000e+00 1.881274305655643644e-03
-4.599999999999999645e+00 1.928388197094787820e-03
-4.575000000000001066e+00 1.976736183883178854e-03
-4.550000000000000711e+00 2.026352090250713080e-03
-4.525000000000000355e+00 2.077270696872257801e-03
-4.500000000000000000e+00 2.129527767548153056e-03
-4.474999999999999645e+00 2.183160076525493369e-03
-4.450000000000001066e+00 2.238205436465826211e-03
-4.425000000000000711e+00 2.294702727062597220e-03
-4.400000000000000355e+00 2.352691924311217479e-03
-4.375000000000000000e+00 2.412214130433884378e-03
-4.349999999999999645e+00 2.473311604458682065e-03
-4.325000000000001066e+00 2.536027793452282336e-03
-4.300000000000000711e+00 2.600407364402400074e-03
-4.275000000000000355e+00 2.666496236746185126e-03
-4.250000000000000000e+00 2.734341615535917317e-03
-4.224999999999999645e+00 2.803992025234222640e-03
-4.200000000000001066e+00 2.875497344126209595e-03
-4.175000000000000711e+00 2.948908839334535553e-03
-4.150000000000000355e+00 3.024279202419044143e-03
-4.125000000000000000e+00 3.101662585541069446e-03
-4.099999999999999645e+00 3.181114638168147310e-03
-4.075000000000001066e+00 3.262692544290274940e-03
-4.050000000000000711e+00 3.346455060116161097e-03
-4.025000000000000355e+00 3.432462552212609680e-03
-4.000000000000000000e+00 3.520777036045294895e-03
-3.974999999999999645e+00 3.611462214873220958e-03
-3.950000000000001066e+00 3.704583518945883669e-03
-3.925000000000000711e+00 3.800208144942659235e-03
-3.900000000000000355e+00 3.898405095589443231e-03
-3.875000000000000000e+00 3.999245219380003977e-03
-3.849999999999999645e+00 4.102801250321900899e-03
-3.825000000000001066e+00 4.209147847617127416e-03
-3.800000000000000711e+00 4.318361635181222451e-03
-3.775000000000000355e+00 4.430521240892693578e-03
-3.750000000000000000e+00 4.545707335455772928e-03
-3.724999999999999645e+00 4.664002670747774588e-03
-3.700000000000001066e+00 4.785492117511161957e-03
-3.675000000000000711e+00 4.910262702237639006e-03
-3.650000000000000355e+00 5.038403643077809212e-03
-3.625000000000000000e+00 5.170006384596552082e-03
-3.599999999999999645e+00 5.305164631178311239e-03
-3.575000000000001066e+00 5.443974378870844281e-03
-3.550000000000000711e+00 5.586533945438411884e-03
-3.525000000000000355e+00 5.732943998377409284e-03
-3.500000000000000000e+00 5.883307580628357840e-03
-3.474999999999999645e+00 6.037730133697519035e-03
-3.450000000000001066e+00 6.196319517879732633e-03
-3.425000000000000711e+00 6.359186029251969081e-03
-3.400000000000000355e+00 6.526442413082241510e-03
-3.375000000000000000e+00 6.698203873274395301e-03
-3.349999999999999645e+00 6.874588077441713685e-03
-3.325000000000001066e+00 7.055715157175966416e-03
-3.300000000000000711e+00 7.241707703048628868e-03
-3.275000000000000355e+00 7.432690753851022882e-03
-3.250000000000000000e+00 7.628791779548886598e-03
-3.224999999999999645e+00 7.830140657394542639e-03
-3.200000000000001066e+00 8.036869640605702469e-03
-3.175000000000000711e+00 8.249113318985056009e-03
-3.150000000000000355e+00 8.467008570819497398e-03
-3.125000000000000000e+00 8.690694505360918587e-03
-3.099999999999999645e+00 8.920312395152368845e-03
-3.075000000000001066e+00 9.156005597426514556e-03
-3.050000000000000711e+00 9.397919463763369091e-03
-3.025000000000000355e+00 9.646201237157423988e-03
-3.000000000000000000e+00 9.900999935602413857e-03
-2.974999999999999645e+00 1.016246622126770749e-02
-2.950000000000001066e+00 1.043075225429821243e-02
-2.925000000000000711e+00 1.070601153023690959e-02
-2.900000000000000355e+00 1.098839870003011539e-02
-2.875000000000000000e+00 1.127806937154551305e-02
-2.849999999999999645e+00 1.157517989149963594e-02
-2.825000000000001066e+00 1.187988710666505049e-02
-2.800000000000000711e+00 1.219234810320312702e-02
-2.775000000000000355e+00 1.251271992294844017e-02
-2.750000000000000000e+00 1.284115925545695897e-02
-2.724999999999999645e+00 1.317782210462163650e-02
-2.700000000000001066e+00 1.352286342865937491e-02
-2.675000000000000711e+00 1.387643675227842772e-02
-2.650000000000000355e+00 1.423869374985447731e-02
-2.625000000000000000e+00 1.460978379846814175e-02
-2.599999999999999645e+00 1.498985349969843978e-02
-2.575000000000001066e+00 1.537904616911613294e-02
-2.550000000000000711e+00 1.577750129248907049e-02
-2.525000000000000355e+00 1.618535394779474848e-02
-2.500000000000000000e+00 1.660273419223322333e-02
-2.474999999999999645e+00 1.702976641355611470e-02
-2.450000000000001066e+00 1.746656864516540550e-02
-2.425000000000000711e+00 1.791325184459873279e-02
-2.400000000000000355e+00 1.836991913520507821e-02
-2.375000000000000000e+00 1.883666501102456564e-02
-2.349999999999999645e+00 1.931357450512858828e-02
-2.325000000000001066e+00 1.980072232193864912e-02
-2.300000000000000711e+00 2.029817193434294356e-02
-2.275000000000000355e+00 2.080597464675414468e-02
-2.250000000000000000e+00 2.132416862561090781e-02
-2.224999999999999645e+00 2.185277789921490771e-02
-2.200000000000001066e+00 2.239181132921673825e-02
-2.175000000000000711e+00 2.294126155651735402e-02
-2.150000000000000355e+00 2.350110392483434688e-02
-2.125000000000000000e+00 2.407129538569607180e-02
-2.099999999999999645e+00 2.465177338916542740e-02
-2.075000000000001066e+00 2.524245476516247602e-02
-2.050000000000000711e+00 2.584323460083689725e-02
-2.025000000000000355e+00 2.645398512004864741e-02
-2.000000000000000000e+00 2.707455457162777010e-02
-1.974999999999999645e+00 2.770476613370452187e-02
-1.950000000000001066e+00 2.834441684202318457e-02
-1.925000000000000711e+00 2.899327655076249996e-02
-1.900000000000000355e+00 2.965108693497706810e-02
-1.875000000000000000e+00 3.031756054434265810e-02
-1.849999999999999645e+00 3.099237991841011230e-02
-1.825000000000001066e+00 3.167519677405334494e-02
-1.800000000000000711e+00 3.236563127620602914e-02
-1.775000000000000355e+00 3.306327140332164516e-02
-1.750000000000000000e+00 3.376767241923768481e-02
-1.724999999999999645e+00 3.447835646327029879e-02
-1.700000000000001066e+00 3.519481227039227694e-02
-1.675000000000000711e+00 3.591649503324716164e-02
-1.650000000000000355e+00 3.664282641750042646e-02
-1.625000000000000000e+00 3.737319474163348226e-02
-1.599999999999999645e+00 3.810695533171151034e-02
-1.575000000000001066e+00 3.884343106091787262e-02
-1.550000000000000711e+00 3.958191308271988978e-02
-1.525000000000000355e+00 4.032166176541855662e-02
-1.500000000000000000e+00 4.106190783453698284e-02
-1.474999999999999645e+00 4.180185372801232396e-02
-1.450000000000001066e+00 4.254067516749458766e-02
-1.425000000000000711e+00 4.327752294721298743e-02
-1.400000000000000355e+00 4.401152493987562503e-02
-1.375000000000000000e+00 4.474178831693002845e-02
-1.349999999999999645e+00 4.546740197826394658e-02
-1.325000000000001066e+00 4.618743918406584270e-02
-1.300000000000000711e+00 4.690096037916602345e-02
-1.275000000000000355e+00 4.760701619773310966e-02
-1.250000000000000000e+00 4.830465063377459289e-02
-1.224999999999999645e+00 4.899290436049927311e-02
-1.200000000000001066e+00 4.967081817931420784e-02
-1.175000000000000711e+00 5.033743657705318231e-02
-1.150000000000000355e+00 5.099181136805003289e-02
-1.125000000000000000e+00 5.163300539588741578e-02
-1.100000000000001421e+00 5.226009626812891384e-02
-1.075000000000001066e+00 5.287218009611027031e-02
-1.050000000000000711e+00 5.346837521094784801e-02
-1.025000000000000355e+00 5.404782582636621230e-02
-1.000000000000000000e+00 5.460970561875221757e-02
-9.750000000000014211e-01 5.515322119503754394e-02
-9.500000000000010658e-01 5.567761541959995869e-02
-9.250000000000007105e-01 5.618217057235792150e-02
-9.000000000000003553e-01 5.666621131159114977e-02
-8.750000000000000000e-01 5.712910741676750087e-02
-8.500000000000014211e-01 5.757027628872614378e-02
-8.250000000000010658e-01 5.798918518696878632e-02
-8.000000000000007105e-01 5.838535318648348238e-02
-7.750000000000003553e-01 5.875835283942749260e-02
-7.500000000000000000e-01 5.910781153009427025e-02
-7.250000000000014211e-01 5.943341251481184390e-02
-7.000000000000010658e-01 5.973489564172732719e-02
-6.750000000000007105e-01 6.001205774876781224e-02
-6.500000000000003553e-01 6.026475274137124000e-02
-6.250000000000000000e-01 6.049289135479895413e-02
-6.000000000000014211e-01 6.069644060893975013e-02
-5.750000000000010658e-01 6.087542296641847844e-02
-5.500000000000007105e-01 6.102991520752219790e-02
-5.250000000000003553e-01 6.116004703788768815e-02
-5.000000000000000000e-01 6.126599944704990558e-02
-4.750000000000014211e-01 6.134800283779667102e-02
-4.500000000000010658e-01 6.140633494778671708e-02
-4.250000000000007105e-01 6.144131858608860297e-02
-4.000000000000003553e-01 6.145331920814329357e-02
-3.750000000000000000e-01 6.144274235317435245e-02
-3.500000000000014211e-01 6.141003096827727520e-02
-3.250000000000010658e-01 6.135566264330959835e-02
-3.000000000000007105e-01 6.128014678031811630e-02
-2.750000000000003553e-01 6.118402172058518690e-02
-2.500000000000000000e-01 6.106785185149245232e-02
-2.250000000000014211e-01 6.093222471430786991e-02
-2.000000000000010658e-01 6.077774813273468385e-02
-1.750000000000007105e-01 6.060504738065088798e-02
-1.500000000000003553e-01 6.041476240594347014e-02
-1.250000000000000000e-01 6.020754512573883027e-02
-1.000000000000014211e-01 5.998405680666268891e-02
-7.500000000000106581e-02 5.974496554209411670e-02
-5.000000000000071054e-02 5.949094383667202779e-02
-2.500000000000213163e-02 5.922266630667447074e-02
0.000000000000000000e+00 5.894080750324753176e-02
