# ZND solution.
# Columns are: spatial coordinate; specific volume; density;
# flow velocity in lab frame; pressure; reaction progress variable.
 -8.0374999999999996e+00   5.5721746169784858e-01   1.7946314836455186e+00   3.0151164610293830e+00   2.1531359046879963e+01   9.9999999999900002e-01
 -8.0250000000000004e+00   5.5721746169784858e-01   1.7946314836455186e+00   3.0151164610293830e+00   2.1531359046879963e+01   9.9999999999900002e-01
 -8.0124999999999993e+00   5.5721746169784858e-01   1.7946314836455186e+00   3.0151164610293830e+00   2.1531359046879963e+01   9.9999999999900002e-01
 -8.0000000000000000e+00   5.5721746169784858e-01   1.7946314836455186e+00   3.0151164610293830e+00   2.1531359046879963e+01   9.9999999999900002e-01
 -7.9874999999999998e+00   5.5721746169784858e-01   1.7946314836455186e+00   3.0151164610293830e+00   2.1531359046879963e+01   9.9999999999900002e-01
 -7.9749999999999996e+00   5.5721746169784858e-01   1.7946314836455186e+00   3.0151164610293830e+00   2.1531359046879963e+01   9.9999999999900002e-01
 -7.9624999999999995e+00   5.5721746169784858e-01   1.7946314836455186e+00   3.0151164610293830e+00   2.1531359046879963e+01   9.9999999999900002e-01
 -7.9499999999999993e+00   5.5721746169784858e-01   1.7946314836455186e+00   3.0151164610293830e+00   2.1531359046879963e+01   9.9999999999900002e-01
 -7.9375000000000000e+00   5.5721746169784858e-01   1.7946314836455186e+00   3.0151164610293830e+00   2.1531359046879963e+01   9.9999999999900002e-01
 -7.9249999999999998e+00   5.5721746169784858e-01   1.7946314836455186e+00   3.0151164610293830e+00   2.1531359046879963e+01   9.9999999999900002e-01
 -7.9124999999999996e+00   5.5721746169784858e-01   1.7946314836455186e+00   3.0151164610293830e+00   2.1531359046879963e+01   9.9999999999900002e-01
 -7.8999999999999995e+00   5.5721746169784858e-01   1.7946314836455186e+00   3.0151164610293830e+00   2.1531359046879963e+01   9.9999999999900002e-01
 -7.8874999999999993e+00   5.5721746169784858e-01   1.7946314836455186e+00   3.0151164610293830e+00   2.1531359046879963e+01   9.9999999999900002e-01
 -7.8750000000000000e+00   5.5721746169784858e-01   1.7946314836455186e+00   3.0151164610293830e+00   2.1531359046879963e+01   9.9999999999900002e-01
 -7.8624999999999998e+00   5.5721746169784858e-01   1.7946314836455186e+00   3.0151164610293830e+00   2.1531359046879963e+01   9.9999999999900002e-01
 -7.8499999999999996e+00   5.5721746169784858e-01   1.7946314836455186e+00   3.0151164610293830e+00   2.1531359046879963e+01   9.9999999999900002e-01
 -7.8374999999999995e+00   5.5721746169784858e-01   1.7946314836455186e+00   3.0151164610293830e+00   2.1531359046879963e+01   9.9999999999900002e-01
 -7.8249999999999993e+00   5.5721746169784858e-01   1.7946314836455186e+00   3.0151164610293830e+00   2.1531359046879963e+01   9.9999999999900002e-01
 -7.8125000000000000e+00   5.5721746169784858e-01   1.7946314836455186e+00   3.0151164610293830e+00   2.1531359046879963e+01   9.9999999999900002e-01
 -7.7999999999999998e+00   5.5721746169784858e-01   1.7946314836455186e+00   3.0151164610293830e+00   2.1531359046879963e+01   9.9999999999900002e-01
 -7.7874999999999996e+00   5.5721746169784858e-01   1.7946314836455186e+00   3.0151164610293830e+00   2.1531359046879963e+01   9.9999999999900002e-01
 -7.7749999999999995e+00   5.5721746169784858e-01   1.7946314836455186e+00   3.0151164610293830e+00   2.1531359046879963e+01   9.9999999999900002e-01
 -7.7624999999999993e+00   5.5721746169784858e-01   1.7946314836455186e+00   3.0151164610293830e+00   2.1531359046879963e+01   9.9999999999900002e-01
 -7.7500000000000000e+00   5.5721746169784858e-01   1.7946314836455186e+00   3.0151164610293830e+00   2.1531359046879963e+01   9.9999999999900002e-01
 -7.7374999999999998e+00   5.5721746169784858e-01   1.7946314836455186e+00   3.0151164610293830e+00   2.1531359046879963e+01   9.9999999999900002e-01
 -7.7249999999999996e+00   5.5721746169784858e-01   1.7946314836455186e+00   3.0151164610293830e+00   2.1531359046879963e+01   9.9999999999900002e-01
 -7.7124999999999995e+00   5.5721746169784858e-01   1.7946314836455186e+00   3.0151164610293830e+00   2.1531359046879963e+01   9.9999999999900002e-01
 -7.6999999999999993e+00   5.5721746169784858e-01   1.7946314836455186e+00   3.0151164610293830e+00   2.1531359046879963e+01   9.9999999999900002e-01
 -7.6875000000000000e+00   5.5721746169784858e-01   1.7946314836455186e+00   3.0151164610293830e+00   2.1531359046879963e+01   9.9999999999900002e-01
 -7.6749999999999998e+00   5.5721746169784858e-01   1.7946314836455186e+00   3.0151164610293830e+00   2.1531359046879963e+01   9.9999999999900002e-01
 -7.6624999999999996e+00   5.5721746169784858e-01   1.7946314836455186e+00   3.0151164610293830e+00   2.1531359046879963e+01   9.9999999999900002e-01
 -7.6499999999999995e+00   5.5721746169784858e-01   1.7946314836455186e+00   3.0151164610293830e+00   2.1531359046879963e+01   9.9999999999900002e-01
 -7.6374999999999993e+00   5.5721746169784858e-01   1.7946314836455186e+00   3.0151164610293830e+00   2.1531359046879963e+01   9.9999999999900002e-01
 -7.6250000000000000e+00   5.5721746169784858e-01   1.7946314836455186e+00   3.0151164610293830e+00   2.1531359046879963e+01   9.9999999999900002e-01
 -7.6124999999999998e+00   5.5721746169784858e-01   1.7946314836455186e+00   3.0151164610293830e+00   2.1531359046879963e+01   9.9999999999900002e-01
 -7.5999999999999996e+00   5.5721746169784858e-01   1.7946314836455186e+00   3.0151164610293830e+00   2.1531359046879963e+01   9.9999999999900002e-01
 -7.5874999999999995e+00   5.5721745157644331e-01   1.7946315162435511e+00   3.0151165299508351e+00   2.1531359516198844e+01   9.9999999999895361e-01
 -7.5749999999999993e+00   5.5721744018910080e-01   1.7946315529187920e+00   3.0151166074926552e+00   2.1531360044217902e+01   9.9999999999890021e-01
 -7.5625000000000000e+00   5.5721742842231614e-01   1.7946315908161043e+00   3.0151166876182769e+00   2.1531360589831287e+01   9.9999999999884392e-01
 -7.5499999999999998e+00   5.5721741648008172e-01   1.7946316292784901e+00   3.0151167689386194e+00   2.1531361143580096e+01   9.9999999999878497e-01
 -7.5374999999999996e+00   5.5721740416823129e-01   1.7946316689313007e+00   3.0151168527758525e+00   2.1531361714467607e+01   9.9999999999872302e-01
 -7.5249999999999995e+00   5.5721739151337701e-01   1.7946317096888265e+00   3.0151169389487613e+00   2.1531362301259847e+01   9.9999999999865763e-01
 -7.5124999999999993e+00   5.5721737860582088e-01   1.7946317512602319e+00   3.0151170268424377e+00   2.1531362899769604e+01   9.9999999999858935e-01
 -7.5000000000000000e+00   5.5721736536779909e-01   1.7946317938959711e+00   3.0151171169864108e+00   2.1531363513602706e+01   9.9999999999851719e-01
 -7.4874999999999998e+00   5.5721735172950781e-01   1.7946318378208614e+00   3.0151172098560095e+00   2.1531364145995880e+01   9.9999999999844147e-01
 -7.4749999999999996e+00   5.5721733784149374e-01   1.7946318825500371e+00   3.0151173044260888e+00   2.1531364789968436e+01   9.9999999999836209e-01
 -7.4624999999999995e+00   5.5721732357330545e-01   1.7946319285036436e+00   3.0151174015849551e+00   2.1531365451569272e+01   9.9999999999827849e-01
 -7.4499999999999993e+00   5.5721730892332655e-01   1.7946319756868871e+00   3.0151175013436147e+00   2.1531366130873334e+01   9.9999999999819067e-01
 -7.4375000000000000e+00   5.5721729394726716e-01   1.7946320239203417e+00   3.0151176033227114e+00   2.1531366825297404e+01   9.9999999999809830e-01
 -7.4249999999999998e+00   5.5721727853084835e-01   1.7946320735720662e+00   3.0151177083004241e+00   2.1531367540140476e+01   9.9999999999800115e-01
 -7.4124999999999996e+00   5.5721726270580263e-01   1.7946321245398602e+00   3.0151178160606715e+00   2.1531368273931143e+01   9.9999999999789901e-01
 -7.3999999999999995e+00   5.5721724658019933e-01   1.7946321764756643e+00   3.0151179258675578e+00   2.1531369021658353e+01   9.9999999999779188e-01
 -7.3874999999999993e+00   5.5721722994559975e-01   1.7946322300507980e+00   3.0151180391404417e+00   2.1531369792987181e+01   9.9999999999767897e-01
 -7.3750000000000000e+00   5.5721721293841164e-01   1.7946322848259328e+00   3.0151181549504575e+00   2.1531370581592547e+01   9.9999999999756062e-01
 -7.3624999999999998e+00   5.5721719551251536e-01   1.7946323409496066e+00   3.0151182736116562e+00   2.1531371389612968e+01   9.9999999999743605e-01
 -7.3499999999999996e+00   5.5721717762688716e-01   1.7946323985539447e+00   3.0151183954033876e+00   2.1531372218950676e+01   9.9999999999730516e-01
 -7.3374999999999995e+00   5.5721715933775928e-01   1.7946324574578405e+00   3.0151185199427402e+00   2.1531373066998235e+01   9.9999999999716760e-01
 -7.3249999999999993e+00   5.5721714053873705e-01   1.7946325180039597e+00   3.0151186479542051e+00   2.1531373938689057e+01   9.9999999999702294e-01
 -7.3125000000000000e+00   5.5721712128854106e-01   1.7946325800031813e+00   3.0151187790379264e+00   2.1531374831300329e+01   9.9999999999687106e-01
 -7.2999999999999998e+00   5.5721710153375825e-01   1.7946326436275328e+00   3.0151189135576186e+00   2.1531375747308761e+01   9.9999999999671130e-01
 -7.2874999999999996e+00   5.5721708131071479e-01   1.7946327087600193e+00   3.0151190512659198e+00   2.1531376685029947e+01   9.9999999999654354e-01
 -7.2749999999999995e+00   5.5721706055095621e-01   1.7946327756211125e+00   3.0151191926289691e+00   2.1531377647638045e+01   9.9999999999636713e-01
 -7.2624999999999993e+00   5.5721703929311528e-01   1.7946328440863879e+00   3.0151193373836978e+00   2.1531378633341696e+01   9.9999999999618172e-01
 -7.2500000000000000e+00   5.5721701745641461e-01   1.7946329144160063e+00   3.0151194860801569e+00   2.1531379645886464e+01   9.9999999999598677e-01
 -7.2374999999999998e+00   5.5721699515836443e-01   1.7946329862315020e+00   3.0151196379181640e+00   2.1531380679823521e+01   9.9999999999578204e-01
 -7.2249999999999996e+00   5.5721697219171096e-01   1.7946330602003795e+00   3.0151197943090082e+00   2.1531381744763006e+01   9.9999999999556677e-01
 -7.2124999999999995e+00   5.5721694873087046e-01   1.7946331357608951e+00   3.0151199540650064e+00   2.1531382832617421e+01   9.9999999999534050e-01
 -7.1999999999999993e+00   5.5721692463543038e-01   1.7946332133652774e+00   3.0151201181422942e+00   2.1531383949897553e+01   9.9999999999510270e-01
 -7.1875000000000000e+00   5.5721689993389723e-01   1.7946332929217155e+00   3.0151202863467574e+00   2.1531385095281578e+01   9.9999999999485278e-01
 -7.1749999999999998e+00   5.5721687463641090e-01   1.7946333743975524e+00   3.0151204586093487e+00   2.1531386268299322e+01   9.9999999999458999e-01
 -7.1624999999999996e+00   5.5721684865521093e-01   1.7946334580754395e+00   3.0151206355276710e+00   2.1531387473020146e+01   9.9999999999431388e-01
 -7.1499999999999995e+00   5.5721682205545053e-01   1.7946335437455379e+00   3.0151208166580643e+00   2.1531388706422966e+01   9.9999999999402367e-01
 -7.1374999999999993e+00   5.5721679478841868e-01   1.7946336315647322e+00   3.0151210023322261e+00   2.1531389970766462e+01   9.9999999999371869e-01
 -7.1250000000000000e+00   5.5721676681119336e-01   1.7946337216712624e+00   3.0151211928424320e+00   2.1531391268040874e+01   9.9999999999339795e-01
 -7.1124999999999998e+00   5.5721673813054828e-01   1.7946338140433133e+00   3.0151213881425574e+00   2.1531392597932122e+01   9.9999999999306100e-01
 -7.0999999999999996e+00   5.5721670872502815e-01   1.7946339087499865e+00   3.0151215883787006e+00   2.1531393961435057e+01   9.9999999999270672e-01
 -7.0874999999999995e+00   5.5721667859055690e-01   1.7946340058044108e+00   3.0151217935786181e+00   2.1531395358738692e+01   9.9999999999233435e-01
 -7.0749999999999993e+00   5.5721664768357093e-01   1.7946341053468926e+00   3.0151220040389548e+00   2.1531396791863017e+01   9.9999999999194311e-01
 -7.0625000000000000e+00   5.5721661599277739e-01   1.7946342074138040e+00   3.0151222198366092e+00   2.1531398261331670e+01   9.9999999999153166e-01
 -7.0499999999999998e+00   5.5721658350934955e-01   1.7946343120335739e+00   3.0151224410316870e+00   2.1531399767553939e+01   9.9999999999109934e-01
 -7.0374999999999996e+00   5.5721655020123506e-01   1.7946344193094348e+00   3.0151226678424479e+00   2.1531401312016058e+01   9.9999999999064482e-01
 -7.0249999999999995e+00   5.5721651606571676e-01   1.7946345292501389e+00   3.0151229002873934e+00   2.1531402894844021e+01   9.9999999999016731e-01
 -7.0124999999999993e+00   5.5721648106545196e-01   1.7946346419759569e+00   3.0151231386208086e+00   2.1531404517769364e+01   9.9999999998966527e-01
 -7.0000000000000000e+00   5.5721644517998459e-01   1.7946347575527737e+00   3.0151233829819883e+00   2.1531406181740618e+01   9.9999999998913769e-01
 -6.9874999999999998e+00   5.5721640839236919e-01   1.7946348760351662e+00   3.0151236334863221e+00   2.1531407887543523e+01   9.9999999998858313e-01
 -6.9749999999999996e+00   5.5721637066638330e-01   1.7946349975397982e+00   3.0151238903804658e+00   2.1531409636857678e+01   9.9999999998800038e-01
 -6.9624999999999995e+00   5.5721633203668308e-01   1.7946351219550529e+00   3.0151241534284297e+00   2.1531411428076112e+01   9.9999999998738787e-01
 -6.9499999999999993e+00   5.5721629238647485e-01   1.7946352496570912e+00   3.0151244234255166e+00   2.1531413266614425e+01   9.9999999998674394e-01
 -6.9375000000000000e+00   5.5721625173706313e-01   1.7946353805772983e+00   3.0151247002266546e+00   2.1531415151484751e+01   9.9999999998606715e-01
 -6.9249999999999998e+00   5.5721621007898459e-01   1.7946355147461548e+00   3.0151249838962833e+00   2.1531417083125895e+01   9.9999999998535583e-01
 -6.9124999999999996e+00   5.5721616736574142e-01   1.7946356523134179e+00   3.0151252747510289e+00   2.1531419063693907e+01   9.9999999998460831e-01
 -6.8999999999999995e+00   5.5721612359583017e-01   1.7946357932839316e+00   3.0151255728011290e+00   2.1531421093258501e+01   9.9999999998382261e-01
 -6.8874999999999993e+00   5.5721607868476231e-01   1.7946359379298114e+00   3.0151258786219066e+00   2.1531423175737324e+01   9.9999999998299660e-01
 -6.8750000000000000e+00   5.5721603265942921e-01   1.7946360861644493e+00   3.0151261920302446e+00   2.1531425309883453e+01   9.9999999998212863e-01
 -6.8624999999999998e+00   5.5721598546528051e-01   1.7946362381635386e+00   3.0151265133976026e+00   2.1531427498226325e+01   9.9999999998121614e-01
 -6.8499999999999996e+00   5.5721593709882211e-01   1.7946363939383345e+00   3.0151268427477742e+00   2.1531429740927962e+01   9.9999999998025735e-01
 -6.8374999999999995e+00   5.5721588752475382e-01   1.7946365536025315e+00   3.0151271803211346e+00   2.1531432039625194e+01   9.9999999997924960e-01
 -6.8249999999999993e+00   5.5721583667155938e-01   1.7946367173864650e+00   3.0151275266046720e+00   2.1531434397634158e+01   9.9999999997819033e-01
 -6.8125000000000000e+00   5.5721578455811716e-01   1.7946368852293357e+00   3.0151278814698346e+00   2.1531436814079477e+01   9.9999999997707711e-01
 -6.7999999999999998e+00   5.5721573110854272e-01   1.7946370573755486e+00   3.0151282454333557e+00   2.1531439292479842e+01   9.9999999997590694e-01
 -6.7874999999999996e+00   5.5721567634163616e-01   1.7946372337645560e+00   3.0151286183672164e+00   2.1531441831963505e+01   9.9999999997467703e-01
 -6.7749999999999995e+00   5.5721562017105986e-01   1.7946374146744299e+00   3.0151290008593308e+00   2.1531444436533853e+01   9.9999999997338440e-01
 -6.7624999999999993e+00   5.5721556260213867e-01   1.7946376000880235e+00   3.0151293928734391e+00   2.1531447105943979e+01   9.9999999997202582e-01
 -6.7500000000000000e+00   5.5721550357752603e-01   1.7946377901900370e+00   3.0151297948000413e+00   2.1531449842852979e+01   9.9999999997059785e-01
 -6.7374999999999998e+00   5.5721544304789206e-01   1.7946379851393515e+00   3.0151302069750483e+00   2.1531452649548232e+01   9.9999999996909705e-01
 -6.7249999999999996e+00   5.5721538101908530e-01   1.7946381849171331e+00   3.0151306293586342e+00   2.1531455525758545e+01   9.9999999996751943e-01
 -6.7124999999999995e+00   5.5721531741239627e-01   1.7946383897768874e+00   3.0151310624867693e+00   2.1531458475133594e+01   9.9999999996586142e-01
 -6.6999999999999993e+00   5.5721525219188206e-01   1.7946385998343797e+00   3.0151315066042059e+00   2.1531461499340011e+01   9.9999999996411848e-01
 -6.6875000000000000e+00   5.5721518532787973e-01   1.7946388151851502e+00   3.0151319619129335e+00   2.1531464599753239e+01   9.9999999996228661e-01
 -6.6749999999999998e+00   5.5721511677789548e-01   1.7946390359660638e+00   3.0151324287023122e+00   2.1531467778343671e+01   9.9999999996036137e-01
 -6.6624999999999996e+00   5.5721504651247777e-01   1.7946392622719798e+00   3.0151329071728914e+00   2.1531471036476940e+01   9.9999999995833788e-01
 -6.6499999999999995e+00   5.5721497447268420e-01   1.7946394942927399e+00   3.0151333977260379e+00   2.1531474376886148e+01   9.9999999995621125e-01
 -6.6374999999999993e+00   5.5721490062551582e-01   1.7946397321346297e+00   3.0151339005864575e+00   2.1531477801101417e+01   9.9999999995397604e-01
 -6.6250000000000000e+00   5.5721482490510510e-01   1.7946399760097951e+00   3.0151344162026734e+00   2.1531481312176957e+01   9.9999999995162669e-01
 -6.6124999999999998e+00   5.5721474728791576e-01   1.7946402259940453e+00   3.0151349447349549e+00   2.1531484911204121e+01   9.9999999994915734e-01
 -6.5999999999999996e+00   5.5721466769207650e-01   1.7946404823510711e+00   3.0151354867408031e+00   2.1531488601979191e+01   9.9999999994656164e-01
 -6.5874999999999995e+00   5.5721458611453645e-01   1.7946407450907040e+00   3.0151360422409925e+00   2.1531492384643638e+01   9.9999999994383393e-01
 -6.5749999999999993e+00   5.5721450246986826e-01   1.7946410144880887e+00   3.0151366118172382e+00   2.1531496263158633e+01   9.9999999994096667e-01
 -6.5625000000000000e+00   5.5721441670912442e-01   1.7946412907008782e+00   3.0151371958028479e+00   2.1531500239793825e+01   9.9999999993795308e-01
 -6.5499999999999998e+00   5.5721432880139343e-01   1.7946415738286363e+00   3.0151377944083118e+00   2.1531504315982545e+01   9.9999999993478572e-01
 -6.5374999999999996e+00   5.5721423867074582e-01   1.7946418641159192e+00   3.0151384081506700e+00   2.1531508495245561e+01   9.9999999993145661e-01
 -6.5249999999999995e+00   5.5721414625697818e-01   1.7946421617566330e+00   3.0151390374398761e+00   2.1531512780374445e+01   9.9999999992795741e-01
 -6.5124999999999993e+00   5.5721405153649095e-01   1.7946424668267933e+00   3.0151396824366308e+00   2.1531517172463484e+01   9.9999999992427968e-01
 -6.5000000000000000e+00   5.5721395440905741e-01   1.7946427796492119e+00   3.0151403438234254e+00   2.1531521676160082e+01   9.9999999992041444e-01
 -6.4874999999999998e+00   5.5721385484782604e-01   1.7946431003103789e+00   3.0151410217831045e+00   2.1531526292709316e+01   9.9999999991635180e-01
 -6.4749999999999996e+00   5.5721375277049756e-01   1.7946434290753679e+00   3.0151417168760828e+00   2.1531531025927318e+01   9.9999999991208166e-01
 -6.4624999999999995e+00   5.5721364811513252e-01   1.7946437661436787e+00   3.0151424295241362e+00   2.1531535878686157e+01   9.9999999990759358e-01
 -6.4499999999999993e+00   5.5721354082628072e-01   1.7946441116939120e+00   3.0151431601048504e+00   2.1531540853556997e+01   9.9999999990287636e-01
 -6.4375000000000000e+00   5.5721343082757568e-01   1.7946444659720349e+00   3.0151439091382417e+00   2.1531545954080869e+01   9.9999999989791821e-01
 -6.4249999999999998e+00   5.5721331806972307e-01   1.7946448291368224e+00   3.0151446769599786e+00   2.1531551182543506e+01   9.9999999989270727e-01
 -6.4124999999999996e+00   5.5721320246530426e-01   1.7946452014698386e+00   3.0151454641653355e+00   2.1531556542998413e+01   9.9999999988723032e-01
 -6.3999999999999995e+00   5.5721308394380265e-01   1.7946455831982120e+00   3.0151462712344936e+00   2.1531562038715371e+01   9.9999999988147370e-01
 -6.3874999999999993e+00   5.5721296243608687e-01   1.7946459745446095e+00   3.0151470986382014e+00   2.1531567672899929e+01   9.9999999987542321e-01
 -6.3750000000000000e+00   5.5721283786104392e-01   1.7946463757702888e+00   3.0151479469287961e+00   2.1531573449313210e+01   9.9999999986906385e-01
 -6.3624999999999998e+00   5.5721271015068152e-01   1.7946467870942497e+00   3.0151488165692686e+00   2.1531579371107945e+01   9.9999999986237953e-01
 -6.3499999999999996e+00   5.5721257921985901e-01   1.7946472087907237e+00   3.0151497081393828e+00   2.1531585442232018e+01   9.9999999985535426e-01
 -6.3374999999999995e+00   5.5721244498773204e-01   1.7946476411201058e+00   3.0151506221896458e+00   2.1531591666434096e+01   9.9999999984797028e-01
 -6.3249999999999993e+00   5.5721230736540328e-01   1.7946480843687282e+00   3.0151515593254019e+00   2.1531598047836251e+01   9.9999999984020926e-01
 -6.3125000000000000e+00   5.5721216627840853e-01   1.7946485387764390e+00   3.0151525200537135e+00   2.1531604589891312e+01   9.9999999983205179e-01
 -6.2999999999999998e+00   5.5721202163323413e-01   1.7946490046444403e+00   3.0151535050113587e+00   2.1531611296935409e+01   9.9999999982347820e-01
 -6.2874999999999996e+00   5.5721187333723676e-01   1.7946494822711327e+00   3.0151545148291907e+00   2.1531618173264317e+01   9.9999999981446663e-01
 -6.2749999999999995e+00   5.5721172131301988e-01   1.7946499719058115e+00   3.0151555500342386e+00   2.1531625222466825e+01   9.9999999980499532e-01
 -6.2624999999999993e+00   5.5721156545631456e-01   1.7946504738843223e+00   3.0151566113365194e+00   2.1531632449377781e+01   9.9999999979504084e-01
 -6.2500000000000000e+00   5.5721140567420890e-01   1.7946509885059341e+00   3.0151576993687139e+00   2.1531639858305407e+01   9.9999999978457799e-01
 -6.2374999999999998e+00   5.5721124186366466e-01   1.7946515161025312e+00   3.0151588148324593e+00   2.1531647454027482e+01   9.9999999977358101e-01
 -6.2249999999999996e+00   5.5721107391330205e-01   1.7946520570328663e+00   3.0151599584861923e+00   2.1531655241708563e+01   9.9999999976202270e-01
 -6.2124999999999995e+00   5.5721090173948362e-01   1.7946526115663408e+00   3.0151611308994406e+00   2.1531663225226833e+01   9.9999999974987397e-01
 -6.1999999999999993e+00   5.5721072521873338e-01   1.7946531801006691e+00   3.0151623329130111e+00   2.1531671410307744e+01   9.9999999973710518e-01
 -6.1875000000000000e+00   5.5721054425166272e-01   1.7946537629559869e+00   3.0151635652036877e+00   2.1531679801559843e+01   9.9999999972368447e-01
 -6.1749999999999998e+00   5.5721035872189850e-01   1.7946543605071350e+00   3.0151648285639103e+00   2.1531688404379228e+01   9.9999999970957887e-01
 -6.1624999999999996e+00   5.5721016851657368e-01   1.7946549731176631e+00   3.0151661237622438e+00   2.1531697223999419e+01   9.9999999969475328e-01
 -6.1500000000000004e+00   5.5720997351788049e-01   1.7946556011670360e+00   3.0151674516008979e+00   2.1531706265883049e+01   9.9999999967917075e-01
 -6.1374999999999993e+00   5.5720977360433499e-01   1.7946562450465606e+00   3.0151688129071141e+00   2.1531715535663192e+01   9.9999999966279285e-01
 -6.1250000000000000e+00   5.5720956865191507e-01   1.7946569051557206e+00   3.0151702085254182e+00   2.1531725039090624e+01   9.9999999964557884e-01
 -6.1124999999999998e+00   5.5720935853104570e-01   1.7946575819118866e+00   3.0151716393381474e+00   2.1531734782173601e+01   9.9999999962748609e-01
 -6.0999999999999996e+00   5.5720914311783964e-01   1.7946582757141121e+00   3.0151731061889087e+00   2.1531744770656648e+01   9.9999999960846975e-01
 -6.0875000000000004e+00   5.5720892227112750e-01   1.7946589870171148e+00   3.0151746100389922e+00   2.1531755011085636e+01   9.9999999958848262e-01
 -6.0749999999999993e+00   5.5720869585963373e-01   1.7946597162437494e+00   3.0151761517823146e+00   2.1531765509547679e+01   9.9999999956747521e-01
 -6.0625000000000000e+00   5.5720846373419852e-01   1.7946604638744745e+00   3.0151777324345765e+00   2.1531776272959156e+01   9.9999999954539487e-01
 -6.0499999999999998e+00   5.5720822575923257e-01   1.7946612303460430e+00   3.0151793529190698e+00   2.1531787307607200e+01   9.9999999952218743e-01
 -6.0374999999999996e+00   5.5720798178933817e-01   1.7946620161268019e+00   3.0151810142258761e+00   2.1531798620233747e+01   9.9999999949779550e-01
 -6.0250000000000004e+00   5.5720773166960846e-01   1.7946628217157286e+00   3.0151827174098300e+00   2.1531810218021672e+01   9.9999999947215834e-01
 -6.0124999999999993e+00   5.5720747524260139e-01   1.7946636476199680e+00   3.0151844635430289e+00   2.1531822108271392e+01   9.9999999944521234e-01
 -6.0000000000000000e+00   5.5720721235438853e-01   1.7946644943353525e+00   3.0151862536736451e+00   2.1531834298120405e+01   9.9999999941689077e-01
 -5.9874999999999998e+00   5.5720694283302796e-01   1.7946653624157352e+00   3.0151880889725118e+00   2.1531846795541476e+01   9.9999999938712325e-01
 -5.9749999999999996e+00   5.5720666652234785e-01   1.7946662523641810e+00   3.0151899705030778e+00   2.1531859607776131e+01   9.9999999935583628e-01
 -5.9625000000000004e+00   5.5720638324660277e-01   1.7946671647468011e+00   3.0151918994620774e+00   2.1531872742973498e+01   9.9999999932295203e-01
 -5.9499999999999993e+00   5.5720609282983924e-01   1.7946681001303804e+00   3.0151938770476607e+00   2.1531886209292356e+01   9.9999999928838912e-01
 -5.9375000000000000e+00   5.5720579508982826e-01   1.7946690591019212e+00   3.0151959045007115e+00   2.1531900015182469e+01   9.9999999925206162e-01
 -5.9249999999999998e+00   5.5720548984957929e-01   1.7946700422315571e+00   3.0151979830264430e+00   2.1531914168850705e+01   9.9999999921387983e-01
 -5.9124999999999996e+00   5.5720517691202864e-01   1.7946710501540792e+00   3.0152001139667548e+00   2.1531928679434696e+01   9.9999999917374871e-01
 -5.9000000000000004e+00   5.5720485608731229e-01   1.7946720834810941e+00   3.0152022986145215e+00   2.1531943555738234e+01   9.9999999913156890e-01
 -5.8874999999999993e+00   5.5720452717112567e-01   1.7946731428707243e+00   3.0152045383609494e+00   2.1531958807234716e+01   9.9999999908723558e-01
 -5.8750000000000000e+00   5.5720418996771259e-01   1.7946742289535644e+00   3.0152068345390357e+00   2.1531974443001140e+01   9.9999999904063919e-01
 -5.8624999999999998e+00   5.5720384425813252e-01   1.7946753424348880e+00   3.0152091886396506e+00   2.1531990473189552e+01   9.9999999899166359e-01
 -5.8499999999999996e+00   5.5720348984131585e-01   1.7946764839624152e+00   3.0152116020319721e+00   2.1532006907123336e+01   9.9999999894018821e-01
 -5.8375000000000004e+00   5.5720312648532588e-01   1.7946776542832901e+00   3.0152140762953672e+00   2.1532023755557152e+01   9.9999999888608471e-01
 -5.8249999999999993e+00   5.5720275396986252e-01   1.7946788541071839e+00   3.0152166129299642e+00   2.1532041028706086e+01   9.9999999882921908e-01
 -5.8125000000000000e+00   5.5720237206510170e-01   1.7946800841744501e+00   3.0152192135007438e+00   2.1532058737226834e+01   9.9999999876945078e-01
 -5.7999999999999998e+00   5.5720198053198289e-01   1.7946813452551986e+00   3.0152218796355830e+00   2.1532076892204380e+01   9.9999999870663070e-01
 -5.7874999999999996e+00   5.5720157912996182e-01   1.7946826381243255e+00   3.0152246129724620e+00   2.1532095504792508e+01   9.9999999864060396e-01
 -5.7750000000000004e+00   5.5720116760828697e-01   1.7946839635896117e+00   3.0152274152188663e+00   2.1532114586618306e+01   9.9999999857120625e-01
 -5.7624999999999993e+00   5.5720074571367717e-01   1.7946853224669936e+00   3.0152302880995081e+00   2.1532134149426152e+01   9.9999999849826593e-01
 -5.7500000000000000e+00   5.5720031318425500e-01   1.7946867156001041e+00   3.0152332333976348e+00   2.1532154205359021e+01   9.9999999842160159e-01
 -5.7374999999999998e+00   5.5719986974825475e-01   1.7946881438644344e+00   3.0152362529638284e+00   2.1532174767018411e+01   9.9999999834102338e-01
 -5.7249999999999996e+00   5.5719941513422078e-01   1.7946896081344870e+00   3.0152393486465594e+00   2.1532195846991428e+01   9.9999999825633135e-01
 -5.7125000000000004e+00   5.5719894905982270e-01   1.7946911093198001e+00   3.0152425223683483e+00   2.1532217458369431e+01   9.9999999816731588e-01
 -5.6999999999999993e+00   5.5719847123832045e-01   1.7946926483441266e+00   3.0152457760817457e+00   2.1532239614448262e+01   9.9999999807375595e-01
 -5.6875000000000000e+00   5.5719798137209897e-01   1.7946942261662577e+00   3.0152491118133526e+00   2.1532262329028011e+01   9.9999999797541983e-01
 -5.6749999999999998e+00   5.5719747915483064e-01   1.7946958437730587e+00   3.0152525316490997e+00   2.1532285616312770e+01   9.9999999787206317e-01
 -5.6624999999999996e+00   5.5719696427921828e-01   1.7946975021545302e+00   3.0152560376815196e+00   2.1532309490551583e+01   9.9999999776343007e-01
 -5.6500000000000004e+00   5.5719643641962924e-01   1.7946992023597432e+00   3.0152596321279992e+00   2.1532333966843694e+01   9.9999999764925063e-01
 -5.6374999999999993e+00   5.5719589525571744e-01   1.7947009454207550e+00   3.0152633171699272e+00   2.1532359060043213e+01   9.9999999752924218e-01
 -5.6250000000000000e+00   5.5719534044998964e-01   1.7947027324248663e+00   3.0152670951054552e+00   2.1532384785799341e+01   9.9999999740310697e-01
 -5.6124999999999998e+00   5.5719477165550468e-01   1.7947045644898250e+00   3.0152709682970698e+00   2.1532411160199377e+01   9.9999999727053213e-01
 -5.5999999999999996e+00   5.5719418852335989e-01   1.7947064427397126e+00   3.0152749391206157e+00   2.1532438199421570e+01   9.9999999713118892e-01
 -5.5875000000000004e+00   5.5719359068864938e-01   1.7947083683501728e+00   3.0152790100609095e+00   2.1532465920386223e+01   9.9999999698473163e-01
 -5.5749999999999993e+00   5.5719297778552535e-01   1.7947103424999011e+00   3.0152831836091831e+00   2.1532494340057305e+01   9.9999999683079732e-01
 -5.5625000000000000e+00   5.5719234942853202e-01   1.7947123664307678e+00   3.0152874623901873e+00   2.1532523476308000e+01   9.9999999666900408e-01
 -5.5499999999999998e+00   5.5719170523161832e-01   1.7947144413865803e+00   3.0152918490327281e+00   2.1532553347039091e+01   9.9999999649895055e-01
 -5.5374999999999996e+00   5.5719104479313131e-01   1.7947165686614197e+00   3.0152963462718496e+00   2.1532583970874793e+01   9.9999999632021508e-01
 -5.5250000000000004e+00   5.5719036770749231e-01   1.7947187495620331e+00   3.0153009568693303e+00   2.1532615366621368e+01   9.9999999613235468e-01
 -5.5124999999999993e+00   5.5718967354970372e-01   1.7947209854577386e+00   3.0153056837191810e+00   2.1532647553985502e+01   9.9999999593490296e-01
 -5.5000000000000000e+00   5.5718896189141187e-01   1.7947232777286886e+00   3.0153105297382643e+00   2.1532680552829504e+01   9.9999999572737064e-01
 -5.4874999999999998e+00   5.5718823229508263e-01   1.7947256277846293e+00   3.0153154979059580e+00   2.1532714383441370e+01   9.9999999550924290e-01
 -5.4749999999999996e+00   5.5718748430289256e-01   1.7947280371006866e+00   3.0153205913397998e+00   2.1532749067049892e+01   9.9999999527997863e-01
 -5.4625000000000004e+00   5.5718671745337722e-01   1.7947305071637414e+00   3.0153258131821192e+00   2.1532784625052688e+01   9.9999999503900916e-01
 -5.4499999999999993e+00   5.5718593126998994e-01   1.7947330395092840e+00   3.0153311666779490e+00   2.1532821079546721e+01   9.9999999478573720e-01
 -5.4375000000000000e+00   5.5718512526879893e-01   1.7947356356966224e+00   3.0153366551226108e+00   2.1532858452971400e+01   9.9999999451953459e-01
 -5.4249999999999998e+00   5.5718429894473176e-01   1.7947382973531922e+00   3.0153422819553821e+00   2.1532896768746404e+01   9.9999999423974051e-01
 -5.4124999999999996e+00   5.5718345178899942e-01   1.7947410261184342e+00   3.0153480506408488e+00   2.1532936050463736e+01   9.9999999394566152e-01
 -5.4000000000000004e+00   5.5718258327736769e-01   1.7947438236815740e+00   3.0153539647487704e+00   2.1532976322431587e+01   9.9999999363656822e-01
 -5.3874999999999993e+00   5.5718169286502339e-01   1.7947466917981614e+00   3.0153600279890389e+00   2.1533017609912367e+01   9.9999999331169365e-01
 -5.3750000000000000e+00   5.5718078000747828e-01   1.7947496322227381e+00   3.0153662440693330e+00   2.1533059938153425e+01   9.9999999297023257e-01
 -5.3624999999999998e+00   5.5717984413109722e-01   1.7947526468037722e+00   3.0153726168958062e+00   2.1533103333753616e+01   9.9999999261133665e-01
 -5.3499999999999996e+00   5.5717888466193755e-01   1.7947557373907654e+00   3.0153791503767069e+00   2.1533147823326050e+01   9.9999999223411751e-01
 -5.3375000000000004e+00   5.5717790100284681e-01   1.7947589059080264e+00   3.0153858485783296e+00   2.1533193434560065e+01   9.9999999183763855e-01
 -5.3249999999999993e+00   5.5717689254386038e-01   1.7947621543211809e+00   3.0153927156542126e+00   2.1533240195739072e+01   9.9999999142091689e-01
 -5.3125000000000000e+00   5.5717585865741692e-01   1.7947654846525867e+00   3.0153997558777195e+00   2.1533288135962426e+01   9.9999999098291825e-01
 -5.2999999999999998e+00   5.5717479870567277e-01   1.7947688989577746e+00   3.0154069735922300e+00   2.1533337284806272e+01   9.9999999052255628e-01
 -5.2874999999999996e+00   5.5717371202865140e-01   1.7947723993636249e+00   3.0154143732918377e+00   2.1533387672873015e+01   9.9999999003868933e-01
 -5.2750000000000004e+00   5.5717259795258112e-01   1.7947759880415122e+00   3.0154219595645739e+00   2.1533439331404747e+01   9.9999998953011693e-01
 -5.2624999999999993e+00   5.5717145578764304e-01   1.7947796672145637e+00   3.0154297371077425e+00   2.1533492292387635e+01   9.9999998899557752e-01
 -5.2500000000000000e+00   5.5717028482554276e-01   1.7947834391654842e+00   3.0154377107444565e+00   2.1533546588664546e+01   9.9999998843374527e-01
 -5.2374999999999998e+00   5.5716908433873957e-01   1.7947873062390420e+00   3.0154458854288864e+00   2.1533602253970777e+01   9.9999998784322652e-01
 -5.2249999999999996e+00   5.5716785358383847e-01   1.7947912708311473e+00   3.0154542662231605e+00   2.1533659322776764e+01   9.9999998722255656e-01
 -5.2125000000000004e+00   5.5716659179635597e-01   1.7947953354057153e+00   3.0154628583330108e+00   2.1533717830530804e+01   9.9999998657019507e-01
 -5.1999999999999993e+00   5.5716529819404004e-01   1.7947995024839773e+00   3.0154716670851620e+00   2.1533777813505097e+01   9.9999998588452454e-01
 -5.1875000000000000e+00   5.5716397197583667e-01   1.7948037746478132e+00   3.0154806979343713e+00   2.1533839308843671e+01   9.9999998516384347e-01
 -5.1749999999999998e+00   5.5716261231597763e-01   1.7948081545588002e+00   3.0154899565036861e+00   2.1533902354836528e+01   9.9999998440636406e-01
 -5.1624999999999996e+00   5.5716121837411736e-01   1.7948126449255652e+00   3.0154994485154192e+00   2.1533966990449606e+01   9.9999998361020737e-01
 -5.1500000000000004e+00   5.5715978928354781e-01   1.7948172485417526e+00   3.0155091798713958e+00   2.1534033255871243e+01   9.9999998277339797e-01
 -5.1374999999999993e+00   5.5715832415875521e-01   1.7948219682616868e+00   3.0155191566015005e+00   2.1534101192161778e+01   9.9999998189385997e-01
 -5.1250000000000000e+00   5.5715682209008410e-01   1.7948268070175666e+00   3.0155293849000082e+00   2.1534170841500973e+01   9.9999998096941112e-01
 -5.1124999999999998e+00   5.5715528214608279e-01   1.7948317678119150e+00   3.0155398711096164e+00   2.1534242247079259e+01   9.9999997999775780e-01
 -5.0999999999999996e+00   5.5715370337128145e-01   1.7948368537247439e+00   3.0155506217365722e+00   2.1534315453200769e+01   9.9999997897648962e-01
 -5.0875000000000004e+00   5.5715208478540490e-01   1.7948420679160957e+00   3.0155616434560342e+00   2.1534390505319820e+01   9.9999997790307249e-01
 -5.0749999999999993e+00   5.5715042538509307e-01   1.7948474136205077e+00   3.0155729431003584e+00   2.1534467449961170e+01   9.9999997677484309e-01
 -5.0625000000000000e+00   5.5714872414073902e-01   1.7948528941572057e+00   3.0155845276806259e+00   2.1534546334866597e+01   9.9999997558900255e-01
 -5.0499999999999998e+00   5.5714697999657070e-01   1.7948585129298469e+00   3.0155964043860908e+00   2.1534627208991143e+01   9.9999997434260812e-01
 -5.0374999999999996e+00   5.5714519187038347e-01   1.7948642734273907e+00   3.0156085805859973e+00   2.1534710122515492e+01   9.9999997303256749e-01
 -5.0250000000000004e+00   5.5714335865276821e-01   1.7948701792265929e+00   3.0156210638348391e+00   2.1534795126881779e+01   9.9999997165562959e-01
 -5.0124999999999993e+00   5.5714147920525847e-01   1.7948762339979831e+00   3.0156338618849743e+00   2.1534882274879482e+01   9.9999997020837827e-01
 -5.0000000000000000e+00   5.5713955236244805e-01   1.7948824414990525e+00   3.0156469826722074e+00   2.1534971620547267e+01   9.9999996868722196e-01
 -4.9874999999999998e+00   5.5713757692820287e-01   1.7948888055864662e+00   3.0156604343415823e+00   2.1535063219348604e+01   9.9999996708838623e-01
 -4.9749999999999996e+00   5.5713555167681128e-01   1.7948953302123680e+00   3.0156742252395521e+00   2.1535157128118449e+01   9.9999996540790304e-01
 -4.9625000000000004e+00   5.5713347535011604e-01   1.7949020194336303e+00   3.0156883639335064e+00   2.1535253405196226e+01   9.9999996364160260e-01
 -4.9499999999999993e+00   5.5713134666107811e-01   1.7949088774003843e+00   3.0157028591875044e+00   2.1535352110260579e+01   9.9999996178510142e-01
 -4.9375000000000000e+00   5.5712916428795523e-01   1.7949159083747850e+00   3.0157177200019172e+00   2.1535453304599297e+01   9.9999995983379253e-01
 -4.9249999999999998e+00   5.5712692687526910e-01   1.7949231167279092e+00   3.0157329556068397e+00   2.1535557051064483e+01   9.9999995778283279e-01
 -4.9124999999999996e+00   5.5712463303530646e-01   1.7949305069349308e+00   3.0157485754518696e+00   2.1535663414002936e+01   9.9999995562713273e-01
 -4.9000000000000004e+00   5.5712228134339781e-01   1.7949380835903459e+00   3.0157645892382585e+00   2.1535772459475076e+01   9.9999995336134129e-01
 -4.8874999999999993e+00   5.5711987034017496e-01   1.7949458514007126e+00   3.0157810069035365e+00   2.1535884255150265e+01   9.9999995097983585e-01
 -4.8750000000000000e+00   5.5711739852836184e-01   1.7949538151950066e+00   3.0157978386433673e+00   2.1535998870455614e+01   9.9999994847670470e-01
 -4.8624999999999998e+00   5.5711486437406288e-01   1.7949619799204843e+00   3.0158150949027736e+00   2.1536116376516247e+01   9.9999994584573582e-01
 -4.8499999999999996e+00   5.5711226630351285e-01   1.7949703506531725e+00   3.0158327863982701e+00   2.1536236846305989e+01   9.9999994308039786e-01
 -4.8375000000000004e+00   5.5710960270338927e-01   1.7949789325968772e+00   3.0158509241157354e+00   2.1536360354632908e+01   9.9999994017382698e-01
 -4.8249999999999993e+00   5.5710687191994646e-01   1.7949877310859936e+00   3.0158695193163081e+00   2.1536486978179443e+01   9.9999993711880819e-01
 -4.8125000000000000e+00   5.5710407225703440e-01   1.7949967515919074e+00   3.0158885835498794e+00   2.1536616795594284e+01   9.9999993390775788e-01
 -4.7999999999999998e+00   5.5710120197692137e-01   1.7950059997203638e+00   3.0159081286494893e+00   2.1536749887454210e+01   9.9999993053270486e-01
 -4.7874999999999996e+00   5.5709825929728385e-01   1.7950154812211878e+00   3.0159281667518241e+00   2.1536886336403686e+01   9.9999992698527063e-01
 -4.7750000000000004e+00   5.5709524238967545e-01   1.7950252019932398e+00   3.0159487103076437e+00   2.1537026227225841e+01   9.9999992325664810e-01
 -4.7624999999999993e+00   5.5709214938078389e-01   1.7950351680803880e+00   3.0159697720732201e+00   2.1537169646784189e+01   9.9999991933758048e-01
 -4.7500000000000000e+00   5.5708897834962146e-01   1.7950453856805861e+00   3.0159913651294707e+00   2.1537316684152906e+01   9.9999991521833742e-01
 -4.7374999999999998e+00   5.5708572732670225e-01   1.7950558611485503e+00   3.0160135028875592e+00   2.1537467430654967e+01   9.9999991088869167e-01
 -4.7249999999999996e+00   5.5708239429199768e-01   1.7950666010023730e+00   3.0160361991028202e+00   2.1537621979956974e+01   9.9999990633789293e-01
 -4.7125000000000004e+00   5.5707897717501376e-01   1.7950776119233032e+00   3.0160594678742285e+00   2.1537780428065545e+01   9.9999990155464114e-01
 -4.6999999999999993e+00   5.5707547385304823e-01   1.7950889007613922e+00   3.0160833236562725e+00   2.1537942873408145e+01   9.9999989652705912e-01
 -4.6875000000000000e+00   5.5707188214973091e-01   1.7951004745402281e+00   3.0161077812688890e+00   2.1538109416900760e+01   9.9999989124266231e-01
 -4.6749999999999998e+00   5.5706819983316014e-01   1.7951123404629743e+00   3.0161328559101563e+00   2.1538280162034315e+01   9.9999988568832798e-01
 -4.6624999999999996e+00   5.5706442461531658e-01   1.7951245059142928e+00   3.0161585631602832e+00   2.1538455214901855e+01   9.9999987985026206e-01
 -4.6500000000000004e+00   5.5706055414995959e-01   1.7951369784671596e+00   3.0161849189959367e+00   2.1538634684296081e+01   9.9999987371396559e-01
 -4.6374999999999993e+00   5.5705658603186392e-01   1.7951497658853628e+00   3.0162119397954368e+00   2.1538818681744750e+01   9.9999986726419821e-01
 -4.6250000000000000e+00   5.5705251779493015e-01   1.7951628761296323e+00   3.0162396423516249e+00   2.1539007321598287e+01   9.9999986048494038e-01
 -4.6124999999999998e+00   5.5704834691051808e-01   1.7951763173630526e+00   3.0162680438832119e+00   2.1539200721107076e+01   9.9999985335935349e-01
 -4.5999999999999996e+00   5.5704407078601770e-01   1.7951900979557125e+00   3.0162971620445105e+00   2.1539399000487702e+01   9.9999984586973789e-01
 -4.5875000000000004e+00   5.5703968676328330e-01   1.7952042264897992e+00   3.0163270149360963e+00   2.1539602282995578e+01   9.9999983799748882e-01
 -4.5749999999999993e+00   5.5703519211681196e-01   1.7952187117655163e+00   3.0163576211172125e+00   2.1539810695009397e+01   9.9999982972304946e-01
 -4.5625000000000000e+00   5.5703058405185768e-01   1.7952335628072145e+00   3.0163889996186106e+00   2.1540024366118583e+01   9.9999982102586393e-01
 -4.5499999999999998e+00   5.5702585970335172e-01   1.7952487888669253e+00   3.0164211699499033e+00   2.1540243429173351e+01   9.9999981188432407e-01
 -4.5374999999999996e+00   5.5702101613388766e-01   1.7952643994309117e+00   3.0164541521132859e+00   2.1540468020378139e+01   9.9999980227571728e-01
 -4.5250000000000004e+00   5.5701605033063739e-01   1.7952804042296684e+00   3.0164879666245348e+00   2.1540698279434601e+01   9.9999979217616852e-01
 -4.5124999999999993e+00   5.5701095920535704e-01   1.7952968132379656e+00   3.0165226345129676e+00   2.1540934349541349e+01   9.9999978156058200e-01
 -4.5000000000000000e+00   5.5700573959150190e-01   1.7953136366842148e+00   3.0165581773410910e+00   2.1541176377527719e+01   9.9999977040257815e-01
 -4.4874999999999998e+00   5.5700038824207687e-01   1.7953308850574659e+00   3.0165946172192353e+00   2.1541424513953451e+01   9.9999975867442759e-01
 -4.4749999999999996e+00   5.5699490182785882e-01   1.7953485691132114e+00   3.0166319768176608e+00   2.1541678913191106e+01   9.9999974634698274e-01
 -4.4625000000000004e+00   5.5698927693509015e-01   1.7953666998808973e+00   3.0166702793822640e+00   2.1541939733533020e+01   9.9999973338960402e-01
 -4.4499999999999993e+00   5.5698351006412006e-01   1.7953852886683841e+00   3.0167095487438274e+00   2.1542207137254312e+01   9.9999971977008517e-01
 -4.4375000000000000e+00   5.5697759762581567e-01   1.7954043470736003e+00   3.0167498093424605e+00   2.1542481290779278e+01   9.9999970545457129e-01
 -4.4249999999999998e+00   5.5697153594080595e-01   1.7954238869870693e+00   3.0167910862327472e+00   2.1542762364716477e+01   9.9999969040747516e-01
 -4.4124999999999996e+00   5.5696532123590181e-01   1.7954439206035442e+00   3.0168334051081227e+00   2.1543050534024704e+01   9.9999967459138894e-01
 -4.4000000000000004e+00   5.5695894964229442e-01   1.7954644604279142e+00   3.0168767923131430e+00   2.1543345978096543e+01   9.9999965796698953e-01
 -4.3874999999999993e+00   5.5695241719343347e-01   1.7954855192821491e+00   3.0169212748579310e+00   2.1543648880856740e+01   9.9999964049294165e-01
 -4.3750000000000000e+00   5.5694571982156915e-01   1.7955071103165563e+00   3.0169668804417267e+00   2.1543959430922566e+01   9.9999962212579396e-01
 -4.3624999999999998e+00   5.5693885335635129e-01   1.7955292470144129e+00   3.0170136374624232e+00   2.1544277821668761e+01   9.9999960281987177e-01
 -4.3499999999999996e+00   5.5693181352124888e-01   1.7955519432036298e+00   3.0170615750409500e+00   2.1544604251393547e+01   9.9999958252716115e-01
 -4.3375000000000004e+00   5.5692459593146271e-01   1.7955752130636080e+00   3.0171107230354863e+00   2.1544938923415440e+01   9.9999956119719113e-01
 -4.3249999999999993e+00   5.5691719609076640e-01   1.7955990711355587e+00   3.0171611120629716e+00   2.1545282046219715e+01   9.9999953877690639e-01
 -4.3125000000000000e+00   5.5690960938876810e-01   1.7956235323314718e+00   3.0172127735177519e+00   2.1545633833585374e+01   9.9999951521053443e-01
 -4.2999999999999998e+00   5.5690183109823244e-01   1.7956486119428992e+00   3.0172657395898166e+00   2.1545994504709331e+01   9.9999949043944780e-01
 -4.2874999999999996e+00   5.5689385637132005e-01   1.7956743256532357e+00   3.0173200432904048e+00   2.1546364284380786e+01   9.9999946440201581e-01
 -4.2750000000000004e+00   5.5688568023777218e-01   1.7957006895437360e+00   3.0173757184643679e+00   2.1546743403065388e+01   9.9999943703345184e-01
 -4.2625000000000002e+00   5.5687729760060956e-01   1.7957277201075568e+00   3.0174327998194568e+00   2.1547132097104690e+01   9.9999940826565115e-01
 -4.2500000000000000e+00   5.5686870323360971e-01   1.7957554342580715e+00   3.0174913229435001e+00   2.1547530608833114e+01   9.9999937802702010e-01
 -4.2374999999999998e+00   5.5685989177733886e-01   1.7957838493418579e+00   3.0175513243314271e+00   2.1547939186761948e+01   9.9999934624229736e-01
 -4.2249999999999996e+00   5.5685085773685172e-01   1.7958129831463150e+00   3.0176128414009278e+00   2.1548358085686004e+01   9.9999931283236698e-01
 -4.2125000000000004e+00   5.5684159547667522e-01   1.7958428539160516e+00   3.0176759125266130e+00   2.1548787566916221e+01   9.9999927771405772e-01
 -4.2000000000000002e+00   5.5683209921864152e-01   1.7958734803600960e+00   3.0177405770547701e+00   2.1549227898380149e+01   9.9999924079993774e-01
 -4.1875000000000000e+00   5.5682236303728760e-01   1.7959048816669654e+00   3.0178068753346894e+00   2.1549679354835249e+01   9.9999920199809444e-01
 -4.1749999999999998e+00   5.5681238085661100e-01   1.7959370775153751e+00   3.0178748487407558e+00   2.1550142218019349e+01   9.9999916121190424e-01
 -4.1624999999999996e+00   5.5680214644588033e-01   1.7959700880880087e+00   3.0179445397009759e+00   2.1550616776844887e+01   9.9999911833979149e-01
 -4.1500000000000004e+00   5.5679165341566872e-01   1.7960039340845817e+00   3.0180159917239902e+00   2.1551103327582840e+01   9.9999907327497306e-01
 -4.1375000000000002e+00   5.5678089521407970e-01   1.7960386367343022e+00   3.0180892494247713e+00   2.1551602174037740e+01   9.9999902590519152e-01
 -4.1250000000000000e+00   5.5676986512222459e-01   1.7960742178107567e+00   3.0181643585554214e+00   2.1552113627757358e+01   9.9999897611243427e-01
 -4.1124999999999998e+00   5.5675855625033077e-01   1.7961106996447815e+00   3.0182413660316727e+00   2.1552638008213187e+01   9.9999892377263699e-01
 -4.0999999999999996e+00   5.5674696153264469e-01   1.7961481051412354e+00   3.0183203199675943e+00   2.1553175643036756e+01   9.9999886875537247e-01
 -4.0875000000000004e+00   5.5673507372386377e-01   1.7961864577908597e+00   3.0184012696998903e+00   2.1553726868185105e+01   9.9999881092352427e-01
 -4.0750000000000002e+00   5.5672288539360437e-01   1.7962257816884923e+00   3.0184842658255699e+00   2.1554292028197278e+01   9.9999875013294237e-01
 -4.0625000000000000e+00   5.5671038892216351e-01   1.7962661015471277e+00   3.0185693602308068e+00   2.1554871476390868e+01   9.9999868623208188e-01
 -4.0499999999999998e+00   5.5669757649532581e-01   1.7963074427150776e+00   3.0186566061263025e+00   2.1555465575102790e+01   9.9999861906162169e-01
 -4.0374999999999996e+00   5.5668444009978557e-01   1.7963498311911685e+00   3.0187460580784591e+00   2.1556074695901572e+01   9.9999854845406588e-01
 -4.0250000000000004e+00   5.5667097151763290e-01   1.7963932936429834e+00   3.0188377720469255e+00   2.1556699219843029e+01   9.9999847423332211e-01
 -4.0125000000000002e+00   5.5665716232095785e-01   1.7964378574247450e+00   3.0189318054213401e+00   2.1557339537720452e+01   9.9999839621425946e-01
 -4.0000000000000000e+00   5.5664300386681165e-01   1.7964835505940728e+00   3.0190282170556442e+00   2.1557996050298250e+01   9.9999831420224261e-01
 -3.9874999999999998e+00   5.5662848729143666e-01   1.7965304019311272e+00   3.0191270673073700e+00   2.1558669168579510e+01   9.9999822799264382e-01
 -3.9749999999999996e+00   5.5661360350454492e-01   1.7965784409576233e+00   3.0192284180766027e+00   2.1559359314071298e+01   9.9999813737032772e-01
 -3.9625000000000004e+00   5.5659834318340073e-01   1.7966276979565086e+00   3.0193323328462744e+00   2.1560066919059029e+01   9.9999804210910959e-01
 -3.9500000000000002e+00   5.5658269676706051e-01   1.7966782039911624e+00   3.0194388767213884e+00   2.1560792426873562e+01   9.9999794197118652e-01
 -3.9375000000000000e+00   5.5656665444968723e-01   1.7967299909276158e+00   3.0195481164745432e+00   2.1561536292201222e+01   9.9999783670653930e-01
 -3.9249999999999998e+00   5.5655020617494244e-01   1.7967830914533278e+00   3.0196601205841196e+00   2.1562298981343801e+01   9.9999772605230219e-01
 -3.9124999999999996e+00   5.5653334162850276e-01   1.7968375391020510e+00   3.0197749592852414e+00   2.1563080972565594e+01   9.9999760973209995e-01
 -3.9000000000000004e+00   5.5651605023228767e-01   1.7968933682732131e+00   3.0198927046090795e+00   2.1563882756361032e+01   9.9999748745535255e-01
 -3.8875000000000002e+00   5.5649832113714093e-01   1.7969506142563267e+00   3.0200134304326882e+00   2.1564704835794043e+01   9.9999735891654196e-01
 -3.8750000000000000e+00   5.5648014321574191e-01   1.7970093132547045e+00   3.0201372125272750e+00   2.1565547726826740e+01   9.9999722379444111e-01
 -3.8624999999999998e+00   5.5646150505559200e-01   1.7970695024089713e+00   3.0202641286059597e+00   2.1566411958644636e+01   9.9999708175130408e-01
 -3.8499999999999996e+00   5.5644239495124592e-01   1.7971312198230645e+00   3.0203942583766747e+00   2.1567298074016886e+01   9.9999693243201204e-01
 -3.8375000000000004e+00   5.5642280089694718e-01   1.7971945045889770e+00   3.0205276835923143e+00   2.1568206629637743e+01   9.9999677546317745e-01
 -3.8250000000000002e+00   5.5640271057874413e-01   1.7972593968132302e+00   3.0206644881044200e+00   2.1569138196492151e+01   9.9999661045219945e-01
 -3.8125000000000000e+00   5.5638211136637372e-01   1.7973259376441508e+00   3.0208047579184476e+00   2.1570093360232079e+01   9.9999643698627283e-01
 -3.7999999999999998e+00   5.5636099030496589e-01   1.7973941692997852e+00   3.0209485812502557e+00   2.1571072721561183e+01   9.9999625463134156e-01
 -3.7874999999999996e+00   5.5633933410648218e-01   1.7974641350967324e+00   3.0210960485844058e+00   2.1572076896631781e+01   9.9999606293100218e-01
 -3.7750000000000004e+00   5.5631712914131859e-01   1.7975358794785101e+00   3.0212472527313396e+00   2.1573106517434230e+01   9.9999586140534791e-01
 -3.7625000000000002e+00   5.5629436142887689e-01   1.7976094480473206e+00   3.0214022888915872e+00   2.1574162232234116e+01   9.9999564954975151e-01
 -3.7500000000000000e+00   5.5627101662859690e-01   1.7976848875943967e+00   3.0215612547168287e+00   2.1575244705988080e+01   9.9999542683358711e-01
 -3.7374999999999998e+00   5.5624708003056145e-01   1.7977622461318050e+00   3.0217242503738717e+00   2.1576354620779462e+01   9.9999519269888493e-01
 -3.7249999999999996e+00   5.5622253654564158e-01   1.7978415729258099e+00   3.0218913786117572e+00   2.1577492676275245e+01   9.9999494655891430e-01
 -3.7125000000000004e+00   5.5619737069546182e-01   1.7979229185309042e+00   3.0220627448300901e+00   2.1578659590191368e+01   9.9999468779669476e-01
 -3.7000000000000002e+00   5.5617156660236400e-01   1.7980063348239304e+00   3.0222384571473815e+00   2.1579856098758082e+01   9.9999441576342774e-01
 -3.6875000000000000e+00   5.5614510797861383e-01   1.7980918750407391e+00   3.0224186264745443e+00   2.1581082957220442e+01   9.9999412977684832e-01
 -3.6749999999999998e+00   5.5611797811572861e-01   1.7981795938125547e+00   3.0226033665875676e+00   2.1582340940333157e+01   9.9999382911948853e-01
 -3.6624999999999996e+00   5.5609015987322208e-01   1.7982695472043255e+00   3.0227927942041579e+00   2.1583630842882489e+01   9.9999351303685169e-01
 -3.6500000000000004e+00   5.5606163566727029e-01   1.7983617927534357e+00   3.0229870290609178e+00   2.1584953480211794e+01   9.9999318073549104e-01
 -3.6375000000000002e+00   5.5603238745892725e-01   1.7984563895099861e+00   3.0231861939935931e+00   2.1586309688767965e+01   9.9999283138098649e-01
 -3.6250000000000000e+00   5.5600239674202090e-01   1.7985533980782267e+00   3.0233904150194926e+00   2.1587700326662674e+01   9.9999246409581855e-01
 -3.6124999999999998e+00   5.5597164453070425e-01   1.7986528806592288e+00   3.0235998214222595e+00   2.1589126274249605e+01   9.9999207795712575e-01
 -3.5999999999999996e+00   5.5594011134668742e-01   1.7987549010947230e+00   3.0238145458388148e+00   2.1590588434716508e+01   9.9999167199434980e-01
 -3.5875000000000004e+00   5.5590777720627493e-01   1.7988595249117021e+00   3.0240347243476258e+00   2.1592087734686256e+01   9.9999124518675431e-01
 -3.5750000000000002e+00   5.5587462160659695e-01   1.7989668193697805e+00   3.0242604965624644e+00   2.1593625124855283e+01   9.9999079646081346e-01
 -3.5625000000000000e+00   5.5584062351200159e-01   1.7990768535081860e+00   3.0244920057250688e+00   2.1595201580624575e+01   9.9999032468746429e-01
 -3.5499999999999998e+00   5.5580576133958759e-01   1.7991896981956930e+00   3.0247293988036570e+00   2.1596818102770481e+01   9.9998982867921415e-01
 -3.5374999999999996e+00   5.5577001294469142e-01   1.7993054261808779e+00   3.0249728265917541e+00   2.1598475718117683e+01   9.9998930718709589e-01
 -3.5250000000000004e+00   5.5573335560571036e-01   1.7994241121446997e+00   3.0252224438115367e+00   2.1600175480242921e+01   9.9998875889746264e-01
 -3.5125000000000002e+00   5.5569576600871062e-01   1.7995458327539693e+00   3.0254784092186462e+00   2.1601918470188707e+01   9.9998818242861542e-01
 -3.5000000000000000e+00   5.5565722023130726e-01   1.7996706667173750e+00   3.0257408857119552e+00   2.1603705797210779e+01   9.9998757632724855e-01
 -3.4874999999999998e+00   5.5561769372642644e-01   1.7997986948421001e+00   3.0260100404441408e+00   2.1605538599531052e+01   9.9998693906471414e-01
 -3.4749999999999996e+00   5.5557716130539569e-01   1.7999300000928389e+00   3.0262860449368287e+00   2.1607418045121687e+01   9.9998626903308296e-01
 -3.4625000000000004e+00   5.5553559712053924e-01   1.8000646676526502e+00   3.0265690751991117e+00   2.1609345332512131e+01   9.9998556454100107e-01
 -3.4500000000000002e+00   5.5549297464733871e-01   1.8002027849854660e+00   3.0268593118490243e+00   2.1611321691616311e+01   9.9998482380932541e-01
 -3.4375000000000000e+00   5.5544926666613581e-01   1.8003444419003447e+00   3.0271569402381395e+00   2.1613348384581062e+01   9.9998404496652993e-01
 -3.4249999999999998e+00   5.5540444524322463e-01   1.8004897306179761e+00   3.0274621505803188e+00   2.1615426706662845e+01   9.9998322604386669e-01
 -3.4124999999999996e+00   5.5535848171131641e-01   1.8006387458395114e+00   3.0277751380847380e+00   2.1617557987133591e+01   9.9998236497027115e-01
 -3.4000000000000004e+00   5.5531134664957982e-01   1.8007915848170732e+00   3.0280961030918014e+00   2.1619743590206198e+01   9.9998145956699702e-01
 -3.3875000000000002e+00   5.5526300986319066e-01   1.8009483474261803e+00   3.0284252512123979e+00   2.1621984915982807e+01   9.9998050754196721e-01
 -3.3750000000000000e+00   5.5521344036186304e-01   1.8011091362418121e+00   3.0287627934740939e+00   2.1624283401450263e+01   9.9997950648382050e-01
 -3.3624999999999998e+00   5.5516260633829928e-01   1.8012740566150998e+00   3.0291089464678751e+00   2.1626640521479406e+01   9.9997845385564732e-01
 -3.3499999999999996e+00   5.5511047514558687e-01   1.8014432167538066e+00   3.0294639325020651e+00   2.1629057789873105e+01   9.9997734698838492e-01
 -3.3375000000000004e+00   5.5505701327412726e-01   1.8016167278047304e+00   3.0298279797594239e+00   2.1631536760436092e+01   9.9997618307386682e-01
 -3.3250000000000002e+00   5.5500218632786336e-01   1.8017947039388014e+00   3.0302013224590301e+00   2.1634079028077235e+01   9.9997495915749679e-01
 -3.3125000000000000e+00   5.5494595899965748e-01   1.8019772624393815e+00   3.0305842010239421e+00   2.1636686229951248e+01   9.9997367213053179e-01
 -3.2999999999999998e+00   5.5488829504625481e-01   1.8021645237923809e+00   3.0309768622516842e+00   2.1639360046619611e+01   9.9997231872195436e-01
 -3.2874999999999996e+00   5.5482915726205084e-01   1.8023566117807521e+00   3.0313795594928759e+00   2.1642102203266944e+01   9.9997089548990636e-01
 -3.2750000000000004e+00   5.5476850745253770e-01   1.8025536535805493e+00   3.0317925528320502e+00   2.1644914470932274e+01   9.9996939881266533e-01
 -3.2625000000000002e+00   5.5470630640658358e-01   1.8027557798613327e+00   3.0322161092764137e+00   2.1647798667794401e+01   9.9996782487913716e-01
 -3.2500000000000000e+00   5.5464251386809471e-01   1.8029631248891613e+00   3.0326505029488158e+00   2.1650756660485911e+01   9.9996616967883512e-01
 -3.2374999999999998e+00   5.5457708850667531e-01   1.8031758266334568e+00   3.0330960152875384e+00   2.1653790365453649e+01   9.9996442899132010e-01
 -3.2249999999999996e+00   5.5450998788754391e-01   1.8033940268769382e+00   3.0335529352511488e+00   2.1656901750353640e+01   9.9996259837507517e-01
 -3.2125000000000004e+00   5.5444116844041091e-01   1.8036178713296178e+00   3.0340215595304287e+00   2.1660092835494247e+01   9.9996067315577386e-01
 -3.2000000000000002e+00   5.5437058542740336e-01   1.8038475097466247e+00   3.0345021927667890e+00   2.1663365695323421e+01   9.9995864841392101e-01
 -3.1875000000000000e+00   5.5429819291014970e-01   1.8040830960495255e+00   3.0349951477764061e+00   2.1666722459954975e+01   9.9995651897181947e-01
 -3.1749999999999998e+00   5.5422394371561556e-01   1.8043247884525211e+00   3.0355007457828598e+00   2.1670165316752733e+01   9.9995427937983483e-01
 -3.1624999999999996e+00   5.5414778940109555e-01   1.8045727495922463e+00   3.0360193166555236e+00   2.1673696511953825e+01   9.9995192390191201e-01
 -3.1500000000000004e+00   5.5406968021795944e-01   1.8048271466625296e+00   3.0365511991564333e+00   2.1677318352349733e+01   9.9994944650030759e-01
 -3.1375000000000002e+00   5.5398956507435915e-01   1.8050881515534958e+00   3.0370967411942318e+00   2.1681033207015538e+01   9.9994684081948904e-01
 -3.1250000000000000e+00   5.5390739149676604e-01   1.8053559409954876e+00   3.0376563000860810e+00   2.1684843509093394e+01   9.9994410016915913e-01
 -3.1124999999999998e+00   5.5382310559019643e-01   1.8056306967083346e+00   3.0382302428285057e+00   2.1688751757636819e+01   9.9994121750635179e-01
 -3.0999999999999996e+00   5.5373665199729361e-01   1.8059126055554791e+00   3.0388189463760211e+00   2.1692760519508024e+01   9.9993818541655166e-01
 -3.0875000000000004e+00   5.5364797385607289e-01   1.8062018597036560e+00   3.0394227979288702e+00   2.1696872431337233e+01   9.9993499609377834e-01
 -3.0750000000000002e+00   5.5355701275626845e-01   1.8064986567884034e+00   3.0400421952302752e+00   2.1701090201546837e+01   9.9993164131957979e-01
 -3.0625000000000000e+00   5.5346370869435069e-01   1.8068032000852439e+00   3.0406775468727494e+00   2.1705416612437183e+01   9.9992811244087176e-01
 -3.0499999999999998e+00   5.5336800002706410e-01   1.8071156986871160e+00   3.0413292726144769e+00   2.1709854522340979e+01   9.9992440034655883e-01
 -3.0374999999999996e+00   5.5326982342347319e-01   1.8074363676881744e+00   3.0419978037058564e+00   2.1714406867846876e+01   9.9992049544286654e-01
 -3.0250000000000004e+00   5.5316911381539335e-01   1.8077654283744511e+00   3.0426835832270402e+00   2.1719076666097923e+01   9.9991638762731228e-01
 -3.0125000000000002e+00   5.5306580434631536e-01   1.8081031084211203e+00   3.0433870664357312e+00   2.1723867017159904e+01   9.9991206626123719e-01
 -3.0000000000000000e+00   5.5295982631857676e-01   1.8084496420972722e+00   3.0441087211269195e+00   2.1728781106470933e+01   9.9990752014081619e-01
 -2.9874999999999998e+00   5.5285110913879998e-01   1.8088052704782362e+00   3.0448490280044189e+00   2.1733822207371436e+01   9.9990273746645952e-01
 -2.9749999999999996e+00   5.5273958026153291e-01   1.8091702416657813e+00   3.0456084810646447e+00   2.1738993683717467e+01   9.9989770581051285e-01
 -2.9625000000000004e+00   5.5262516513105786e-01   1.8095448110164236e+00   3.0463875879928648e+00   2.1744298992578983e+01   9.9989241208315738e-01
 -2.9500000000000002e+00   5.5250778712120652e-01   1.8099292413785018e+00   3.0471868705730287e+00   2.1749741687030546e+01   9.9988684249640869e-01
 -2.9375000000000000e+00   5.5238736747315864e-01   1.8103238033382281e+00   3.0480068651113248e+00   2.1755325419035540e+01   9.9988098252609903e-01
 -2.9249999999999998e+00   5.5226382523112771e-01   1.8107287754751824e+00   3.0488481228741269e+00   2.1761053942428354e+01   9.9987481687173130e-01
 -2.9124999999999996e+00   5.5213707717599270e-01   1.8111444446272023e+00   3.0497112105399289e+00   2.1766931115991813e+01   9.9986832941407966e-01
 -2.9000000000000004e+00   5.5200703775649429e-01   1.8115711061660920e+00   3.0505967106678602e+00   2.1772960906647533e+01   9.9986150317040035e-01
 -2.8875000000000002e+00   5.5187361901820542e-01   1.8120090642836320e+00   3.0515052221813606e+00   2.1779147392749479e+01   9.9985432024711984e-01
 -2.8750000000000000e+00   5.5173673052997707e-01   1.8124586322890601e+00   3.0524373608690456e+00   2.1785494767494601e+01   9.9984676178984744e-01
 -2.8624999999999998e+00   5.5159627930791355e-01   1.8129201329180420e+00   3.0533937599023933e+00   2.1792007342448024e+01   9.9983880793055591e-01
 -2.8499999999999996e+00   5.5145216973666089e-01   1.8133938986540528e+00   3.0543750703717309e+00   2.1798689551192808e+01   9.9983043773176539e-01
 -2.8375000000000004e+00   5.5130430348797954e-01   1.8138802720624938e+00   3.0553819618407112e+00   2.1805545953105661e+01   9.9982162912754846e-01
 -2.8250000000000002e+00   5.5115257943642659e-01   1.8143796061383513e+00   3.0564151229204715e+00   2.1812581237266652e+01   9.9981235886117070e-01
 -2.8125000000000000e+00   5.5099689357210524e-01   1.8148922646677985e+00   3.0574752618637659e+00   2.1819800226504938e+01   9.9980260241916730e-01
 -2.7999999999999998e+00   5.5083713891029573e-01   1.8154186226046221e+00   3.0585631071803294e+00   2.1827207881589082e+01   9.9979233396163902e-01
 -2.7874999999999996e+00   5.5067320539786135e-01   1.8159590664621135e+00   3.0596794082742038e+00   2.1834809305566896e+01   9.9978152624854311e-01
 -2.7750000000000004e+00   5.5050497981635815e-01   1.8165139947209705e+00   3.0608249361035114e+00   2.1842609748258145e+01   9.9977015056174079e-01
 -2.7625000000000002e+00   5.5033234568157352e-01   1.8170838182544473e+00   3.0620004838645425e+00   2.1850614610912853e+01   9.9975817662253785e-01
 -2.7500000000000000e+00   5.5015518313949441e-01   1.8176689607711018e+00   3.0632068677001580e+00   2.1858829451035120e+01   9.9974557250445584e-01
 -2.7374999999999998e+00   5.4997336885847481e-01   1.8182698592762789e+00   3.0644449274340726e+00   2.1867259987383228e+01   9.9973230454093376e-01
 -2.7249999999999996e+00   5.4978677591747382e-01   1.8188869645531558e+00   3.0657155273318946e+00   2.1875912105151905e+01   9.9971833722766135e-01
 -2.7125000000000004e+00   5.4959527369013439e-01   1.8195207416645416e+00   3.0670195568904877e+00   2.1884791861347487e+01   9.9970363311920540e-01
 -2.7000000000000002e+00   5.4939872772465403e-01   1.8201716704760498e+00   3.0683579316559899e+00   2.1893905490358165e+01   9.9968815271959022e-01
 -2.6875000000000000e+00   5.4919699961913171e-01   1.8208402462021831e+00   3.0697315940726360e+00   2.1903259409734044e+01   9.9967185436645067e-01
 -2.6749999999999998e+00   5.4898994689229497e-01   1.8215269799761700e+00   3.0711415143630347e+00   2.1912860226181373e+01   9.9965469410836483e-01
 -2.6625000000000005e+00   5.4877742284937103e-01   1.8222323994449039e+00   3.0725886914415201e+00   2.1922714741781959e+01   9.9963662557494626e-01
 -2.6500000000000004e+00   5.4855927644287428e-01   1.8229570493903364e+00   3.0740741538621132e+00   2.1932829960448316e+01   9.9961759983923937e-01
 -2.6375000000000002e+00   5.4833535212813722e-01   1.8237014923785471e+00   3.0755989608022816e+00   2.1943213094622539e+01   9.9959756527194232e-01
 -2.6250000000000000e+00   5.4810548971331463e-01   1.8244663094380751e+00   3.0771642030843305e+00   2.1953871572231439e+01   9.9957646738694306e-01
 -2.6124999999999998e+00   5.4786952420363377e-01   1.8252521007690090e+00   3.0787710042359797e+00   2.1964813043908517e+01   9.9955424867762344e-01
 -2.6000000000000005e+00   5.4762728563967655e-01   1.8260594864843387e+00   3.0804205215915741e+00   2.1976045390492636e+01   9.9953084844334938e-01
 -2.5875000000000004e+00   5.4737859892933405e-01   1.8268891073856157e+00   3.0821139474363872e+00   2.1987576730820120e+01   9.9950620260552225e-01
 -2.5750000000000002e+00   5.4712328367325869e-01   1.8277416257744181e+00   3.0838525101952001e+00   2.1999415429818345e+01   9.9948024351252984e-01
 -2.5625000000000000e+00   5.4686115398347634e-01   1.8286177263017214e+00   3.0856374756674563e+00   2.2011570106916512e+01   9.9945289973289086e-01
 -2.5499999999999998e+00   5.4659201829482595e-01   1.8295181168573351e+00   3.0874701483112599e+00   2.2024049644788981e+01   9.9942409583583047e-01
 -2.5375000000000005e+00   5.4631567916897805e-01   1.8304435295013659e+00   3.0893518725779066e+00   2.2036863198442745e+01   9.9939375215848425e-01
 -2.5250000000000004e+00   5.4603193309063891e-01   1.8313947214402282e+00   3.0912840342996253e+00   2.2050020204667209e+01   9.9936178455886360e-01
 -2.5125000000000002e+00   5.4574057025559042e-01   1.8323724760496789e+00   3.0932680621329167e+00   2.2063530391862567e+01   9.9932810415365947e-01
 -2.5000000000000000e+00   5.4544137435023388e-01   1.8333776039473841e+00   3.0953054290597430e+00   2.2077403790262121e+01   9.9929261703990102e-01
 -2.4874999999999998e+00   5.4513412232222080e-01   1.8344109441179224e+00   3.0973976539494128e+00   2.2091650742567889e+01   9.9925522399940991e-01
 -2.4750000000000005e+00   5.4481858414177387e-01   1.8354733650931736e+00   3.0995463031838586e+00   2.2106281915017906e+01   9.9921582018492416e-01
 -2.4625000000000004e+00   5.4449452255326170e-01   1.8365657661913053e+00   3.1017529923492826e+00   2.2121308308905430e+01   9.9917429478668462e-01
 -2.4500000000000002e+00   5.4416169281660665e-01   1.8376890788176448e+00   3.1040193879970350e+00   2.2136741272569594e+01   9.9913053067818880e-01
 -2.4375000000000000e+00   5.4381984243801174e-01   1.8388442678311923e+00   3.1063472094772200e+00   2.2152592513881316e+01   9.9908440403973287e-01
 -2.4249999999999998e+00   5.4346871088957727e-01   1.8400323329804011e+00   3.1087382308479614e+00   2.2168874113244378e+01   9.9903578395825898e-01
 -2.4125000000000005e+00   5.4310802931722857e-01   1.8412543104125267e+00   3.1111942828642594e+00   2.2185598537138507e+01   9.9898453200192072e-01
 -2.4000000000000004e+00   5.4273752023646193e-01   1.8425112742607443e+00   3.1137172550498020e+00   2.2202778652227323e+01   9.9893050176767162e-01
 -2.3875000000000002e+00   5.4235689721529157e-01   1.8438043383138620e+00   3.1163090978559298e+00   2.2220427740059744e+01   9.9887353840004955e-01
 -2.3750000000000000e+00   5.4196586454390072e-01   1.8451346577732615e+00   3.1189718249111378e+00   2.2238559512387919e+01   9.9881347807921361e-01
 -2.3624999999999998e+00   5.4156411689021389e-01   1.8465034311029149e+00   3.1217075153664480e+00   2.2257188127137983e+01   9.9875014747613478e-01
 -2.3500000000000005e+00   5.4115133894092893e-01   1.8479119019774950e+00   3.1245183163397909e+00   2.2276328205055016e+01   9.9868336317270034e-01
 -2.3375000000000004e+00   5.4072720502713501e-01   1.8493613613352735e+00   3.1274064454653536e+00   2.2295994847062744e+01   9.9861293104432491e-01
 -2.3250000000000002e+00   5.4029137873398914e-01   1.8508531495416420e+00   3.1303741935514733e+00   2.2316203652362429e+01   9.9853864560248795e-01
 -2.3125000000000000e+00   5.3984351249352658e-01   1.8523886586707685e+00   3.1334239273533888e+00   2.2336970737313820e+01   9.9846028929442454e-01
 -2.2999999999999998e+00   5.3938324715994601e-01   1.8539693349123707e+00   3.1365580924653225e+00   2.2358312755128726e+01   9.9837763175699934e-01
 -2.2875000000000005e+00   5.3891021156649244e-01   1.8555966811117233e+00   3.1397792163378755e+00   2.2380246916417899e+01   9.9829042902156850e-01
 -2.2750000000000004e+00   5.3842402206309958e-01   1.8572722594513194e+00   3.1430899114264408e+00   2.2402791010630061e+01   9.9819842266640435e-01
 -2.2625000000000002e+00   5.3792428203387532e-01   1.8589976942833486e+00   3.1464928784768738e+00   2.2425963428425590e+01   9.9810133891299890e-01
 -2.2500000000000000e+00   5.3741058139353337e-01   1.8607746751226006e+00   3.1499909099545276e+00   2.2449783185026458e+01   9.9799888766229328e-01
 -2.2374999999999998e+00   5.3688249606175620e-01   1.8626049598103727e+00   3.1535868936235651e+00   2.2474269944589476e+01   9.9789076146658273e-01
 -2.2250000000000005e+00   5.3633958741449417e-01   1.8644903778605095e+00   3.1572838162833246e+00   2.2499444045648961e+01   9.9777663443253017e-01
 -2.2125000000000004e+00   5.3578140171114474e-01   1.8664328339995813e+00   3.1610847676689269e+00   2.2525326527677830e+01   9.9765616105038413e-01
 -2.2000000000000002e+00   5.3520746949649500e-01   1.8684343119141555e+00   3.1649929445237346e+00   2.2551939158818904e+01   9.9752897494411774e-01
 -2.1875000000000000e+00   5.3461730497629689e-01   1.8704968782189657e+00   3.1690116548513552e+00   2.2579304464838827e+01   9.9739468753682914e-01
 -2.1749999999999998e+00   5.3401040536530509e-01   1.8726226866607991e+00   3.1731443223551601e+00   2.2607445759358853e+01   9.9725288662529532e-01
 -2.1625000000000005e+00   5.3338625020649766e-01   1.8748139825742702e+00   3.1773944910740370e+00   2.2636387175421863e+01   9.9710313485712576e-01
 -2.1500000000000004e+00   5.3274430066026524e-01   1.8770731076064706e+00   3.1817658302226350e+00   2.2666153698451922e+01   9.9694496810346778e-01
 -2.1375000000000002e+00   5.3208399876223422e-01   1.8794025047290654e+00   3.1862621392452000e+00   2.2696771200668234e+01   9.9677789371967818e-01
 -2.1250000000000000e+00   5.3140476664836667e-01   1.8818047235577495e+00   3.1908873530922381e+00   2.2728266477016440e+01   9.9660138868580894e-01
 -2.1124999999999998e+00   5.3070600574596305e-01   1.8842824260004274e+00   3.1956455477293613e+00   2.2760667282680959e+01   9.9641489761813795e-01
 -2.1000000000000005e+00   5.2998709592917104e-01   1.8868383922570877e+00   3.2005409458878269e+00   2.2794002372243167e+01   9.9621783064231717e-01
 -2.0875000000000004e+00   5.2924739463750392e-01   1.8894755271963644e+00   3.2055779230669685e+00   2.2828301540554758e+01   9.9600956111799899e-01
 -2.0750000000000002e+00   5.2848623595595279e-01   1.8921968671353364e+00   3.2107610137981437e+00   2.2863595665391973e+01   9.9578942320404285e-01
 -2.0625000000000000e+00   5.2770292965518972e-01   1.8950055870514446e+00   3.2160949181804503e+00   2.2899916751960376e+01   9.9555670925258755e-01
 -2.0499999999999998e+00   5.2689676019035070e-01   1.8979050082576565e+00   3.2215845086984864e+00   2.2937297979320221e+01   9.9531066701939686e-01
 -2.0375000000000005e+00   5.2606698565696453e-01   1.9008986065741742e+00   3.2272348373319257e+00   2.2975773748798922e+01   9.9505049667695800e-01
 -2.0250000000000004e+00   5.2521283670250030e-01   1.9039900210330092e+00   3.2330511429673092e+00   2.3015379734461472e+01   9.9477534761580289e-01
 -2.0125000000000002e+00   5.2433351539213990e-01   1.9071830631542166e+00   3.2390388591215364e+00   2.3056152935703349e+01   9.9448431501846402e-01
 -2.0000000000000000e+00   5.2342819402735541e-01   1.9104817268359411e+00   3.2452036219867346e+00   2.3098131732031849e+01   9.9417643618932716e-01
 -1.9874999999999998e+00   5.2249601391599110e-01   1.9138901989035726e+00   3.2515512788053531e+00   2.3141355940096080e+01   9.9385068662244724e-01
 -1.9750000000000005e+00   5.2153608409262386e-01   1.9174128703669941e+00   3.2580878965838358e+00   2.3185866873022508e+01   9.9350597578809674e-01
 -1.9625000000000004e+00   5.2054747998809436e-01   1.9210543484388232e+00   3.2648197711524172e+00   2.3231707402107382e+01   9.9314114261746067e-01
 -1.9500000000000002e+00   5.1952924204729634e-01   1.9248194693706251e+00   3.2717534365772485e+00   2.3278922020908393e+01   9.9275495066346109e-01
 -1.9375000000000000e+00   5.1848037429446470e-01   1.9287133121688074e+00   3.2788956749300349e+00   2.3327556911770746e+01   9.9234608291417314e-01
 -1.9249999999999998e+00   5.1739984284551255e-01   1.9327412132565804e+00   3.2862535264182346e+00   2.3377660014808527e+01   9.9191313623372290e-01
 -1.9125000000000005e+00   5.1628657436720515e-01   1.9369087821539150e+00   3.2938342998772803e+00   2.3429281099351172e+01   9.9145461540389623e-01
 -1.9000000000000004e+00   5.1513945448341603e-01   1.9412219182528043e+00   3.3016455836231327e+00   2.3482471837843704e+01   9.9096892673798598e-01
 -1.8875000000000002e+00   5.1395732612907430e-01   1.9456868287715814e+00   3.3096952566610360e+00   2.3537285882172448e+01   9.9045437123663249e-01
 -1.8750000000000000e+00   5.1273898785301941e-01   1.9503100479783639e+00   3.3179915002421878e+00   2.3593778942359862e+01   9.8990913725361429e-01
 -1.8624999999999998e+00   5.1148319207157456e-01   1.9550984577809249e+00   3.3265428097559830e+00   2.3652008867544506e+01   9.8933129263772468e-01
 -1.8500000000000005e+00   5.1018864327545921e-01   1.9600593097876615e+00   3.3353580069400004e+00   2.3712035729124612e+01   9.8871877631505178e-01
 -1.8375000000000004e+00   5.0885399619349592e-01   1.9652002489526323e+00   3.3444462523841922e+00   2.3773921905905052e+01   9.8806938927419119e-01
 -1.8250000000000002e+00   5.0747785391768274e-01   1.9705293389260068e+00   3.3538170582981586e+00   2.3837732171035764e+01   9.8738078491521042e-01
 -1.8125000000000000e+00   5.0605876599542510e-01   1.9760550892404465e+00   3.3634803015020429e+00   2.3903533780472948e+01   9.8665045872159618e-01
 -1.7999999999999998e+00   5.0459522649614885e-01   1.9817864844736737e+00   3.3734462365918847e+00   2.3971396562628161e+01   9.8587573721299993e-01
 -1.7875000000000005e+00   5.0308567206123944e-01   1.9877330155375055e+00   3.3837255092185061e+00   2.4041393008790603e+01   9.8505376613544482e-01
 -1.7750000000000004e+00   5.0152847994821748e-01   1.9939047132542691e+00   3.3943291694056512e+00   2.4113598363816610e+01   9.8418149784486075e-01
 -1.7625000000000002e+00   4.9992196608232925e-01   2.0003121843926253e+00   3.4052686848176301e+00   2.4188090716475365e+01   9.8325567783946066e-01
 -1.7500000000000000e+00   4.9826438313139287e-01   2.0069666503461456e+00   3.4165559538686052e+00   2.4264951088716238e+01   9.8227283039673974e-01
 -1.7374999999999998e+00   4.9655391862281462e-01   2.0138799886495429e+00   3.4282033185447198e+00   2.4344263522980754e+01   9.8122924327190009e-01
 -1.7250000000000005e+00   4.9478869312518542e-01   2.0210647775392721e+00   3.4402235767864724e+00   2.4426115166520049e+01   9.8012095141650146e-01
 -1.7125000000000004e+00   4.9296675852097127e-01   2.0285343437765673e+00   3.4526299942507865e+00   2.4510596351488392e+01   9.7894371967933569e-01
 -1.7000000000000002e+00   4.9108609640144402e-01   2.0363028139622554e+00   3.4654363152406886e+00   2.4597800669368539e+01   9.7769302445624184e-01
 -1.6875000000000000e+00   4.8914461662035302e-01   2.0443851695829758e+00   3.4786567725540452e+00   2.4687825038036475e+01   9.7636403426211660e-01
 -1.6749999999999998e+00   4.8714015604895211e-01   2.0527973060375486e+00   3.4923060959611734e+00   2.4780769759489477e+01   9.7495158920718950e-01
 -1.6625000000000005e+00   4.8507047758193184e-01   2.0615560958996788e+00   3.5063995189739221e+00   2.4876738565939998e+01   9.7345017937117095e-01
 -1.6500000000000004e+00   4.8293326945173509e-01   2.0706794566778988e+00   3.5209527835148213e+00   2.4975838651610125e+01   9.7185392208373689e-01
 -1.6375000000000002e+00   4.8072614491768989e-01   2.0801864233350993e+00   3.5359821420339244e+00   2.5078180687146173e+01   9.7015653813862990e-01
 -1.6250000000000000e+00   4.7844664240648027e-01   2.0900972258269435e+00   3.5515043565522753e+00   2.5183878813105178e+01   9.6835132699221882e-01
 -1.6124999999999998e+00   4.7609222619191455e-01   2.1004333719091148e+00   3.5675366940330444e+00   2.5293050608434783e+01   9.6643114102656369e-01
 -1.6000000000000005e+00   4.7366028771461738e-01   2.1112177354469388e+00   3.5840969173951174e+00   2.5405817029280488e+01   9.6438835899287279e-01
 -1.5875000000000004e+00   4.7114814765654572e-01   2.1224746504340986e+00   3.6012032713867344e+00   2.5522302312792558e+01   9.6221485879492485e-01
 -1.5750000000000002e+00   4.6855305890093046e-01   2.1342300108885581e+00   3.6188744624298383e+00   2.5642633839876627e+01   9.5990198982482133e-01
 -1.5625000000000000e+00   4.6587221052558592e-01   2.1465113767396082e+00   3.6371296314277388e+00   2.5766941950028169e+01   9.5744054512682275e-01
 -1.5499999999999998e+00   4.6310273299647092e-01   2.1593480857467116e+00   3.6559883183996886e+00   2.5895359700512547e+01   9.5482073374058363e-01
 -1.5375000000000005e+00   4.6024170474889065e-01   2.1727713713940879e+00   3.6754704176663555e+00   2.6028022561201631e+01   9.5203215366457572e-01
 -1.5250000000000004e+00   4.5728616036564157e-01   2.1868144865797157e+00   3.6955961221609539e+00   2.6165068035361831e+01   9.4906376598564179e-01
 -1.5125000000000002e+00   4.5423310058459226e-01   2.2015128327570417e+00   3.7163858552828750e+00   2.6306635195613165e+01   9.4590387084333849e-01
 -1.5000000000000000e+00   4.5107950439219224e-01   2.2169040939854971e+00   3.7378601885472467e+00   2.6452864123165980e+01   9.4254008603975103e-01
 -1.4874999999999998e+00   4.4782234348373257e-01   2.2330283750934048e+00   3.7600397431181558e+00   2.6603895237313967e+01   9.3895932926836001e-01
 -1.4750000000000005e+00   4.4445859939508453e-01   2.2499283428445676e+00   3.7829450731505072e+00   2.6759868501053482e+01   9.3514780512065232e-01
 -1.4625000000000004e+00   4.4098528363302769e-01   2.2676493686173993e+00   3.8065965287130661e+00   2.6920922487661496e+01   9.3109099823697317e-01
 -1.4500000000000002e+00   4.3739946115077472e-01   2.2862396706412329e+00   3.8310140959324679e+00   2.7087193292160276e+01   9.2677367419846168e-01
 -1.4375000000000000e+00   4.3369827753007095e-01   2.3057504532760427e+00   3.8562172118974005e+00   2.7258813270912110e+01   9.2217989000810641e-01
 -1.4249999999999998e+00   4.2987899023898285e-01   2.3262360401564854e+00   3.8822245518094860e+00   2.7435909592228661e+01   9.1729301627758453e-01
 -1.4125000000000005e+00   4.2593900433228521e-01   2.3477539972363650e+00   3.9090537858824006e+00   2.7618602580981655e+01   9.1209577351667181e-01
 -1.4000000000000004e+00   4.2187591294562049e-01   2.3703652408543632e+00   3.9367213035979249e+00   2.7807003840931461e+01   9.0657028520442873e-01
 -1.3875000000000002e+00   4.1768754290115290e-01   2.3941341248873522e+00   3.9652419031553969e+00   2.8001214140041043e+01   9.0069815059290503e-01
 -1.3750000000000000e+00   4.1337200568623195e-01   2.4191284998603542e+00   3.9946284443337978e+00   2.8201321046649117e+01   8.9446054043638734e-01
 -1.3624999999999998e+00   4.0892775398197168e-01   2.4454197355459684e+00   4.0248914635618256e+00   2.8407396308299589e+01   8.8783831902798171e-01
 -1.3500000000000005e+00   4.0435364379943811e-01   2.4730826971254056e+00   4.0560387508031033e+00   2.8619492970552109e+01   8.8081219602934036e-01
 -1.3375000000000004e+00   3.9964900212075272e-01   2.5021956634283127e+00   4.0880748889557994e+00   2.8837642240535498e+01   8.7336291155983381e-01
 -1.3250000000000002e+00   3.9481369973443081e-01   2.5328401741698534e+00   4.1210007578822410e+00   2.9061850109649942e+01   8.6547145782186563e-01
 -1.3125000000000000e+00   3.8984822869289643e-01   2.5651007915384212e+00   4.1548130069639306e+00   2.9292093761943789e+01   8.5711934012549440e-01
 -1.2999999999999998e+00   3.8475378350123240e-01   2.5990647600656978e+00   4.1895035022488116e+00   2.9528317809476871e+01   8.4828887947877940e-01
 -1.2875000000000005e+00   3.7953234476827807e-01   2.6348215475825807e+00   4.2250587568312401e+00   2.9770430413507377e+01   8.3896355786853383e-01
 -1.2750000000000004e+00   3.7418676361690872e-01   2.6724622494231167e+00   4.2614593560623319e+00   3.0018299370476281e+01   8.2912840591082737e-01
 -1.2625000000000002e+00   3.6872084466819988e-01   2.7120788381244574e+00   4.2986793924713975e+00   3.0271748264119207e+01   8.1877043065369659e-01
 -1.2500000000000000e+00   3.6313942490029927e-01   2.7537632419684317e+00   4.3366859287784543e+00   3.0530552808863746e+01   8.0787907893925548e-01
 -1.2374999999999998e+00   3.5744844516273966e-01   2.7976062381379738e+00   4.3754385109193326e+00   3.0794437533786258e+01   7.9644672888619616e-01
 -1.2250000000000005e+00   3.5165501063691956e-01   2.8436961503514318e+00   4.4148887563415595e+00   3.1063072979123163e+01   7.8446919879292376e-01
 -1.2125000000000004e+00   3.4576743612108751e-01   2.8921173469030808e+00   4.4549800456374093e+00   3.1336073596454014e+01   7.7194625920690829e-01
 -1.2000000000000002e+00   3.3979527174154717e-01   2.9429485433235025e+00   4.4956473474641072e+00   3.1612996556500050e+01   7.5888213025527385e-01
 -1.1875000000000000e+00   3.3374930461667363e-01   2.9962609244940475e+00   4.5368172072127528e+00   3.1893341671965523e+01   7.4528594286776362e-01
 -1.1749999999999998e+00   3.2764153219507292e-01   3.0521161139138333e+00   4.5784079285614414e+00   3.2176552633819085e+01   7.3117213961074878e-01
 -1.1625000000000005e+00   3.2148510351665788e-01   3.1105640325514634e+00   4.6203299734564816e+00   3.2462019734955753e+01   7.1656078891933372e-01
 -1.1500000000000004e+00   3.1529422555250231e-01   3.1716407055906628e+00   4.6624865998887817e+00   3.2749084213118977e+01   7.0147778602252830e-01
 -1.1375000000000002e+00   3.0908403308506893e-01   3.2353660912816253e+00   4.7047747479411370e+00   3.3037044284417220e+01   6.8595491523682584e-01
 -1.1250000000000000e+00   3.0287042227361044e-01   3.3017420205417380e+00   4.7470861731204064e+00   3.3325162860720638e+01   6.7002975189149305e-01
 -1.1124999999999998e+00   2.9666985003950042e-01   3.3707503471176929e+00   4.7893088124380157e+00   3.3612676851951598e+01   6.5374538810129268e-01
 -1.1000000000000005e+00   2.9049910357845649e-01   3.4423514141066023e+00   4.8313283539106191e+00   3.3898807853559660e+01   6.3714997482230451e-01
 -1.0875000000000004e+00   2.8437504648685363e-01   3.5164829416431549e+00   4.8730299653065394e+00   3.4182773918376540e+01   6.2029608271077652e-01
 -1.0750000000000002e+00   2.7831434996775684e-01   3.5930594312361244e+00   4.9143001244914588e+00   3.4463802020308691e+01   6.0323989553355561e-01
 -1.0625000000000000e+00   2.7233321913733854e-01   3.6719721639823040e+00   4.9550284831379292e+00   3.4741140745219930e+01   5.8604026126057551e-01
 -1.0499999999999998e+00   2.6644712538185711e-01   3.7530898431231186e+00   4.9951096892337388e+00   3.5014072701255920e+01   5.6875763634896936e-01
 -1.0375000000000005e+00   2.6067055587006549e-01   3.8362598977172646e+00   5.0344450927708095e+00   3.5281926133689431e+01   5.5145296693970214e-01
 -1.0250000000000004e+00   2.5501679063818866e-01   3.9213104262564991e+00   5.0729442636793847e+00   3.5544085261254708e+01   5.3418655573832019e-01
 -1.0125000000000002e+00   2.4949771616596356e-01   4.0080527203495899e+00   5.1105262612772613e+00   3.5799998920429758e+01   5.1701696459039292e-01
 -1.0000000000000000e+00   2.4412368218443065e-01   4.0962842730043683e+00   5.1471206093334931e+00   3.6049187205107991e+01   5.0000000000011546e-01
 -9.8749999999999982e-01   2.3890340581454172e-01   4.1857921472090265e+00   5.1826679488341183e+00   3.6291245911589755e+01   4.8318782239075236e-01
 -9.7500000000000053e-01   2.3384392429738654e-01   4.2763565613458878e+00   5.2171203598644702e+00   3.6525848730431903e+01   4.6662821053451520e-01
 -9.6250000000000036e-01   2.2895059482077557e-01   4.3677545401566151e+00   5.2504413627900695e+00   3.6752747254488931e+01   4.5036400137673416e-01
 -9.5000000000000018e-01   2.2422713752317958e-01   4.4597634837871691e+00   5.2826056254223790e+00   3.6971768984865683e+01   4.3443271367749253e-01
 -9.3750000000000000e-01   2.1967571585337783e-01   4.5521645217601030e+00   5.3135984158118239e+00   3.7182813604725297e+01   4.1886635267796313e-01
 -9.2499999999999982e-01   2.1529704719118878e-01   4.6447455413170475e+00   5.3434148489787319e+00   3.7385847849922598e+01   4.0369138334369881e-01
 -9.1250000000000053e-01   2.1109053601589664e-01   4.7373038075221565e+00   5.3720589801063063e+00   3.7580899334124766e+01   3.8892885230289514e-01
 -9.0000000000000036e-01   2.0705442189524564e-01   4.8296481226849943e+00   5.3995427968133320e+00   3.7768049686717760e+01   3.7459463369114343e-01
 -8.8750000000000018e-01   2.0318593505567542e-01   4.9216005021508398e+00   5.4258851598025979e+00   3.7947427339178716e+01   3.6069977171428608e-01
 -8.7500000000000000e-01   1.9948145314984311e-01   5.0129973699802397e+00   5.4511107353564352e+00   3.8119200255931389e+01   3.4725089256812197e-01
 -8.6249999999999982e-01   1.9593665391864779e-01   5.1036902999027252e+00   5.4752489557885333e+00   3.8283568855569150e+01   3.3425065996217662e-01
 -8.5000000000000053e-01   1.9254665962083437e-01   5.1935463433601718e+00   5.4983330359542197e+00   3.8440759313806659e+01   3.2169825136595637e-01
 -8.3750000000000036e-01   1.8930617026543722e-01   5.2824479973253995e+00   5.5203990660075117e+00   3.8591017385632085e+01   3.0958983571763454e-01
 -8.2500000000000018e-01   1.8620958375107693e-01   5.3702928703003270e+00   5.5414851933156264e+00   3.8734602834574687e+01   2.9791903725660229e-01
 -8.1250000000000000e-01   1.8325110194077035e-01   5.4569931062309021e+00   5.5616309001452491e+00   3.8871784514127775e+01   2.8667737400611970e-01
 -7.9999999999999982e-01   1.8042482245667993e-01   5.5424746239675553e+00   5.5808763785885196e+00   3.9002836111323084e+01   2.7585466298750588e-01
 -7.8750000000000053e-01   1.7772481656191297e-01   5.6266762253297120e+00   5.5992620002288946e+00   3.9128032535433931e+01   2.6543938733802142e-01
 -7.7500000000000036e-01   1.7514519391658942e-01   5.7095486187090962e+00   5.6168278751863481e+00   3.9247646915304664e+01   2.5541902305871489e-01
 -7.6250000000000018e-01   1.7268015527248731e-01   5.7910533982437729e+00   5.6336134932945168e+00   3.9361948155955574e+01   2.4578032512694981e-01
 -7.5000000000000000e-01   1.7032403432870555e-01   5.8711620115227925e+00   5.6496574390856331e+00   3.9471198997779979e+01   2.3650957420572222e-01
 -7.3749999999999982e-01   1.6807133003488281e-01   5.9498547419863481e+00   5.6649971718225682e+00   3.9575654518678050e+01   2.2759278622864493e-01
 -7.2500000000000053e-01   1.6591673062215734e-01   6.0271197259624349e+00   5.6796688618606241e+00   3.9675561019766576e+01   2.1901588780850950e-01
 -7.1250000000000036e-01   1.6385513058595066e-01   6.1029520187983817e+00   5.6937072750036997e+00   3.9771155237905177e+01   2.1076486078352558e-01
 -7.0000000000000018e-01   1.6188164175612532e-01   6.1773527198748077e+00   5.7071456971223329e+00   3.9862663832384804e+01   2.0282585934920003e-01
 -6.8750000000000000e-01   1.5999159948283204e-01   6.2503281624314617e+00   5.7200158920313271e+00   3.9950303098096512e+01   1.9518530318758717e-01
 -6.7499999999999982e-01   1.5818056485089690e-01   6.3218891710407865e+00   5.7323480864109433e+00   4.0034278862852659e+01   1.8782994985166171e-01
 -6.6250000000000053e-01   1.5644432371945508e-01   6.3920503871604657e+00   5.7441709763464859e+00   4.0114786531918121e+01   1.8074694943299954e-01
 -6.5000000000000036e-01   1.5477888327191136e-01   6.4608296613900942e+00   5.7555117508212614e+00   4.0192011247984915e+01   1.7392388426854274e-01
 -6.3750000000000018e-01   1.5318046665748603e-01   6.5282475097560315e+00   5.7663961282048337e+00   4.0266128139638099e+01   1.6734879615138240e-01
 -6.2500000000000000e-01   1.5164550621143510e-01   6.5943266304622830e+00   5.7768484024197644e+00   4.0337302635727028e+01   1.6101020321869905e-01
 -6.1249999999999982e-01   1.5017063565731495e-01   6.6590914769913550e+00   5.7868914960400923e+00   4.0405690826938056e+01   1.5489710840915791e-01
 -6.0000000000000053e-01   1.4875268162145286e-01   6.7225678831445128e+00   5.7965470180733334e+00   4.0471439859259632e+01   1.4899900111970310e-01
 -5.8750000000000036e-01   1.4738865472664545e-01   6.7847827355141499e+00   5.8058353246077123e+00   4.0534688346958077e+01   1.4330585345210414e-01
 -5.7500000000000018e-01   1.4607574047832333e-01   6.8457636889295337e+00   5.8147755808725936e+00   4.0595566795176538e+01   1.3780811222470912e-01
 -5.6250000000000000e-01   1.4481129011107874e-01   6.9055389205699464e+00   5.8233858235688229e+00   4.0654198024371809e+01   1.3249668773485346e-01
 -5.5000000000000071e-01   1.4359281152562536e-01   6.9641369186614295e+00   5.8316830225832641e+00   4.0710697590557970e+01   1.2736294009142604e-01
 -5.3750000000000053e-01   1.4241796041496885e-01   7.0215863019401512e+00   5.8396831414149188e+00   4.0765174196776471e+01   1.2239866379362539e-01
 -5.2500000000000036e-01   1.4128453165293506e-01   7.0779156663554392e+00   5.8474011958145269e+00   4.0817730092401007e+01   1.1759607110900637e-01
 -5.1250000000000018e-01   1.4019045099737742e-01   7.1331534557849965e+00   5.8548513102813589e+00   4.0868461457851041e+01   1.1294777469942172e-01
 -5.0000000000000000e-01   1.3913376714362727e-01   7.1873278538322314e+00   5.8620467721750522e+00   4.0917458773064908e+01   1.0844676985525133e-01
 -4.8750000000000071e-01   1.3811264415039748e-01   7.2404666940635218e+00   5.8690000832912235e+00   4.0964807168702677e+01   1.0408641662435271e-01
 -4.7500000000000053e-01   1.3712535424982025e-01   7.2925973863167677e+00   5.8757230088213337e+00   4.1010586759537119e+01   9.9860422060524062e-02
 -4.6250000000000036e-01   1.3617027104510424e-01   7.3437468569682576e+00   5.8822266236730707e+00   4.1054872959871169e+01   9.5762822765217206e-02
 -4.5000000000000018e-01   1.3524586309300748e-01   7.3939415012813230e+00   5.8885213561703393e+00   4.1097736781111877e+01   9.1787967854190036e-02
 -4.3750000000000000e-01   1.3435068786358959e-01   7.4432071461765119e+00   5.8946170291841691e+00   4.1139245111850315e+01   8.7930502446382522e-02
 -4.2500000000000071e-01   1.3348338606622523e-01   7.4915690219595499e+00   5.9005228987695890e+00   4.1179460980958375e+01   8.4185351744314560e-02
 -4.1250000000000053e-01   1.3264267632838686e-01   7.5390517417205487e+00   5.9062476904003161e+00   4.1218443804327954e+01   8.0547705752704882e-02
 -4.0000000000000036e-01   1.3182735021203137e-01   7.5856792872768661e+00   5.9117996329045459e+00   4.1256249615955895e+01   7.7013004663898016e-02
 -3.8750000000000018e-01   1.3103626755138414e-01   7.6314750006738645e+00   5.9171864902121953e+00   4.1292931284125984e+01   7.3576924924296072e-02
 -3.7500000000000000e-01   1.3026835209536292e-01   7.6764615803840845e+00   5.9224155910277032e+00   4.1328538713465171e+01   7.0235365984678957e-02
 -3.6250000000000071e-01   1.2952258743771883e-01   7.7206610814569450e+00   5.9274938565436353e+00   4.1363119033658641e+01   6.6984437728511509e-02
 -3.5000000000000053e-01   1.2879801321809217e-01   7.7640949189698425e+00   5.9324278263094961e+00   4.1396716775602826e+01   6.3820448565621066e-02
 -3.3750000000000036e-01   1.2809372157751850e-01   7.8067838742184552e+00   5.9372236823678710e+00   4.1429374035759885e+01   6.0739894173601650e-02
 -3.2500000000000018e-01   1.2740885385241868e-01   7.8487481031603075e+00   5.9418872717666176e+00   4.1461130629453848e+01   5.7739446865639553e-02
 -3.1250000000000000e-01   1.2674259749171204e-01   7.8900071466926658e+00   5.9464241275517056e+00   4.1492024233820878e+01   5.4815945560895724e-02
 -3.0000000000000071e-01   1.2609418318237517e-01   7.9305799424043153e+00   5.9508394883406499e+00   4.1522090521094036e+01   5.1966386331902967e-02
 -2.8750000000000053e-01   1.2546288216949483e-01   7.9704848374919681e+00   5.9551383165715439e+00   4.1551363282869616e+01   4.9187913502458873e-02
 -2.7500000000000036e-01   1.2484800375761479e-01   8.0097396025766052e+00   5.9593253155175727e+00   4.1579874545967051e+01   4.6477811269071148e-02
 -2.6250000000000018e-01   1.2424889298093314e-01   8.0483614461937858e+00   5.9634049451517486e+00   4.1607654680459419e+01   4.3833495819018076e-02
 -2.5000000000000000e-01   1.2366492843065455e-01   8.0863670297658619e+00   5.9673814369414977e+00   4.1634732500416803e+01   4.1252507918422769e-02
 -2.3750000000000071e-01   1.2309552022853784e-01   8.1237724828930453e+00   5.9712588076477369e+00   4.1661135357870769e+01   3.8732505944327610e-02
 -2.2500000000000053e-01   1.2254010813638509e-01   8.1605934188259130e+00   5.9750408721982629e+00   4.1686889230475352e+01   3.6271259335525760e-02
 -2.1250000000000036e-01   1.2199815979190290e-01   8.1968449500036691e+00   5.9787312557006063e+00   4.1712018803308311e+01   3.3866642437811276e-02
 -2.0000000000000018e-01   1.2146916906201349e-01   8.2325417035615960e+00   5.9823334046551189e+00   4.1736547545226358e+01   3.1516628720301997e-02
 -1.8750000000000000e-01   1.2095265450531194e-01   8.2676978367273666e+00   5.9858505974248333e+00   4.1760497780159383e+01   2.9219285340540663e-02
 -1.7500000000000071e-01   1.2044815793594504e-01   8.3023270520401411e+00   5.9892859540146928e+00   4.1783890753701904e+01   2.6972768037158458e-02
 -1.6250000000000053e-01   1.1995524308173786e-01   8.3364426123383115e+00   5.9926424452090039e+00   4.1806746695334276e+01   2.4775316329976059e-02
 -1.5000000000000036e-01   1.1947349432990494e-01   8.3700573554723086e+00   5.9959229011124853e+00   4.1829084876582783e+01   2.2625249008499052e-02
 -1.3750000000000018e-01   1.1900251555416469e-01   8.4031837087077719e+00   5.9991300191370014e+00   4.1850923665405084e+01   2.0520959890828964e-02
 -1.2500000000000000e-01   1.1854192901752500e-01   8.4358337027918786e+00   6.0022663714730173e+00   4.1872280577066888e+01   1.8460913836047338e-02
 -1.1250000000000071e-01   1.1809137434542254e-01   8.4680189856623684e+00   6.0053344120819778e+00   4.1893172321756410e+01   1.6443642994131768e-02
 -1.0000000000000053e-01   1.1765050756429121e-01   8.4997508357840328e+00   6.0083364832431565e+00   4.1913614849164915e+01   1.4467743278425064e-02
 -8.7500000000000355e-02   1.1721900020099182e-01   8.5310401751024205e+00   6.0112748216860590e+00   4.1933623390245245e+01   1.2531871046599818e-02
 -7.5000000000000178e-02   1.1679653843887450e-01   8.5618975816081253e+00   6.0141515643372028e+00   4.1953212496344293e+01   1.0634739976936054e-02
 -6.2500000000000000e-02   1.1638282232655098e-01   8.5923333015087504e+00   6.0169687537079550e+00   4.1972396075891410e+01   8.7751181275622352e-03
 -5.0000000000000711e-02   1.1597756503574705e-01   8.6223572610079913e+00   6.0197283429481736e+00   4.1991187428810989e+01   6.9518251670964998e-03
 -3.7500000000000533e-02   1.1558049216486638e-01   8.6519790776940066e+00   6.0224322005885655e+00   4.2009599278815479e+01   5.1637297658681030e-03
 -2.5000000000000355e-02   1.1519134108514843e-01   8.6812080715407998e+00   6.0250821149930136e+00   4.2027643803723365e+01   3.4097471375985804e-03
 -1.2500000000001066e-02   1.1480986032652696e-01   8.7100532755281890e+00   6.0276797985405537e+00   4.2045332663936250e+01   1.6888367220802003e-03
  0.0000000000000000e+00   1.1443580900050836e-01   8.7385234458870968e+00   6.0302268915552721e+00   4.2062677029199385e+01   0.0000000000000000e+00
