# First column is time, second column is the perturbation of detonation velocity.
  0.0000000000000000e+00   1.0000000000000000e-10
  1.0000000000000000e-02   1.0052242035060277e-10
  2.0000000000000000e-02   1.0088205727062585e-10
  2.9999999999999999e-02   1.0132260814491206e-10
  4.0000000000000001e-02   1.0187717532165566e-10
  5.0000000000000003e-02   1.0249198158688088e-10
  5.9999999999999998e-02   1.0309985064537715e-10
  7.0000000000000007e-02   1.0366239481374616e-10
  8.0000000000000002e-02   1.0418374879593480e-10
  8.9999999999999997e-02   1.0469986196583736e-10
  1.0000000000000001e-01   1.0525408503629235e-10
  1.1000000000000000e-01   1.0587338243757713e-10
  1.2000000000000000e-01   1.0655673674229918e-10
  1.3000000000000000e-01   1.0727960065758871e-10
  1.4000000000000001e-01   1.0800977052771819e-10
  1.4999999999999999e-01   1.0872503194425296e-10
  1.6000000000000000e-01   1.0942339349055782e-10
  1.7000000000000001e-01   1.1012171842235284e-10
  1.7999999999999999e-01   1.1084498344573726e-10
  1.9000000000000000e-01   1.1161282711086354e-10
  2.0000000000000001e-01   1.1243053376002094e-10
  2.0999999999999999e-01   1.1328841513800494e-10
  2.2000000000000000e-01   1.1416879204680461e-10
  2.3000000000000001e-01   1.1505605080329790e-10
  2.3999999999999999e-01   1.1594429616199080e-10
  2.5000000000000000e-01   1.1683905710670790e-10
  2.6000000000000001e-01   1.1775296714800621e-10
  2.7000000000000002e-01   1.1869838725082713e-10
  2.8000000000000003e-01   1.1968108700934066e-10
  2.8999999999999998e-01   1.2069802103178725e-10
  2.9999999999999999e-01   1.2173977098246053e-10
  3.1000000000000000e-01   1.2279579629780837e-10
  3.2000000000000001e-01   1.2385946666901372e-10
  3.3000000000000002e-01   1.2493036027380516e-10
  3.4000000000000002e-01   1.2601302348438937e-10
  3.5000000000000003e-01   1.2711327861749450e-10
  3.5999999999999999e-01   1.2823425941501594e-10
  3.7000000000000000e-01   1.2937420392315889e-10
  3.8000000000000000e-01   1.3052688143513543e-10
  3.9000000000000001e-01   1.3168408813065469e-10
  4.0000000000000002e-01   1.3283868013613978e-10
  4.1000000000000003e-01   1.3398654681753145e-10
  4.1999999999999998e-01   1.3512667529706152e-10
  4.2999999999999999e-01   1.3625953453695740e-10
  4.4000000000000000e-01   1.3738482716583521e-10
  4.5000000000000001e-01   1.3849984028240158e-10
  4.6000000000000002e-01   1.3959916466021526e-10
  4.7000000000000003e-01   1.4067576312454477e-10
  4.7999999999999998e-01   1.4172269406336203e-10
  4.8999999999999999e-01   1.4273456004539622e-10
  5.0000000000000000e-01   1.4370801512166742e-10
  5.1000000000000001e-01   1.4464122848941052e-10
  5.2000000000000002e-01   1.4553274259447380e-10
  5.3000000000000003e-01   1.4638041111171079e-10
  5.4000000000000004e-01   1.4718097062417408e-10
  5.5000000000000004e-01   1.4793040571118685e-10
  5.6000000000000005e-01   1.4862484397137420e-10
  5.7000000000000006e-01   1.4926148246081640e-10
  5.7999999999999996e-01   1.4983909377428834e-10
  5.8999999999999997e-01   1.5035792777763749e-10
  5.9999999999999998e-01   1.5081914969311441e-10
  6.0999999999999999e-01   1.5122416577276023e-10
  6.2000000000000000e-01   1.5157419328734219e-10
  6.3000000000000000e-01   1.5187025651476613e-10
  6.4000000000000001e-01   1.5211354709404616e-10
  6.5000000000000002e-01   1.5230590732920184e-10
  6.6000000000000003e-01   1.5245016110654286e-10
  6.7000000000000004e-01   1.5255012691489685e-10
  6.8000000000000005e-01   1.5261032671681598e-10
  6.9000000000000006e-01   1.5263555360830952e-10
  7.0000000000000007e-01   1.5263050912645317e-10
  7.0999999999999996e-01   1.5259965696706642e-10
  7.1999999999999997e-01   1.5254731087618392e-10
  7.2999999999999998e-01   1.5247785415889955e-10
  7.3999999999999999e-01   1.5239593606011046e-10
  7.5000000000000000e-01   1.5230652344380288e-10
  7.6000000000000001e-01   1.5221477664424047e-10
  7.7000000000000002e-01   1.5212581283910970e-10
  7.8000000000000003e-01   1.5204447057075553e-10
  7.9000000000000004e-01   1.5197517555183322e-10
  8.0000000000000004e-01   1.5192194580723812e-10
  8.1000000000000005e-01   1.5188850119010770e-10
  8.2000000000000006e-01   1.5187839656327531e-10
  8.3000000000000007e-01   1.5189509886425282e-10
  8.3999999999999997e-01   1.5194196919073990e-10
  8.4999999999999998e-01   1.5202216600748023e-10
  8.5999999999999999e-01   1.5213852499903447e-10
  8.7000000000000000e-01   1.5229347714793935e-10
  8.8000000000000000e-01   1.5248904066150926e-10
  8.9000000000000001e-01   1.5272688172291088e-10
  9.0000000000000002e-01   1.5300840614076243e-10
  9.1000000000000003e-01   1.5333483438335361e-10
  9.2000000000000004e-01   1.5370722796627821e-10
  9.3000000000000005e-01   1.5412646460480672e-10
  9.4000000000000006e-01   1.5459318626818250e-10
  9.5000000000000007e-01   1.5510775518235881e-10
  9.5999999999999996e-01   1.5567024452687463e-10
  9.6999999999999997e-01   1.5628046979888833e-10
  9.7999999999999998e-01   1.5693804570539040e-10
  9.8999999999999999e-01   1.5764244269025713e-10
  1.0000000000000000e+00   1.5839302086533108e-10
  1.0100000000000000e+00   1.5918903344792600e-10
  1.0200000000000000e+00   1.6002960818080818e-10
  1.0300000000000000e+00   1.6091372510729689e-10
  1.0400000000000000e+00   1.6184020836752991e-10
  1.0500000000000000e+00   1.6280774013623904e-10
  1.0600000000000001e+00   1.6381489242324346e-10
  1.0700000000000001e+00   1.6486016383667193e-10
  1.0800000000000001e+00   1.6594200741469495e-10
  1.0900000000000001e+00   1.6705884175903164e-10
  1.1000000000000001e+00   1.6820904692415943e-10
  1.1100000000000001e+00   1.6939095377522870e-10
  1.1200000000000001e+00   1.7060283742797119e-10
  1.1300000000000001e+00   1.7184292167891254e-10
  1.1400000000000001e+00   1.7310939463545649e-10
  1.1500000000000001e+00   1.7440042983777664e-10
  1.1599999999999999e+00   1.7571420490937290e-10
  1.1699999999999999e+00   1.7704891183441244e-10
  1.1799999999999999e+00   1.7840275772894310e-10
  1.1899999999999999e+00   1.7977395968897143e-10
  1.2000000000000000e+00   1.8116073959243217e-10
  1.2100000000000000e+00   1.8256132376957662e-10
  1.2200000000000000e+00   1.8397394915444717e-10
  1.2300000000000000e+00   1.8539687386370273e-10
  1.2400000000000000e+00   1.8682838801514404e-10
  1.2500000000000000e+00   1.8826682087014066e-10
  1.2600000000000000e+00   1.8971054260657614e-10
  1.2700000000000000e+00   1.9115796182350640e-10
  1.2800000000000000e+00   1.9260752176085859e-10
  1.2900000000000000e+00   1.9405769835879745e-10
  1.3000000000000000e+00   1.9550700184041648e-10
  1.3100000000000001e+00   1.9695398141316634e-10
  1.3200000000000001e+00   1.9839723108628811e-10
  1.3300000000000001e+00   1.9983539423314974e-10
  1.3400000000000001e+00   2.0126716541056081e-10
  1.3500000000000001e+00   2.0269128946981810e-10
  1.3600000000000001e+00   2.0410655930293654e-10
  1.3700000000000001e+00   2.0551181402960619e-10
  1.3800000000000001e+00   2.0690593892370836e-10
  1.3900000000000001e+00   2.0828786728514963e-10
  1.4000000000000001e+00   2.0965658341077438e-10
  1.4099999999999999e+00   2.1101112533101749e-10
  1.4199999999999999e+00   2.1235058622663046e-10
  1.4299999999999999e+00   2.1367411419941402e-10
  1.4399999999999999e+00   2.1498091089119101e-10
  1.4500000000000000e+00   2.1627022990431426e-10
  1.4600000000000000e+00   2.1754137589100869e-10
  1.4700000000000000e+00   2.1879370466324005e-10
  1.4800000000000000e+00   2.2002662404649159e-10
  1.4900000000000000e+00   2.2123959479176499e-10
  1.5000000000000000e+00   2.2243213084797376e-10
  1.5100000000000000e+00   2.2360379863588188e-10
  1.5200000000000000e+00   2.2475421543828109e-10
  1.5300000000000000e+00   2.2588304737352918e-10
  1.5400000000000000e+00   2.2699000749022256e-10
  1.5500000000000000e+00   2.2807485431230842e-10
  1.5600000000000001e+00   2.2913739081940832e-10
  1.5700000000000001e+00   2.3017746355922390e-10
  1.5800000000000001e+00   2.3119496149626323e-10
  1.5900000000000001e+00   2.3218981432556760e-10
  1.6000000000000001e+00   2.3316199023106031e-10
  1.6100000000000001e+00   2.3411149330315030e-10
  1.6200000000000001e+00   2.3503836093363005e-10
  1.6300000000000001e+00   2.3594266144358167e-10
  1.6400000000000001e+00   2.3682449202573421e-10
  1.6500000000000001e+00   2.3768397689946547e-10
  1.6600000000000001e+00   2.3852126547814236e-10
  1.6699999999999999e+00   2.3933653037319398e-10
  1.6799999999999999e+00   2.4012996517835785e-10
  1.6899999999999999e+00   2.4090178211817379e-10
  1.7000000000000000e+00   2.4165220973292112e-10
  1.7100000000000000e+00   2.4238149076984884e-10
  1.7200000000000000e+00   2.4308988037030107e-10
  1.7300000000000000e+00   2.4377764453430679e-10
  1.7400000000000000e+00   2.4444505876576612e-10
  1.7500000000000000e+00   2.4509240678736736e-10
  1.7600000000000000e+00   2.4571997926251391e-10
  1.7700000000000000e+00   2.4632807253847373e-10
  1.7800000000000000e+00   2.4691698748725680e-10
  1.7900000000000000e+00   2.4748702853804460e-10
  1.8000000000000000e+00   2.4803850296373994e-10
  1.8100000000000001e+00   2.4857172042575054e-10
  1.8200000000000001e+00   2.4908699272776155e-10
  1.8300000000000001e+00   2.4958463370648944e-10
  1.8400000000000001e+00   2.5006495920200101e-10
  1.8500000000000001e+00   2.5052828708920090e-10
  1.8600000000000001e+00   2.5097493739208486e-10
  1.8700000000000001e+00   2.5140523252252322e-10
  1.8800000000000001e+00   2.5181949767769370e-10
  1.8900000000000001e+00   2.5221806140196658e-10
  1.9000000000000001e+00   2.5260125628671511e-10
  1.9100000000000001e+00   2.5296941976173146e-10
  1.9199999999999999e+00   2.5332289493271840e-10
  1.9299999999999999e+00   2.5366203143738501e-10
  1.9399999999999999e+00   2.5398718631642707e-10
  1.9500000000000000e+00   2.5429872491225149e-10
  1.9600000000000000e+00   2.5459702181019300e-10
  1.9700000000000000e+00   2.5488246182506602e-10
  1.9800000000000000e+00   2.5515544101796241e-10
  1.9900000000000000e+00   2.5541636771405106e-10
  2.0000000000000000e+00   2.5566566348835212e-10
  2.0100000000000002e+00   2.5590376409362257e-10
  2.0200000000000000e+00   2.5613112031753649e-10
  2.0300000000000002e+00   2.5634819876800329e-10
  2.0400000000000000e+00   2.5655548259011520e-10
  2.0499999999999998e+00   2.5675347211457016e-10
  2.0600000000000001e+00   2.5694268542855634e-10
  2.0699999999999998e+00   2.5712365885137473e-10
  2.0800000000000001e+00   2.5729694729310655e-10
  2.0899999999999999e+00   2.5746312447708441e-10
  2.1000000000000001e+00   2.5762278301401083e-10
  2.1099999999999999e+00   2.5777653432351601e-10
  2.1200000000000001e+00   2.5792500840404079e-10
  2.1299999999999999e+00   2.5806885345246940e-10
  2.1400000000000001e+00   2.5820873533179003e-10
  2.1499999999999999e+00   2.5834533688086131e-10
  2.1600000000000001e+00   2.5847935705800075e-10
  2.1699999999999999e+00   2.5861150991118836e-10
  2.1800000000000002e+00   2.5874252337188910e-10
  2.1899999999999999e+00   2.5887313787502464e-10
  2.2000000000000002e+00   2.5900410481224993e-10
  2.2100000000000000e+00   2.5913618482794624e-10
  2.2200000000000002e+00   2.5927014596717121e-10
  2.2300000000000000e+00   2.5940676168333832e-10
  2.2400000000000002e+00   2.5954680871230918e-10
  2.2500000000000000e+00   2.5969106482003129e-10
  2.2600000000000002e+00   2.5984030643312522e-10
  2.2700000000000000e+00   2.5999530616510876e-10
  2.2800000000000002e+00   2.6015683025406517e-10
  2.2900000000000000e+00   2.6032563592943892e-10
  2.3000000000000003e+00   2.6050246872596119e-10
  2.3100000000000001e+00   2.6068805976186421e-10
  2.3199999999999998e+00   2.6088312299741269e-10
  2.3300000000000001e+00   2.6108835248917441e-10
  2.3399999999999999e+00   2.6130441965572703e-10
  2.3500000000000001e+00   2.6153197057144394e-10
  2.3599999999999999e+00   2.6177162330599099e-10
  2.3700000000000001e+00   2.6202396532758805e-10
  2.3799999999999999e+00   2.6228955098757821e-10
  2.3900000000000001e+00   2.6256889910251365e-10
  2.3999999999999999e+00   2.6286249064824318e-10
  2.4100000000000001e+00   2.6317076657886551e-10
  2.4199999999999999e+00   2.6349412578224300e-10
  2.4300000000000002e+00   2.6383292318305514e-10
  2.4399999999999999e+00   2.6418746800384893e-10
  2.4500000000000002e+00   2.6455802219386769e-10
  2.4600000000000000e+00   2.6494479903434697e-10
  2.4700000000000002e+00   2.6534796192743550e-10
  2.4800000000000000e+00   2.6576762337411630e-10
  2.4900000000000002e+00   2.6620384414476115e-10
  2.5000000000000000e+00   2.6665663264448367e-10
  2.5100000000000002e+00   2.6712594447434892e-10
  2.5200000000000000e+00   2.6761168218865342e-10
  2.5300000000000002e+00   2.6811369524771432e-10
  2.5400000000000000e+00   2.6863178016474114e-10
  2.5500000000000003e+00   2.6916568084431385e-10
  2.5600000000000001e+00   2.6971508910883828e-10
  2.5699999999999998e+00   2.7027964540822453e-10
  2.5800000000000001e+00   2.7085893970708109e-10
  2.5899999999999999e+00   2.7145251254301670e-10
  2.6000000000000001e+00   2.7205985624916651e-10
  2.6099999999999999e+00   2.7268041633370210e-10
  2.6200000000000001e+00   2.7331359300874455e-10
  2.6299999999999999e+00   2.7395874286070005e-10
  2.6400000000000001e+00   2.7461518065356379e-10
  2.6499999999999999e+00   2.7528218125628495e-10
  2.6600000000000001e+00   2.7595898168488879e-10
  2.6699999999999999e+00   2.7664478324980556e-10
  2.6800000000000002e+00   2.7733875379874281e-10
  2.6899999999999999e+00   2.7804003004541189e-10
  2.7000000000000002e+00   2.7874771997443580e-10
  2.7100000000000000e+00   2.7946090531274327e-10
  2.7200000000000002e+00   2.8017864405770378e-10
  2.7300000000000000e+00   2.8089997305218495e-10
  2.7400000000000002e+00   2.8162391059667805e-10
  2.7500000000000000e+00   2.8234945908865855e-10
  2.7600000000000002e+00   2.8307560767946655e-10
  2.7700000000000000e+00   2.8380133493917430e-10
  2.7800000000000002e+00   2.8452561152013058e-10
  2.7900000000000000e+00   2.8524740281010022e-10
  2.8000000000000003e+00   2.8596567156614633e-10
  2.8100000000000001e+00   2.8667938052061627e-10
  2.8199999999999998e+00   2.8738749495084472e-10
  2.8300000000000001e+00   2.8808898520446696e-10
  2.8399999999999999e+00   2.8878282917259538e-10
  2.8500000000000001e+00   2.8946801470350960e-10
  2.8599999999999999e+00   2.9014354194996920e-10
  2.8700000000000001e+00   2.9080842564371838e-10
  2.8799999999999999e+00   2.9146169729123492e-10
  2.8900000000000001e+00   2.9210240728524476e-10
  2.8999999999999999e+00   2.9272962692701197e-10
  2.9100000000000001e+00   2.9334245035491347e-10
  2.9199999999999999e+00   2.9393999637533495e-10
  2.9300000000000002e+00   2.9452141019247454e-10
  2.9399999999999999e+00   2.9508586503420376e-10
  2.9500000000000002e+00   2.9563256367169548e-10
  2.9600000000000000e+00   2.9616073983107419e-10
  2.9700000000000002e+00   2.9666965949586646e-10
  2.9800000000000000e+00   2.9715862209952526e-10
  2.9900000000000002e+00   2.9762696160777838e-10
  3.0000000000000000e+00   2.9807404749101307e-10
  3.0100000000000002e+00   2.9849928558734489e-10
  3.0200000000000000e+00   2.9890211885744370e-10
  3.0300000000000002e+00   2.9928202803257704e-10
  3.0400000000000000e+00   2.9963853215768380e-10
  3.0500000000000003e+00   2.9997118903160660e-10
  3.0600000000000001e+00   3.0027959554688082e-10
  3.0700000000000003e+00   3.0056338793171356e-10
  3.0800000000000001e+00   3.0082224189698545e-10
  3.0899999999999999e+00   3.0105587269128444e-10
  3.1000000000000001e+00   3.0126403506712275e-10
  3.1099999999999999e+00   3.0144652316160831e-10
  3.1200000000000001e+00   3.0160317029493112e-10
  3.1299999999999999e+00   3.0173384869008514e-10
  3.1400000000000001e+00   3.0183846911728132e-10
  3.1499999999999999e+00   3.0191698046651835e-10
  3.1600000000000001e+00   3.0196936925177577e-10
  3.1699999999999999e+00   3.0199565905026885e-10
  3.1800000000000002e+00   3.0199590988018798e-10
  3.1899999999999999e+00   3.0197021752029827e-10
  3.2000000000000002e+00   3.0191871277474187e-10
  3.2100000000000000e+00   3.0184156068633004e-10
  3.2200000000000002e+00   3.0173895970156027e-10
  3.2300000000000000e+00   3.0161114079052764e-10
  3.2400000000000002e+00   3.0145836652484368e-10
  3.2500000000000000e+00   3.0128093011660793e-10
  3.2600000000000002e+00   3.0107915442141732e-10
  3.2700000000000000e+00   3.0085339090833624e-10
  3.2800000000000002e+00   3.0060401859969013e-10
  3.2900000000000000e+00   3.0033144298348076e-10
  3.3000000000000003e+00   3.0003609490115539e-10
  3.3100000000000001e+00   2.9971842941339873e-10
  3.3200000000000003e+00   2.9937892464653680e-10
  3.3300000000000001e+00   2.9901808062207507e-10
  3.3399999999999999e+00   2.9863641807181324e-10
  3.3500000000000001e+00   2.9823447724089545e-10
  3.3599999999999999e+00   2.9781281668107632e-10
  3.3700000000000001e+00   2.9737201203638574e-10
  3.3799999999999999e+00   2.9691265482328579e-10
  3.3900000000000001e+00   2.9643535120730917e-10
  3.3999999999999999e+00   2.9594072077806388e-10
  3.4100000000000001e+00   2.9542939532437813e-10
  3.4199999999999999e+00   2.9490201761124558e-10
  3.4300000000000002e+00   2.9435924016011790e-10
  3.4399999999999999e+00   2.9380172403397349e-10
  3.4500000000000002e+00   2.9323013762847368e-10
  3.4600000000000000e+00   2.9264515547040556e-10
  3.4700000000000002e+00   2.9204745702449169e-10
  3.4800000000000000e+00   2.9143772550954334e-10
  3.4900000000000002e+00   2.9081664672482174e-10
  3.5000000000000000e+00   2.9018490788738090e-10
  3.5100000000000002e+00   2.8954319648106909e-10
  3.5200000000000000e+00   2.8889219911779187e-10
  3.5300000000000002e+00   2.8823260041156557e-10
  3.5400000000000000e+00   2.8756508186583199e-10
  3.5500000000000003e+00   2.8689032077446026e-10
  3.5600000000000001e+00   2.8620898913682626e-10
  3.5700000000000003e+00   2.8552175258733591e-10
  3.5800000000000001e+00   2.8482926933975415e-10
  3.5899999999999999e+00   2.8413218914669968e-10
  3.6000000000000001e+00   2.8343115227468586e-10
  3.6099999999999999e+00   2.8272678849511298e-10
  3.6200000000000001e+00   2.8201971609165626e-10
  3.6299999999999999e+00   2.8131054088454151e-10
  3.6400000000000001e+00   2.8059985527225623e-10
  3.6499999999999999e+00   2.7988823729130684e-10
  3.6600000000000001e+00   2.7917624969470113e-10
  3.6699999999999999e+00   2.7846443904990952e-10
  3.6800000000000002e+00   2.7775333485713166e-10
  3.6899999999999999e+00   2.7704344868877337e-10
  3.7000000000000002e+00   2.7633527335111739e-10
  3.7100000000000000e+00   2.7562928206923904e-10
  3.7200000000000002e+00   2.7492592769629860e-10
  3.7300000000000000e+00   2.7422564194840156e-10
  3.7400000000000002e+00   2.7352883466628212e-10
  3.7500000000000000e+00   2.7283589310511939e-10
  3.7600000000000002e+00   2.7214718125384356e-10
  3.7700000000000000e+00   2.7146303918532606e-10
  3.7800000000000002e+00   2.7078378243888067e-10
  3.7900000000000000e+00   2.7010970143652064e-10
  3.8000000000000003e+00   2.6944106093443065e-10
  3.8100000000000001e+00   2.6877809951111438e-10
  3.8200000000000003e+00   2.6812102909366817e-10
  3.8300000000000001e+00   2.6747003452361760e-10
  3.8399999999999999e+00   2.6682527316372598e-10
  3.8500000000000001e+00   2.6618687454714925e-10
  3.8599999999999999e+00   2.6555494007026813e-10
  3.8700000000000001e+00   2.6492954273047502e-10
  3.8799999999999999e+00   2.6431072691013841e-10
  3.8900000000000001e+00   2.6369850820789352e-10
  3.8999999999999999e+00   2.6309287331834280e-10
  3.9100000000000001e+00   2.6249377996116167e-10
  3.9199999999999999e+00   2.6190115686052640e-10
  3.9300000000000002e+00   2.6131490377568220e-10
  3.9399999999999999e+00   2.6073489158337905e-10
  3.9500000000000002e+00   2.6016096241279558e-10
  3.9600000000000000e+00   2.5959292983346937e-10
  3.9700000000000002e+00   2.5903057909663681e-10
  3.9800000000000000e+00   2.5847366743027099e-10
  3.9900000000000002e+00   2.5792192438799023e-10
  4.0000000000000000e+00   2.5737505225188100e-10
  4.0099999999999998e+00   2.5683272648915410e-10
  4.0200000000000005e+00   2.5629459626242547e-10
  4.0300000000000002e+00   2.5576028499327278e-10
  4.0400000000000000e+00   2.5522939097858814e-10
  4.0499999999999998e+00   2.5470148805910261e-10
  4.0600000000000005e+00   2.5417612633932065e-10
  4.0700000000000003e+00   2.5365283295795469e-10
  4.0800000000000001e+00   2.5313111290780601e-10
  4.0899999999999999e+00   2.5261044990389165e-10
  4.0999999999999996e+00   2.5209030729846942e-10
  4.1100000000000003e+00   2.5157012904146569e-10
  4.1200000000000001e+00   2.5104934068466415e-10
  4.1299999999999999e+00   2.5052735042786920e-10
  4.1399999999999997e+00   2.5000355020511557e-10
  4.1500000000000004e+00   2.4947731680885601e-10
  4.1600000000000001e+00   2.4894801304992238e-10
  4.1699999999999999e+00   2.4841498895092619e-10
  4.1799999999999997e+00   2.4787758297064009e-10
  4.1900000000000004e+00   2.4733512325678230e-10
  4.2000000000000002e+00   2.4678692892451404e-10
  4.2100000000000000e+00   2.4623231135786075e-10
  4.2199999999999998e+00   2.4567057553116852e-10
  4.2300000000000004e+00   2.4510102134762824e-10
  4.2400000000000002e+00   2.4452294499182046e-10
  4.2500000000000000e+00   2.4393564029317365e-10
  4.2599999999999998e+00   2.4333840009717513e-10
  4.2700000000000005e+00   2.4273051764113079e-10
  4.2800000000000002e+00   2.4211128793124451e-10
  4.2900000000000000e+00   2.4148000911776418e-10
  4.2999999999999998e+00   2.4083598386494325e-10
  4.3100000000000005e+00   2.4017852071256498e-10
  4.3200000000000003e+00   2.3950693542580118e-10
  4.3300000000000001e+00   2.3882055233020059e-10
  4.3399999999999999e+00   2.3811870562864814e-10
  4.3500000000000005e+00   2.3740074069718299e-10
  4.3600000000000003e+00   2.3666601535662807e-10
  4.3700000000000001e+00   2.3591390111705274e-10
  4.3799999999999999e+00   2.3514378439217495e-10
  4.3899999999999997e+00   2.3435506768089381e-10
  4.4000000000000004e+00   2.3354717071324532e-10
  4.4100000000000001e+00   2.3271953155817873e-10
  4.4199999999999999e+00   2.3187160769065936e-10
  4.4299999999999997e+00   2.3100287701572848e-10
  4.4400000000000004e+00   2.3011283884726962e-10
  4.4500000000000002e+00   2.2920101483936276e-10
  4.4600000000000000e+00   2.2826694986823769e-10
  4.4699999999999998e+00   2.2731021286298213e-10
  4.4800000000000004e+00   2.2633039758329217e-10
  4.4900000000000002e+00   2.2532712334270389e-10
  4.5000000000000000e+00   2.2430003567588397e-10
  4.5099999999999998e+00   2.2324880694871229e-10
  4.5200000000000005e+00   2.2217313691003073e-10
  4.5300000000000002e+00   2.2107275318408912e-10
  4.5400000000000000e+00   2.1994741170286437e-10
  4.5499999999999998e+00   2.1879689707758581e-10
  4.5600000000000005e+00   2.1762102290894416e-10
  4.5700000000000003e+00   2.1641963203561804e-10
  4.5800000000000001e+00   2.1519259672089593e-10
  4.5899999999999999e+00   2.1393981877732476e-10
  4.6000000000000005e+00   2.1266122962946113e-10
  4.6100000000000003e+00   2.1135679031494548e-10
  4.6200000000000001e+00   2.1002649142426468e-10
  4.6299999999999999e+00   2.0867035297970844e-10
  4.6399999999999997e+00   2.0728842425416307e-10
  4.6500000000000004e+00   2.0588078353052015e-10
  4.6600000000000001e+00   2.0444753780261112e-10
  4.6699999999999999e+00   2.0298882241870354e-10
  4.6799999999999997e+00   2.0150480066872189e-10
  4.6900000000000004e+00   1.9999566331647275e-10
  4.7000000000000002e+00   1.9846162807826875e-10
  4.7100000000000000e+00   1.9690293904945574e-10
  4.7199999999999998e+00   1.9531986608045238e-10
  4.7300000000000004e+00   1.9371270410400825e-10
  4.7400000000000002e+00   1.9208177241548208e-10
  4.7500000000000000e+00   1.9042741390802382e-10
  4.7599999999999998e+00   1.8874999426463090e-10
  4.7700000000000005e+00   1.8704990110911800e-10
  4.7800000000000002e+00   1.8532754311811100e-10
  4.7900000000000000e+00   1.8358334909623224e-10
  4.7999999999999998e+00   1.8181776701670528e-10
  4.8100000000000005e+00   1.8003126302964911e-10
  4.8200000000000003e+00   1.7822432044037660e-10
  4.8300000000000001e+00   1.7639743866004421e-10
  4.8399999999999999e+00   1.7455113213103065e-10
  4.8500000000000005e+00   1.7268592922944317e-10
  4.8600000000000003e+00   1.7080237114716458e-10
  4.8700000000000001e+00   1.6890101075586553e-10
  4.8799999999999999e+00   1.6698241145541065e-10
  4.8899999999999997e+00   1.6504714600908491e-10
  4.9000000000000004e+00   1.6309579536805954e-10
  4.9100000000000001e+00   1.6112894748750699e-10
  4.9199999999999999e+00   1.5914719613675469e-10
  4.9299999999999997e+00   1.5715113970584967e-10
  4.9400000000000004e+00   1.5514138001087959e-10
  4.9500000000000002e+00   1.5311852110036532e-10
  4.9600000000000000e+00   1.5108316806500774e-10
  4.9699999999999998e+00   1.4903592585303807e-10
  4.9800000000000004e+00   1.4697739809337631e-10
  4.9900000000000002e+00   1.4490818592876488e-10
  5.0000000000000000e+00   1.4282888686099323e-10
  5.0099999999999998e+00   1.4074009361028868e-10
  5.0200000000000005e+00   1.3864239299089184e-10
  5.0300000000000002e+00   1.3653636480478526e-10
  5.0400000000000000e+00   1.3442258075548773e-10
  5.0499999999999998e+00   1.3230160338377225e-10
  5.0600000000000005e+00   1.3017398502710396e-10
  5.0700000000000003e+00   1.2804026680453690e-10
  5.0800000000000001e+00   1.2590097762874093e-10
  5.0899999999999999e+00   1.2375663324677577e-10
  5.1000000000000005e+00   1.2160773531115350e-10
  5.1100000000000003e+00   1.1945477048267213e-10
  5.1200000000000001e+00   1.1729820956642843e-10
  5.1299999999999999e+00   1.1513850668235718e-10
  5.1399999999999997e+00   1.1297609847156418e-10
  5.1500000000000004e+00   1.1081140333965598e-10
  5.1600000000000001e+00   1.0864482073819449e-10
  5.1699999999999999e+00   1.0647673048532818e-10
  5.1799999999999997e+00   1.0430749212658400e-10
  5.1900000000000004e+00   1.0213744433672188e-10
  5.2000000000000002e+00   9.9966904363484243e-11
  5.2100000000000000e+00   9.7796167513989694e-11
  5.2199999999999998e+00   9.5625506684452408e-11
  5.2300000000000004e+00   9.3455171933822757e-11
  5.2400000000000002e+00   9.1285390101874818e-11
  5.2500000000000000e+00   8.9116364472181803e-11
  5.2599999999999998e+00   8.6948274480351711e-11
  5.2700000000000005e+00   8.4781275467810247e-11
  5.2800000000000002e+00   8.2615498481346680e-11
  5.2900000000000000e+00   8.0451050118556556e-11
  5.2999999999999998e+00   7.8288012419245195e-11
  5.3100000000000005e+00   7.6126442802773641e-11
  5.3200000000000003e+00   7.3966374051258798e-11
  5.3300000000000001e+00   7.1807814338459301e-11
  5.3399999999999999e+00   6.9650747304111516e-11
  5.3500000000000005e+00   6.7495132173401336e-11
  5.3600000000000003e+00   6.5340903921188386e-11
  5.3700000000000001e+00   6.3187973480525416e-11
  5.3799999999999999e+00   6.1036227994949555e-11
  5.3899999999999997e+00   5.8885531113947827e-11
  5.4000000000000004e+00   5.6735723330934609e-11
  5.4100000000000001e+00   5.4586622363010943e-11
  5.4199999999999999e+00   5.2438023571706479e-11
  5.4299999999999997e+00   5.0289700423846386e-11
  5.4400000000000004e+00   4.8141404991614952e-11
  5.4500000000000002e+00   4.5992868490831355e-11
  5.4600000000000000e+00   4.3843801856385553e-11
  5.4699999999999998e+00   4.1693896353730587e-11
  5.4800000000000004e+00   3.9542824225261897e-11
  5.4900000000000002e+00   3.7390239370363077e-11
  5.5000000000000000e+00   3.5235778057836861e-11
  5.5099999999999998e+00   3.3079059669393775e-11
  5.5200000000000005e+00   3.0919687472811903e-11
  5.5300000000000002e+00   2.8757249423336663e-11
  5.5400000000000000e+00   2.6591318991836394e-11
  5.5499999999999998e+00   2.4421456018189716e-11
  5.5600000000000005e+00   2.2247207588330602e-11
  5.5700000000000003e+00   2.0068108933339846e-11
  5.5800000000000001e+00   1.7883684348927689e-11
  5.5899999999999999e+00   1.5693448133621790e-11
  5.6000000000000005e+00   1.3496905543933587e-11
  5.6100000000000003e+00   1.1293553764750038e-11
  5.6200000000000001e+00   9.0828828931629930e-12
  5.6299999999999999e+00   6.8643769339299690e-12
  5.6399999999999997e+00   4.6375148047300106e-12
  5.6500000000000004e+00   2.4017713493624749e-12
  5.6600000000000001e+00   1.5661835702014539e-13
  5.6699999999999999e+00  -2.0984744142493955e-12
  5.6799999999999997e+00  -4.3640382117829558e-12
  5.6900000000000004e+00  -6.6406042621441704e-12
  5.7000000000000002e+00  -8.9287027464687766e-12
  5.7100000000000000e+00  -1.1228861779217832e-11
  5.7199999999999998e+00  -1.3541606392232079e-11
  5.7300000000000004e+00  -1.5867457525980090e-11
  5.7400000000000002e+00  -1.8206931029875725e-11
  5.7500000000000000e+00  -2.0560536673530910e-11
  5.7599999999999998e+00  -2.2928777170783248e-11
  5.7700000000000005e+00  -2.5312147218323352e-11
  5.7800000000000002e+00  -2.7711132550714015e-11
  5.7900000000000000e+00  -3.0126209013570311e-11
  5.7999999999999998e+00  -3.2557841656628310e-11
  5.8100000000000005e+00  -3.5006483848400984e-11
  5.8200000000000003e+00  -3.7472576414073730e-11
  5.8300000000000001e+00  -3.9956546798254455e-11
  5.8399999999999999e+00  -4.2458808254138149e-11
  5.8500000000000005e+00  -4.4979759060604098e-11
  5.8600000000000003e+00  -4.7519781768703975e-11
  5.8700000000000001e+00  -5.0079242478949399e-11
  5.8799999999999999e+00  -5.2658490150740409e-11
  5.8899999999999997e+00  -5.5257855945221394e-11
  5.9000000000000004e+00  -5.7877652602783547e-11
  5.9100000000000001e+00  -6.0518173856363312e-11
  5.9199999999999999e+00  -6.3179693881623733e-11
  5.9299999999999997e+00  -6.5862466785023502e-11
  5.9400000000000004e+00  -6.8566726130713884e-11
  5.9500000000000002e+00  -7.1292684507120825e-11
  5.9600000000000000e+00  -7.4040533133997573e-11
  5.9699999999999998e+00  -7.6810441510645508e-11
  5.9800000000000004e+00  -7.9602557105927791e-11
  5.9900000000000002e+00  -8.2417005090610794e-11
  6.0000000000000000e+00  -8.5253888112491870e-11
  6.0099999999999998e+00  -8.8113286114677364e-11
  6.0200000000000005e+00  -9.0995256197297928e-11
  6.0300000000000002e+00  -9.3899832522855812e-11
  6.0400000000000000e+00  -9.6827026265316610e-11
  6.0499999999999998e+00  -9.9776825602964143e-11
  6.0600000000000005e+00  -1.0274919575495645e-10
  6.0700000000000003e+00  -1.0574407906142805e-10
  6.0800000000000001e+00  -1.0876139510690285e-10
  6.0899999999999999e+00  -1.1180104088668664e-10
  6.1000000000000005e+00  -1.1486289101583119e-10
  6.1100000000000003e+00  -1.1794679798017056e-10
  6.1200000000000001e+00  -1.2105259242885203e-10
  6.1299999999999999e+00  -1.2418008350769400e-10
  6.1400000000000006e+00  -1.2732905923263001e-10
  6.1500000000000004e+00  -1.3049928690241163e-10
  6.1600000000000001e+00  -1.3369051354967368e-10
  6.1699999999999999e+00  -1.3690246642937736e-10
  6.1799999999999997e+00  -1.4013485354358819e-10
  6.1900000000000004e+00  -1.4338736420146187e-10
  6.2000000000000002e+00  -1.4665966961325007e-10
  6.2100000000000000e+00  -1.4995142351707320e-10
  6.2199999999999998e+00  -1.5326226283713521e-10
  6.2300000000000004e+00  -1.5659180837200839e-10
  6.2400000000000002e+00  -1.5993966551154723e-10
  6.2500000000000000e+00  -1.6330542498094790e-10
  6.2599999999999998e+00  -1.6668866361040809e-10
  6.2700000000000005e+00  -1.7008894512880539e-10
  6.2800000000000002e+00  -1.7350582097975968e-10
  6.2900000000000000e+00  -1.7693883115841622e-10
  6.2999999999999998e+00  -1.8038750506723638e-10
  6.3100000000000005e+00  -1.8385136238906199e-10
  6.3200000000000003e+00  -1.8732991397568309e-10
  6.3300000000000001e+00  -1.9082266275012048e-10
  6.3399999999999999e+00  -1.9432910462080431e-10
  6.3500000000000005e+00  -1.9784872940582073e-10
  6.3600000000000003e+00  -2.0138102176538047e-10
  6.3700000000000001e+00  -2.0492546214065748e-10
  6.3799999999999999e+00  -2.0848152769713259e-10
  6.3900000000000006e+00  -2.1204869327058442e-10
  6.4000000000000004e+00  -2.1562643231386197e-10
  6.4100000000000001e+00  -2.1921421784258991e-10
  6.4199999999999999e+00  -2.2281152337795370e-10
  6.4299999999999997e+00  -2.2641782388473550e-10
  6.4400000000000004e+00  -2.3003259670278348e-10
  6.4500000000000002e+00  -2.3365532247011634e-10
  6.4600000000000000e+00  -2.3728548603589422e-10
  6.4699999999999998e+00  -2.4092257736150415e-10
  6.4800000000000004e+00  -2.4456609240805069e-10
  6.4900000000000002e+00  -2.4821553400856444e-10
  6.5000000000000000e+00  -2.5187041272329168e-10
  6.5099999999999998e+00  -2.5553024767645061e-10
  6.5200000000000005e+00  -2.5919456737290136e-10
  6.5300000000000002e+00  -2.6286291049320742e-10
  6.5400000000000000e+00  -2.6653482666562835e-10
  6.5499999999999998e+00  -2.7020987721362228e-10
  6.5600000000000005e+00  -2.7388763587749990e-10
  6.5700000000000003e+00  -2.7756768950892334e-10
  6.5800000000000001e+00  -2.8124963873700665e-10
  6.5899999999999999e+00  -2.8493309860482623e-10
  6.6000000000000005e+00  -2.8861769917522480e-10
  6.6100000000000003e+00  -2.9230308610484540e-10
  6.6200000000000001e+00  -2.9598892118540940e-10
  6.6299999999999999e+00  -2.9967488285130815e-10
  6.6400000000000006e+00  -3.0336066665266043e-10
  6.6500000000000004e+00  -3.0704598569304686e-10
  6.6600000000000001e+00  -3.1073057103121497e-10
  6.6699999999999999e+00  -3.1441417204611145e-10
  6.6799999999999997e+00  -3.1809655676467943e-10
  6.6900000000000004e+00  -3.2177751215192962e-10
  6.7000000000000002e+00  -3.2545684436286836e-10
  6.7100000000000000e+00  -3.2913437895594597e-10
  6.7199999999999998e+00  -3.3280996106775517e-10
  6.7300000000000004e+00  -3.3648345554879499e-10
  6.7400000000000002e+00  -3.4015474706018234e-10
  6.7500000000000000e+00  -3.4382374013127937e-10
  6.7599999999999998e+00  -3.4749035917826488e-10
  6.7700000000000005e+00  -3.5115454848376690e-10
  6.7800000000000002e+00  -3.5481627213773911e-10
  6.7900000000000000e+00  -3.5847551393984176e-10
  6.7999999999999998e+00  -3.6213227726365240e-10
  6.8100000000000005e+00  -3.6578658488311372e-10
  6.8200000000000003e+00  -3.6943847876168454e-10
  6.8300000000000001e+00  -3.7308801980474083e-10
  6.8399999999999999e+00  -3.7673528757582835e-10
  6.8500000000000005e+00  -3.8038037997744420e-10
  6.8600000000000003e+00  -3.8402341289708359e-10
  6.8700000000000001e+00  -3.8766451981935612e-10
  6.8799999999999999e+00  -3.9130385140502854e-10
  6.8900000000000006e+00  -3.9494157503791756e-10
  6.9000000000000004e+00  -3.9857787434060902e-10
  6.9100000000000001e+00  -4.0221294866003747e-10
  6.9199999999999999e+00  -4.0584701252400848e-10
  6.9299999999999997e+00  -4.0948029506980162e-10
  6.9400000000000004e+00  -4.1311303944603842e-10
  6.9500000000000002e+00  -4.1674550218903779e-10
  6.9600000000000000e+00  -4.2037795257494606e-10
  6.9699999999999998e+00  -4.2401067194893720e-10
  6.9800000000000004e+00  -4.2764395303284872e-10
  6.9900000000000002e+00  -4.3127809921263185e-10
  7.0000000000000000e+00  -4.3491342380704168e-10
  7.0099999999999998e+00  -4.3855024931901051e-10
  7.0200000000000005e+00  -4.4218890667118777e-10
  7.0300000000000002e+00  -4.4582973442714068e-10
  7.0400000000000000e+00  -4.4947307799974810e-10
  7.0499999999999998e+00  -4.5311928884831754e-10
  7.0600000000000005e+00  -4.5676872366599215e-10
  7.0700000000000003e+00  -4.6042174355900967e-10
  7.0800000000000001e+00  -4.6407871321940158e-10
  7.0899999999999999e+00  -4.6774000009271028e-10
  7.1000000000000005e+00  -4.7140597354232070e-10
  7.1100000000000003e+00  -4.7507700401199384e-10
  7.1200000000000001e+00  -4.7875346218819757e-10
  7.1299999999999999e+00  -4.8243571816381083e-10
  7.1400000000000006e+00  -4.8612414060478650e-10
  7.1500000000000004e+00  -4.8981909592133059e-10
  7.1600000000000001e+00  -4.9352094744516061e-10
  7.1699999999999999e+00  -4.9723005461436766e-10
  7.1799999999999997e+00  -5.0094677216740811e-10
  7.1900000000000004e+00  -5.0467144934771662e-10
  7.2000000000000002e+00  -5.0840442912040882e-10
  7.2100000000000000e+00  -5.1214604740252179e-10
  7.2199999999999998e+00  -5.1589663230820059e-10
  7.2300000000000004e+00  -5.1965650341021634e-10
  7.2400000000000002e+00  -5.2342597101915689e-10
  7.2500000000000000e+00  -5.2720533548160604e-10
  7.2599999999999998e+00  -5.3099488649857302e-10
  7.2700000000000005e+00  -5.3479490246540601e-10
  7.2800000000000002e+00  -5.3860564983436796e-10
  7.2900000000000000e+00  -5.4242738250102046e-10
  7.2999999999999998e+00  -5.4626034121549641e-10
  7.3100000000000005e+00  -5.5010475301970633e-10
  7.3200000000000003e+00  -5.5396083071146662e-10
  7.3300000000000001e+00  -5.5782877233648261e-10
  7.3399999999999999e+00  -5.6170876070906716e-10
  7.3500000000000005e+00  -5.6560096296241887e-10
  7.3600000000000003e+00  -5.6950553012922192e-10
  7.3700000000000001e+00  -5.7342259675328143e-10
  7.3799999999999999e+00  -5.7735228053282943e-10
  7.3900000000000006e+00  -5.8129468199609510e-10
  7.4000000000000004e+00  -5.8524988420965542e-10
  7.4100000000000001e+00  -5.8921795252002965e-10
  7.4199999999999999e+00  -5.9319893432890712e-10
  7.4299999999999997e+00  -5.9719285890234415e-10
  7.4400000000000004e+00  -6.0119973721419180e-10
  7.4500000000000002e+00  -6.0521956182395301e-10
  7.4600000000000000e+00  -6.0925230678921118e-10
  7.4699999999999998e+00  -6.1329792761268698e-10
  7.4800000000000004e+00  -6.1735636122393649e-10
  7.4900000000000002e+00  -6.2142752599561974e-10
  7.5000000000000000e+00  -6.2551132179422054e-10
  7.5099999999999998e+00  -6.2960763006501469e-10
  7.5200000000000005e+00  -6.3371631395103405e-10
  7.5300000000000002e+00  -6.3783721844570578e-10
  7.5400000000000000e+00  -6.4197017057878090e-10
  7.5499999999999998e+00  -6.4611497963510210e-10
  7.5600000000000005e+00  -6.5027143740570866e-10
  7.5700000000000003e+00  -6.5443931847070583e-10
  7.5800000000000001e+00  -6.5861838051327112e-10
  7.5899999999999999e+00  -6.6280836466411893e-10
  7.6000000000000005e+00  -6.6700899587567069e-10
  7.6100000000000003e+00  -6.7121998332514571e-10
  7.6200000000000001e+00  -6.7544102084571968e-10
  7.6299999999999999e+00  -6.7967178738484771e-10
  7.6400000000000006e+00  -6.8391194748880795e-10
  7.6500000000000004e+00  -6.8816115181246179e-10
  7.6600000000000001e+00  -6.9241903765319569e-10
  7.6699999999999999e+00  -6.9668522950795228e-10
  7.6799999999999997e+00  -7.0095933965222182e-10
  7.6900000000000004e+00  -7.0524096873983564e-10
  7.7000000000000002e+00  -7.0952970642234994e-10
  7.7100000000000000e+00  -7.1382513198678777e-10
  7.7199999999999998e+00  -7.1812681501046503e-10
  7.7300000000000004e+00  -7.2243431603160832e-10
  7.7400000000000002e+00  -7.2674718723442791e-10
  7.7500000000000000e+00  -7.3106497314731301e-10
  7.7599999999999998e+00  -7.3538721135275986e-10
  7.7700000000000005e+00  -7.3971343320765587e-10
  7.7800000000000002e+00  -7.4404316457250560e-10
  7.7900000000000000e+00  -7.4837592654818597e-10
  7.7999999999999998e+00  -7.5271123621879345e-10
  7.8100000000000005e+00  -7.5704860739915090e-10
  7.8200000000000003e+00  -7.6138755138552560e-10
  7.8300000000000001e+00  -7.6572757770812269e-10
  7.8399999999999999e+00  -7.7006819488389583e-10
  7.8500000000000005e+00  -7.7440891116824519e-10
  7.8600000000000003e+00  -7.7874923530416127e-10
  7.8700000000000001e+00  -7.8308867726739431e-10
  7.8799999999999999e+00  -7.8742674900622494e-10
  7.8900000000000006e+00  -7.9176296517444374e-10
  7.9000000000000004e+00  -7.9609684385615498e-10
  7.9100000000000001e+00  -8.0042790728103653e-10
  7.9199999999999999e+00  -8.0475568252871854e-10
  7.9300000000000006e+00  -8.0907970222096078e-10
  7.9400000000000004e+00  -8.1339950520034146e-10
  7.9500000000000002e+00  -8.1771463719419835e-10
  7.9600000000000000e+00  -8.2202465146258556e-10
  7.9699999999999998e+00  -8.2632910942906272e-10
  7.9800000000000004e+00  -8.3062758129315557e-10
  7.9900000000000002e+00  -8.3491964662336182e-10
  8.0000000000000000e+00  -8.3920489492963789e-10
  8.0099999999999998e+00  -8.4348292621431827e-10
  8.0199999999999996e+00  -8.4775335150048105e-10
  8.0299999999999994e+00  -8.5201579333682083e-10
  8.0400000000000009e+00  -8.5626988627811925e-10
  8.0500000000000007e+00  -8.6051527734047661e-10
  8.0600000000000005e+00  -8.6475162643051140e-10
  8.0700000000000003e+00  -8.6897860674776638e-10
  8.0800000000000001e+00  -8.7319590515965382e-10
  8.0899999999999999e+00  -8.7740322254828835e-10
  8.0999999999999996e+00  -8.8160027412863742e-10
  8.1099999999999994e+00  -8.8578678973746484e-10
  8.1200000000000010e+00  -8.8996251409260389e-10
  8.1300000000000008e+00  -8.9412720702214873e-10
  8.1400000000000006e+00  -8.9828064366323271e-10
  8.1500000000000004e+00  -9.0242261463008776e-10
  8.1600000000000001e+00  -9.0655292615117127e-10
  8.1699999999999999e+00  -9.1067140017518657e-10
  8.1799999999999997e+00  -9.1477787444589731e-10
  8.1899999999999995e+00  -9.1887220254568383e-10
  8.1999999999999993e+00  -9.2295425390785590e-10
  8.2100000000000009e+00  -9.2702391379780107e-10
  8.2200000000000006e+00  -9.3108108326309580e-10
  8.2300000000000004e+00  -9.3512567905278084e-10
  8.2400000000000002e+00  -9.3915763350604275e-10
  8.2500000000000000e+00  -9.4317689441061848e-10
  8.2599999999999998e+00  -9.4718342483128978e-10
  8.2699999999999996e+00  -9.5117720290888335e-10
  8.2799999999999994e+00  -9.5515822163026811e-10
  8.2900000000000009e+00  -9.5912648856987012e-10
  8.3000000000000007e+00  -9.6308202560329381e-10
  8.3100000000000005e+00  -9.6702486859369537e-10
  8.3200000000000003e+00  -9.7095506705158655e-10
  8.3300000000000001e+00  -9.7487268376880539e-10
  8.3399999999999999e+00  -9.7877779442744668e-10
  8.3499999999999996e+00  -9.8267048718457125e-10
  8.3599999999999994e+00  -9.8655086223357292e-10
  8.3700000000000010e+00  -9.9041903134311922e-10
  8.3800000000000008e+00  -9.9427511737461205e-10
  8.3900000000000006e+00  -9.9811925377917835e-10
  8.4000000000000004e+00  -1.0019515840752005e-09
  8.4100000000000001e+00  -1.0057722613074676e-09
  8.4199999999999999e+00  -1.0095814474890314e-09
  8.4299999999999997e+00  -1.0133793130268918e-09
  8.4399999999999995e+00  -1.0171660361326736e-09
  8.4499999999999993e+00  -1.0209418022194649e-09
  8.4600000000000009e+00  -1.0247068032860137e-09
  8.4700000000000006e+00  -1.0284612372895106e-09
  8.4800000000000004e+00  -1.0322053075081971e-09
  8.4900000000000002e+00  -1.0359392218950394e-09
  8.5000000000000000e+00  -1.0396631924237534e-09
  8.5099999999999998e+00  -1.0433774344284434e-09
  8.5199999999999996e+00  -1.0470821659381493e-09
  8.5299999999999994e+00  -1.0507776070075857e-09
  8.5400000000000009e+00  -1.0544639790453792e-09
  8.5500000000000007e+00  -1.0581415041410817e-09
  8.5600000000000005e+00  -1.0618104043922720e-09
  8.5700000000000003e+00  -1.0654709012330179e-09
  8.5800000000000001e+00  -1.0691232147649904e-09
  8.5899999999999999e+00  -1.0727675630924998e-09
  8.5999999999999996e+00  -1.0764041616627172e-09
  8.6099999999999994e+00  -1.0800332226123236e-09
  8.6200000000000010e+00  -1.0836549541218276e-09
  8.6300000000000008e+00  -1.0872695597787488e-09
  8.6400000000000006e+00  -1.0908772379508769e-09
  8.6500000000000004e+00  -1.0944781811707586e-09
  8.6600000000000001e+00  -1.0980725755325696e-09
  8.6699999999999999e+00  -1.1016606001024756e-09
  8.6799999999999997e+00  -1.1052424263435780e-09
  8.6899999999999995e+00  -1.1088182175564973e-09
  8.7000000000000011e+00  -1.1123881283366157e-09
  8.7100000000000009e+00  -1.1159523040489647e-09
  8.7200000000000006e+00  -1.1195108803217135e-09
  8.7300000000000004e+00  -1.1230639825591659e-09
  8.7400000000000002e+00  -1.1266117254751404e-09
  8.7500000000000000e+00  -1.1301542126475591e-09
  8.7599999999999998e+00  -1.1336915360950394e-09
  8.7699999999999996e+00  -1.1372237758762276e-09
  8.7799999999999994e+00  -1.1407509997125714e-09
  8.7900000000000009e+00  -1.1442732626351802e-09
  8.8000000000000007e+00  -1.1477906066563811e-09
  8.8100000000000005e+00  -1.1513030604665192e-09
  8.8200000000000003e+00  -1.1548106391565064e-09
  8.8300000000000001e+00  -1.1583133439665718e-09
  8.8399999999999999e+00  -1.1618111620616169e-09
  8.8499999999999996e+00  -1.1653040663335247e-09
  8.8599999999999994e+00  -1.1687920152307156e-09
  8.8700000000000010e+00  -1.1722749526152019e-09
  8.8800000000000008e+00  -1.1757528076473227e-09
  8.8900000000000006e+00  -1.1792254946983094e-09
  8.9000000000000004e+00  -1.1826929132907539e-09
  8.9100000000000001e+00  -1.1861549480670152e-09
  8.9199999999999999e+00  -1.1896114687855474e-09
  8.9299999999999997e+00  -1.1930623303450644e-09
  8.9399999999999995e+00  -1.1965073728364177e-09
  8.9500000000000011e+00  -1.1999464216220114e-09
  8.9600000000000009e+00  -1.2033792874425062e-09
  8.9700000000000006e+00  -1.2068057665505515e-09
  8.9800000000000004e+00  -1.2102256408711896e-09
  8.9900000000000002e+00  -1.2136386781885637e-09
  9.0000000000000000e+00  -1.2170446323584842e-09
  9.0099999999999998e+00  -1.2204432435463830e-09
  9.0199999999999996e+00  -1.2238342384901203e-09
  9.0299999999999994e+00  -1.2272173307870734e-09
  9.0400000000000009e+00  -1.2305922212048905e-09
  9.0500000000000007e+00  -1.2339585980152441e-09
  9.0600000000000005e+00  -1.2373161373498858e-09
  9.0700000000000003e+00  -1.2406645035782596e-09
  9.0800000000000001e+00  -1.2440033497058797e-09
  9.0899999999999999e+00  -1.2473323177926734e-09
  9.0999999999999996e+00  -1.2506510393904160e-09
  9.1099999999999994e+00  -1.2539591359983818e-09
  9.1200000000000010e+00  -1.2572562195362819e-09
  9.1300000000000008e+00  -1.2605418928335395e-09
  9.1400000000000006e+00  -1.2638157501339340e-09
  9.1500000000000004e+00  -1.2670773776145898e-09
  9.1600000000000001e+00  -1.2703263539182991e-09
  9.1699999999999999e+00  -1.2735622506981154e-09
  9.1799999999999997e+00  -1.2767846331731485e-09
  9.1899999999999995e+00  -1.2799930606944682e-09
  9.2000000000000011e+00  -1.2831870873200246e-09
  9.2100000000000009e+00  -1.2863662623974402e-09
  9.2200000000000006e+00  -1.2895301311535668e-09
  9.2300000000000004e+00  -1.2926782352896526e-09
  9.2400000000000002e+00  -1.2958101135809707e-09
  9.2500000000000000e+00  -1.2989253024797662e-09
  9.2599999999999998e+00  -1.3020233367203552e-09
  9.2699999999999996e+00  -1.3051037499252259e-09
  9.2799999999999994e+00  -1.3081660752109807e-09
  9.2900000000000009e+00  -1.3112098457929760e-09
  9.3000000000000007e+00  -1.3142345955875053e-09
  9.3100000000000005e+00  -1.3172398598103954e-09
  9.3200000000000003e+00  -1.3202251755708897e-09
  9.3300000000000001e+00  -1.3231900824596952e-09
  9.3399999999999999e+00  -1.3261341231301033e-09
  9.3499999999999996e+00  -1.3290568438710977e-09
  9.3599999999999994e+00  -1.3319577951713794e-09
  9.3700000000000010e+00  -1.3348365322732774e-09
  9.3800000000000008e+00  -1.3376926157155035e-09
  9.3900000000000006e+00  -1.3405256118637777e-09
  9.4000000000000004e+00  -1.3433350934283343e-09
  9.4100000000000001e+00  -1.3461206399673703e-09
  9.4199999999999999e+00  -1.3488818383755324e-09
  9.4299999999999997e+00  -1.3516182833565421e-09
  9.4399999999999995e+00  -1.3543295778791286e-09
  9.4500000000000011e+00  -1.3570153336154433e-09
  9.4600000000000009e+00  -1.3596751713611766e-09
  9.4700000000000006e+00  -1.3623087214366464e-09
  9.4800000000000004e+00  -1.3649156240681406e-09
  9.4900000000000002e+00  -1.3674955297488626e-09
  9.5000000000000000e+00  -1.3700480995788522e-09
  9.5099999999999998e+00  -1.3725730055832990e-09
  9.5199999999999996e+00  -1.3750699310087211e-09
  9.5299999999999994e+00  -1.3775385705965091e-09
  9.5400000000000009e+00  -1.3799786308333815e-09
  9.5500000000000007e+00  -1.3823898301783624e-09
  9.5600000000000005e+00  -1.3847718992659171e-09
  9.5700000000000003e+00  -1.3871245810849350e-09
  9.5800000000000001e+00  -1.3894476311332980e-09
  9.5899999999999999e+00  -1.3917408175478184e-09
  9.5999999999999996e+00  -1.3940039212093805e-09
  9.6099999999999994e+00  -1.3962367358231669e-09
  9.6200000000000010e+00  -1.3984390679738939e-09
  9.6300000000000008e+00  -1.4006107371560329e-09
  9.6400000000000006e+00  -1.4027515757790505e-09
  9.6500000000000004e+00  -1.4048614291477236e-09
  9.6600000000000001e+00  -1.4069401554176611e-09
  9.6699999999999999e+00  -1.4089876255261983e-09
  9.6799999999999997e+00  -1.4110037230988680e-09
  9.6899999999999995e+00  -1.4129883443317175e-09
  9.7000000000000011e+00  -1.4149413978497695e-09
  9.7100000000000009e+00  -1.4168628045419810e-09
  9.7200000000000006e+00  -1.4187524973730864e-09
  9.7300000000000004e+00  -1.4206104211727720e-09
  9.7400000000000002e+00  -1.4224365324026480e-09
  9.7500000000000000e+00  -1.4242307989015436e-09
  9.7599999999999998e+00  -1.4259931996096881e-09
  9.7699999999999996e+00  -1.4277237242723663e-09
  9.7799999999999994e+00  -1.4294223731236923e-09
  9.7900000000000009e+00  -1.4310891565511695e-09
  9.8000000000000007e+00  -1.4327240947417395e-09
  9.8100000000000005e+00  -1.4343272173100688e-09
  9.8200000000000003e+00  -1.4358985629098379e-09
  9.8300000000000001e+00  -1.4374381788288307e-09
  9.8399999999999999e+00  -1.4389461205686655e-09
  9.8499999999999996e+00  -1.4404224514100146e-09
  9.8599999999999994e+00  -1.4418672419641975e-09
  9.8700000000000010e+00  -1.4432805697120564e-09
  9.8800000000000008e+00  -1.4446625185310349e-09
  9.8900000000000006e+00  -1.4460131782114148e-09
  9.9000000000000004e+00  -1.4473326439626687e-09
  9.9100000000000001e+00  -1.4486210159109101e-09
  9.9199999999999999e+00  -1.4498783985884424e-09
  9.9299999999999997e+00  -1.4511049004164046e-09
  9.9399999999999995e+00  -1.4523006331815349e-09
  9.9500000000000011e+00  -1.4534657115080847e-09
  9.9600000000000009e+00  -1.4546002523258960e-09
  9.9700000000000006e+00  -1.4557043743356985e-09
  9.9800000000000004e+00  -1.4567781974726506e-09
  9.9900000000000002e+00  -1.4578218423691677e-09
  1.0000000000000000e+01  -1.4588354298180736e-09
