# ZND solution.
# Columns are: spatial coordinate; specific volume; density;
# flow velocity in lab frame; pressure; reaction progress variable.
 -1.7149999999999999e+01   5.5721746169784858e-01   1.7946314836455186e+00   3.0151164610293830e+00   2.1531359046879963e+01   9.9999999999900002e-01
 -1.7099999999999998e+01   5.5721746169784858e-01   1.7946314836455186e+00   3.0151164610293830e+00   2.1531359046879963e+01   9.9999999999900002e-01
 -1.7049999999999997e+01   5.5721746169784858e-01   1.7946314836455186e+00   3.0151164610293830e+00   2.1531359046879963e+01   9.9999999999900002e-01
 -1.7000000000000000e+01   5.5721746169784858e-01   1.7946314836455186e+00   3.0151164610293830e+00   2.1531359046879963e+01   9.9999999999900002e-01
 -1.6949999999999999e+01   5.5721746169784858e-01   1.7946314836455186e+00   3.0151164610293830e+00   2.1531359046879963e+01   9.9999999999900002e-01
 -1.6899999999999999e+01   5.5721746169784858e-01   1.7946314836455186e+00   3.0151164610293830e+00   2.1531359046879963e+01   9.9999999999900002e-01
 -1.6849999999999998e+01   5.5721746169784858e-01   1.7946314836455186e+00   3.0151164610293830e+00   2.1531359046879963e+01   9.9999999999900002e-01
 -1.6799999999999997e+01   5.5721746169784858e-01   1.7946314836455186e+00   3.0151164610293830e+00   2.1531359046879963e+01   9.9999999999900002e-01
 -1.6750000000000000e+01   5.5721746169784858e-01   1.7946314836455186e+00   3.0151164610293830e+00   2.1531359046879963e+01   9.9999999999900002e-01
 -1.6699999999999999e+01   5.5721746169784858e-01   1.7946314836455186e+00   3.0151164610293830e+00   2.1531359046879963e+01   9.9999999999900002e-01
 -1.6649999999999999e+01   5.5721746169784858e-01   1.7946314836455186e+00   3.0151164610293830e+00   2.1531359046879963e+01   9.9999999999900002e-01
 -1.6599999999999998e+01   5.5721746169784858e-01   1.7946314836455186e+00   3.0151164610293830e+00   2.1531359046879963e+01   9.9999999999900002e-01
 -1.6549999999999997e+01   5.5721746169784858e-01   1.7946314836455186e+00   3.0151164610293830e+00   2.1531359046879963e+01   9.9999999999900002e-01
 -1.6500000000000000e+01   5.5721746169784858e-01   1.7946314836455186e+00   3.0151164610293830e+00   2.1531359046879963e+01   9.9999999999900002e-01
 -1.6449999999999999e+01   5.5721746169784858e-01   1.7946314836455186e+00   3.0151164610293830e+00   2.1531359046879963e+01   9.9999999999900002e-01
 -1.6399999999999999e+01   5.5721746169784858e-01   1.7946314836455186e+00   3.0151164610293830e+00   2.1531359046879963e+01   9.9999999999900002e-01
 -1.6349999999999998e+01   5.5721746169784858e-01   1.7946314836455186e+00   3.0151164610293830e+00   2.1531359046879963e+01   9.9999999999900002e-01
 -1.6299999999999997e+01   5.5721746169784858e-01   1.7946314836455186e+00   3.0151164610293830e+00   2.1531359046879963e+01   9.9999999999900002e-01
 -1.6250000000000000e+01   5.5721746169784858e-01   1.7946314836455186e+00   3.0151164610293830e+00   2.1531359046879963e+01   9.9999999999900002e-01
 -1.6199999999999999e+01   5.5721746169784858e-01   1.7946314836455186e+00   3.0151164610293830e+00   2.1531359046879963e+01   9.9999999999900002e-01
 -1.6149999999999999e+01   5.5721746169784858e-01   1.7946314836455186e+00   3.0151164610293830e+00   2.1531359046879963e+01   9.9999999999900002e-01
 -1.6099999999999998e+01   5.5721746169784858e-01   1.7946314836455186e+00   3.0151164610293830e+00   2.1531359046879963e+01   9.9999999999900002e-01
 -1.6049999999999997e+01   5.5721745697428282e-01   1.7946314988587173e+00   3.0151164931943844e+00   2.1531359265906723e+01   9.9999999999897859e-01
 -1.5999999999999998e+01   5.5721743722884665e-01   1.7946315624528897e+00   3.0151166276504306e+00   2.1531360181481762e+01   9.9999999999888622e-01
 -1.5949999999999999e+01   5.5721741648008172e-01   1.7946316292784901e+00   3.0151167689386194e+00   2.1531361143580096e+01   9.9999999999878508e-01
 -1.5899999999999999e+01   5.5721739478288224e-01   1.7946316991587214e+00   3.0151169166851486e+00   2.1531362149656339e+01   9.9999999999867495e-01
 -1.5849999999999998e+01   5.5721737225322487e-01   1.7946317717200579e+00   3.0151170701002790e+00   2.1531363194332776e+01   9.9999999999855482e-01
 -1.5799999999999999e+01   5.5721734858918126e-01   1.7946318479349221e+00   3.0151172312399837e+00   2.1531364291609506e+01   9.9999999999842371e-01
 -1.5749999999999998e+01   5.5721732395913570e-01   1.7946319272609987e+00   3.0151173989576536e+00   2.1531365433678729e+01   9.9999999999828082e-01
 -1.5699999999999999e+01   5.5721729822494426e-01   1.7946320101432096e+00   3.0151175741939777e+00   2.1531366626946031e+01   9.9999999999812506e-01
 -1.5649999999999999e+01   5.5721727133068355e-01   1.7946320967616682e+00   3.0151177573297634e+00   2.1531367874004516e+01   9.9999999999795508e-01
 -1.5599999999999998e+01   5.5721724328757349e-01   1.7946321870802397e+00   3.0151179482886099e+00   2.1531369174333939e+01   9.9999999999776990e-01
 -1.5549999999999999e+01   5.5721721396100843e-01   1.7946322815324502e+00   3.0151181479871108e+00   2.1531370534175814e+01   9.9999999999756783e-01
 -1.5499999999999998e+01   5.5721718336416659e-01   1.7946323800758579e+00   3.0151183563355288e+00   2.1531371952919081e+01   9.9999999999734746e-01
 -1.5449999999999999e+01   5.5721715140011741e-01   1.7946324830226490e+00   3.0151185739939108e+00   2.1531373435058310e+01   9.9999999999710720e-01
 -1.5399999999999999e+01   5.5721711801640628e-01   1.7946325905417657e+00   3.0151188013194452e+00   2.1531374983025767e+01   9.9999999999684497e-01
 -1.5349999999999998e+01   5.5721708317629071e-01   1.7946327027515467e+00   3.0151190385623279e+00   2.1531376598525160e+01   9.9999999999655920e-01
 -1.5299999999999999e+01   5.5721704671562999e-01   1.7946328201806427e+00   3.0151192868402723e+00   2.1531378289167524e+01   9.9999999999624722e-01
 -1.5249999999999998e+01   5.5721700871685531e-01   1.7946329425635692e+00   3.0151195455919644e+00   2.1531380051130604e+01   9.9999999999590727e-01
 -1.5199999999999999e+01   5.5721696905416962e-01   1.7946330703054836e+00   3.0151198156740162e+00   2.1531381890247488e+01   9.9999999999553646e-01
 -1.5149999999999999e+01   5.5721692755972285e-01   1.7946332039469841e+00   3.0151200982293989e+00   2.1531383814301194e+01   9.9999999999513189e-01
 -1.5099999999999998e+01   5.5721688427118277e-01   1.7946333433667570e+00   3.0151203930016144e+00   2.1531385821545118e+01   9.9999999999469091e-01
 -1.5049999999999999e+01   5.5721683901897190e-01   1.7946334891109641e+00   3.0151207011453960e+00   2.1531387919842384e+01   9.9999999999420952e-01
 -1.4999999999999998e+01   5.5721679177934058e-01   1.7946336412560999e+00   3.0151210228224672e+00   2.1531390110294236e+01   9.9999999999368483e-01
 -1.4949999999999999e+01   5.5721674248318631e-01   1.7946338000247264e+00   3.0151213585033791e+00   2.1531392396104888e+01   9.9999999999311273e-01
 -1.4899999999999999e+01   5.5721669096923288e-01   1.7946339659362711e+00   3.0151217092863378e+00   2.1531394784752550e+01   9.9999999999248856e-01
 -1.4849999999999998e+01   5.5721663716792169e-01   1.7946341392147664e+00   3.0151220756450017e+00   2.1531397279462574e+01   9.9999999999180778e-01
 -1.4799999999999999e+01   5.5721658100658189e-01   1.7946343200942685e+00   3.0151224580742202e+00   2.1531399883604635e+01   9.9999999999106559e-01
 -1.4749999999999998e+01   5.5721652233643548e-01   1.7946345090539531e+00   3.0151228575870936e+00   2.1531402604077410e+01   9.9999999999025602e-01
 -1.4699999999999999e+01   5.5721646106935396e-01   1.7946347063776620e+00   3.0151232747837309e+00   2.1531405444967326e+01   9.9999999998937295e-01
 -1.4649999999999999e+01   5.5721639707605508e-01   1.7946349124817820e+00   3.0151237105444761e+00   2.1531408412269066e+01   9.9999999998840983e-01
 -1.4599999999999998e+01   5.5721633030579931e-01   1.7946351275297365e+00   3.0151241652148388e+00   2.1531411508335367e+01   9.9999999998736011e-01
 -1.4549999999999999e+01   5.5721626050981454e-01   1.7946353523227567e+00   3.0151246404888261e+00   2.1531414744701529e+01   9.9999999998621469e-01
 -1.4499999999999998e+01   5.5721618764551384e-01   1.7946355869980100e+00   3.0151251366564331e+00   2.1531418123342259e+01   9.9999999998496558e-01
 -1.4449999999999999e+01   5.5721611153902773e-01   1.7946358321154887e+00   3.0151256549016194e+00   2.1531421652319708e+01   9.9999999998360312e-01
 -1.4399999999999999e+01   5.5721603207942028e-01   1.7946360880324950e+00   3.0151261959798008e+00   2.1531425336777854e+01   9.9999999998211742e-01
 -1.4349999999999998e+01   5.5721594906726035e-01   1.7946363553913496e+00   3.0151267612489976e+00   2.1531429185964111e+01   9.9999999998049682e-01
 -1.4299999999999999e+01   5.5721586239560994e-01   1.7946366345364804e+00   3.0151273514374020e+00   2.1531433204837079e+01   9.9999999997872957e-01
 -1.4249999999999998e+01   5.5721577188024307e-01   1.7946369260612389e+00   3.0151279677994962e+00   2.1531437401939122e+01   9.9999999997680222e-01
 -1.4199999999999999e+01   5.5721567737068534e-01   1.7946372304502738e+00   3.0151286113599323e+00   2.1531441784247580e+01   9.9999999997470046e-01
 -1.4149999999999999e+01   5.5721557865724303e-01   1.7946375483789634e+00   3.0151292835466132e+00   2.1531446361485731e+01   9.9999999997240796e-01
 -1.4099999999999998e+01   5.5721547556414175e-01   1.7946378804134431e+00   3.0151299855564706e+00   2.1531451141804048e+01   9.9999999996990785e-01
 -1.4049999999999999e+01   5.5721536789832538e-01   1.7946382271755095e+00   3.0151307187041159e+00   2.1531456134154336e+01   9.9999999996718103e-01
 -1.3999999999999998e+01   5.5721525546909967e-01   1.7946385892793542e+00   3.0151314842880761e+00   2.1531461347378890e+01   9.9999999996420730e-01
 -1.3949999999999999e+01   5.5721513805350775e-01   1.7946389674430792e+00   3.0151322838265702e+00   2.1531466791815980e+01   9.9999999996096411e-01
 -1.3899999999999999e+01   5.5721501541831386e-01   1.7946393624178945e+00   3.0151331189078117e+00   2.1531472478280509e+01   9.9999999995742661e-01
 -1.3849999999999998e+01   5.5721488737165270e-01   1.7946397748217686e+00   3.0151339908383021e+00   2.1531478415669064e+01   9.9999999995356892e-01
 -1.3799999999999999e+01   5.5721475364332640e-01   1.7946402055249613e+00   3.0151349014579476e+00   2.1531484616510433e+01   9.9999999994936173e-01
 -1.3749999999999998e+01   5.5721461397272543e-01   1.7946406553668530e+00   3.0151358525413614e+00   2.1531491092888810e+01   9.9999999994477307e-01
 -1.3699999999999999e+01   5.5721446812139819e-01   1.7946411251154624e+00   3.0151368457122740e+00   2.1531497855860945e+01   9.9999999993976840e-01
 -1.3649999999999999e+01   5.5721431580071634e-01   1.7946416157004170e+00   3.0151378829360924e+00   2.1531504918810221e+01   9.9999999993431077e-01
 -1.3599999999999998e+01   5.5721415674631558e-01   1.7946421279731999e+00   3.0151389660129992e+00   2.1531512293994940e+01   9.9999999992835864e-01
 -1.3549999999999999e+01   5.5721399061653598e-01   1.7946426630342469e+00   3.0151400972695188e+00   2.1531519997257508e+01   9.9999999992186694e-01
 -1.3499999999999998e+01   5.5721381713976947e-01   1.7946432217583788e+00   3.0151412785551588e+00   2.1531528041192107e+01   9.9999999991478694e-01
 -1.3449999999999999e+01   5.5721363596406448e-01   1.7946438052791864e+00   3.0151425122665256e+00   2.1531536442118359e+01   9.9999999990706556e-01
 -1.3399999999999999e+01   5.5721344677152629e-01   1.7946444146205773e+00   3.0151438005683144e+00   2.1531545214776706e+01   9.9999999989864474e-01
 -1.3349999999999998e+01   5.5721324918818504e-01   1.7946450509870677e+00   3.0151451460070642e+00   2.1531554376507735e+01   9.9999999988946064e-01
 -1.3299999999999999e+01   5.5721304284023632e-01   1.7946457155826470e+00   3.0151465511281859e+00   2.1531563944644365e+01   9.9999999987944399e-01
 -1.3250000000000000e+01   5.5721282735353506e-01   1.7946464096124075e+00   3.0151480184794108e+00   2.1531573936535306e+01   9.9999999986851995e-01
 -1.3199999999999999e+01   5.5721260230796676e-01   1.7946471344295052e+00   3.0151495509214987e+00   2.1531584371660827e+01   9.9999999985660604e-01
 -1.3149999999999999e+01   5.5721236729396872e-01   1.7946478913531179e+00   3.0151511512433560e+00   2.1531595269011913e+01   9.9999999984361287e-01
 -1.3099999999999998e+01   5.5721212186671676e-01   1.7946486818160008e+00   3.0151528224740018e+00   2.1531606649214595e+01   9.9999999982944232e-01
 -1.3049999999999999e+01   5.5721186556050673e-01   1.7946495073181667e+00   3.0151545677846365e+00   2.1531618533863082e+01   9.9999999981398768e-01
 -1.3000000000000000e+01   5.5721159788702124e-01   1.7946503694324707e+00   3.0151563905004450e+00   2.1531630945600135e+01   9.9999999979713239e-01
 -1.2949999999999999e+01   5.5721131835060256e-01   1.7946512697554191e+00   3.0151582939965960e+00   2.1531643907408885e+01   9.9999999977875009e-01
 -1.2899999999999999e+01   5.5721102642798237e-01   1.7946522099724576e+00   3.0151602818362719e+00   2.1531657443552728e+01   9.9999999975870213e-01
 -1.2849999999999998e+01   5.5721072156570073e-01   1.7946531918662838e+00   3.0151623577882445e+00   2.1531671579695015e+01   9.9999999973683740e-01
 -1.2799999999999999e+01   5.5721040318154846e-01   1.7946542173122049e+00   3.0151645258170516e+00   2.1531686342832174e+01   9.9999999971299136e-01
 -1.2750000000000000e+01   5.5721007068880557e-01   1.7946552882000704e+00   3.0151667899179491e+00   2.1531701760169796e+01   9.9999999968698439e-01
 -1.2699999999999999e+01   5.5720972346067921e-01   1.7946564065488124e+00   3.0151691543590662e+00   2.1531717860771593e+01   9.9999999965862107e-01
 -1.2649999999999999e+01   5.5720936084062678e-01   1.7946575744731976e+00   3.0151716236111135e+00   2.1531734675080763e+01   9.9999999962768760e-01
 -1.2599999999999998e+01   5.5720898215151282e-01   1.7946587941543379e+00   3.0151742022850274e+00   2.1531752234495361e+01   9.9999999959395114e-01
 -1.2549999999999999e+01   5.5720858667406048e-01   1.7946600679090945e+00   3.0151768952787057e+00   2.1531770572367492e+01   9.9999999955715768e-01
 -1.2500000000000000e+01   5.5720817366898134e-01   1.7946613981188051e+00   3.0151797076263138e+00   2.1531789722977180e+01   9.9999999951703011e-01
 -1.2449999999999999e+01   5.5720774235434922e-01   1.7946627873021597e+00   3.0151826446523589e+00   2.1531809722581517e+01   9.9999999947326645e-01
 -1.2399999999999999e+01   5.5720729191899454e-01   1.7946642380720632e+00   3.0151857118804788e+00   2.1531830608793584e+01   9.9999999942553708e-01
 -1.2349999999999998e+01   5.5720682152013068e-01   1.7946657531432826e+00   3.0151889150496083e+00   2.1531852420692505e+01   9.9999999937348272e-01
 -1.2299999999999999e+01   5.5720633026949751e-01   1.7946673353770795e+00   3.0151922602083316e+00   2.1531875199465965e+01   9.9999999931671124e-01
 -1.2250000000000000e+01   5.5720581724438889e-01   1.7946689877456947e+00   3.0151957536397931e+00   2.1531898987898870e+01   9.9999999925479577e-01
 -1.2199999999999999e+01   5.5720528147990922e-01   1.7946707133572932e+00   3.0151994019144248e+00   2.1531923830732421e+01   9.9999999918726967e-01
 -1.2149999999999999e+01   5.5720472196733917e-01   1.7946725154612302e+00   3.0152032119010754e+00   2.1531949774739857e+01   9.9999999911362469e-01
 -1.2099999999999998e+01   5.5720413765091492e-01   1.7946743974584303e+00   3.0152071907889422e+00   2.1531976868875837e+01   9.9999999903330605e-01
 -1.2049999999999999e+01   5.5720352743324741e-01   1.7946763628839362e+00   3.0152113460506675e+00   2.1532005164025136e+01   9.9999999894570912e-01
 -1.2000000000000000e+01   5.5720289016523272e-01   1.7946784154394109e+00   3.0152156855110461e+00   2.1532034713470491e+01   9.9999999885017421e-01
 -1.1949999999999999e+01   5.5720222465135394e-01   1.7946805589760670e+00   3.0152202173109193e+00   2.1532065572646754e+01   9.9999999874598244e-01
 -1.1899999999999999e+01   5.5720152963575931e-01   1.7946827975395123e+00   3.0152249500019783e+00   2.1532097799786449e+01   9.9999999863234912e-01
 -1.1849999999999998e+01   5.5720080381406401e-01   1.7946851353317439e+00   3.0152298924663978e+00   2.1532131455372525e+01   9.9999999850841859e-01
 -1.1799999999999999e+01   5.5720004581850968e-01   1.7946875767589552e+00   3.0152350540178947e+00   2.1532166602826489e+01   9.9999999837325781e-01
 -1.1750000000000000e+01   5.5719925421921979e-01   1.7946901264274995e+00   3.0152404443931760e+00   2.1532203308450214e+01   9.9999999822584884e-01
 -1.1699999999999999e+01   5.5719842753479165e-01   1.7946927891097821e+00   3.0152460736798159e+00   2.1532241640934771e+01   9.9999999806508233e-01
 -1.1649999999999999e+01   5.5719756420210742e-01   1.7946955698415055e+00   3.0152519525218264e+00   2.1532281672760295e+01   9.9999999788974692e-01
 -1.1599999999999998e+01   5.5719666259999590e-01   1.7946984738454665e+00   3.0152580919585308e+00   2.1532323479098771e+01   9.9999999769852310e-01
 -1.1549999999999999e+01   5.5719572103198367e-01   1.7947015065871241e+00   3.0152645035420220e+00   2.1532367138613893e+01   9.9999999748997070e-01
 -1.1500000000000000e+01   5.5719473772572625e-01   1.7947046737764425e+00   3.0152711993410350e+00   2.1532412733487398e+01   9.9999999726251942e-01
 -1.1449999999999999e+01   5.5719371082999436e-01   1.7947079813776119e+00   3.0152781919614688e+00   2.1532460349558836e+01   9.9999999701445652e-01
 -1.1399999999999999e+01   5.5719263841287947e-01   1.7947114356148413e+00   3.0152854945586052e+00   2.1532510076408766e+01   9.9999999674391393e-01
 -1.1349999999999998e+01   5.5719151845592718e-01   1.7947150429912693e+00   3.0152931208770579e+00   2.1532562007630791e+01   9.9999999644885429e-01
 -1.1299999999999999e+01   5.5719034885005148e-01   1.7947188103021423e+00   3.0153010852785953e+00   2.1532616241021000e+01   9.9999999612705615e-01
 -1.1250000000000000e+01   5.5718912739671078e-01   1.7947227446310419e+00   3.0153094027341303e+00   2.1532672878523446e+01   9.9999999577609588e-01
 -1.1199999999999999e+01   5.5718785179651920e-01   1.7947268533865890e+00   3.0153180889012723e+00   2.1532732026758229e+01   9.9999999539333106e-01
 -1.1149999999999999e+01   5.5718651964897337e-01   1.7947311443033447e+00   3.0153271601261888e+00   2.1532793797034156e+01   9.9999999497587932e-01
 -1.1099999999999998e+01   5.5718512844276191e-01   1.7947356254730464e+00   3.0153366335095901e+00   2.1532858305798086e+01   9.9999999452059629e-01
 -1.1049999999999999e+01   5.5718367556589898e-01   1.7947403053119930e+00   3.0153465268377282e+00   2.1532925674165046e+01   9.9999999402405404e-01
 -1.1000000000000000e+01   5.5718215827977657e-01   1.7947451926446509e+00   3.0153568587590849e+00   2.1532996029121399e+01   9.9999999348251289e-01
 -1.0949999999999999e+01   5.5718057372730556e-01   1.7947502966774618e+00   3.0153676487289358e+00   2.1533069503147352e+01   9.9999999289189467e-01
 -1.0899999999999999e+01   5.5717891892954918e-01   1.7947556270097182e+00   3.0153789170322751e+00   2.1533146234373060e+01   9.9999999224775116e-01
 -1.0849999999999998e+01   5.5717719076834427e-01   1.7947611936895793e+00   3.0153906849021559e+00   2.1533226367384461e+01   9.9999999154523156e-01
 -1.0799999999999999e+01   5.5717538599435368e-01   1.7947670071881707e+00   3.0154029744648572e+00   2.1533310052849885e+01   9.9999999077904500e-01
 -1.0750000000000000e+01   5.5717350120581655e-01   1.7947730784680767e+00   3.0154158088845828e+00   2.1533397448505394e+01   9.9999998994342065e-01
 -1.0699999999999999e+01   5.5717153285691734e-01   1.7947794189564272e+00   3.0154292123064743e+00   2.1533488718766716e+01   9.9999998903206511e-01
 -1.0649999999999999e+01   5.5716947724289823e-01   1.7947860405929050e+00   3.0154432099579860e+00   2.1533584035419558e+01   9.9999998803811441e-01
 -1.0599999999999998e+01   5.5716733049171574e-01   1.7947929558566760e+00   3.0154578282056992e+00   2.1533683578006492e+01   9.9999998695408188e-01
 -1.0549999999999999e+01   5.5716508856447700e-01   1.7948001777650444e+00   3.0154730945523531e+00   2.1533787533806720e+01   9.9999998577180338e-01
 -1.0500000000000000e+01   5.5716274723744008e-01   1.7948077199314991e+00   3.0154890377594108e+00   2.1533896098670692e+01   9.9999998448237304e-01
 -1.0449999999999999e+01   5.5716030210406609e-01   1.7948155965591759e+00   3.0155056878330870e+00   2.1534009476924975e+01   9.9999998307607885e-01
 -1.0399999999999999e+01   5.5715774855987721e-01   1.7948238224897108e+00   3.0155230761274572e+00   2.1534127882074340e+01   9.9999998154232761e-01
 -1.0349999999999998e+01   5.5715508179700557e-01   1.7948324132208866e+00   3.0155412353815749e+00   2.1534251537054548e+01   9.9999997986956579e-01
 -1.0299999999999999e+01   5.5715229679265088e-01   1.7948413849439067e+00   3.0155601997980717e+00   2.1534380674767551e+01   9.9999997804519281e-01
 -1.0250000000000000e+01   5.5714938830325600e-01   1.7948507545622590e+00   3.0155800050828168e+00   2.1534515538351556e+01   9.9999997605546553e-01
 -1.0199999999999999e+01   5.5714635085110997e-01   1.7948605397349839e+00   3.0156006885361437e+00   2.1534656381802240e+01   9.9999997388539430e-01
 -1.0149999999999999e+01   5.5714317871606589e-01   1.7948707589034758e+00   3.0156222891092486e+00   2.1534803470356781e+01   9.9999997151863118e-01
 -1.0099999999999998e+01   5.5713986592350606e-01   1.7948814313303825e+00   3.0156448474861377e+00   2.1534957081051900e+01   9.9999996893734477e-01
 -1.0049999999999999e+01   5.5713640623415606e-01   1.7948925771325650e+00   3.0156684061529933e+00   2.1535117503196158e+01   9.9999996612208797e-01
 -1.0000000000000000e+01   5.5713279313118125e-01   1.7949042173228209e+00   3.0156930094860348e+00   2.1535285038968308e+01   9.9999996305164962e-01
 -9.9499999999999993e+00   5.5712901980735696e-01   1.7949163738513894e+00   3.0157187038388855e+00   2.1535460004012172e+01   9.9999995970289479e-01
 -9.8999999999999986e+00   5.5712507915620879e-01   1.7949290696346776e+00   3.0157455376029034e+00   2.1535642727847470e+01   9.9999995605059167e-01
 -9.8499999999999979e+00   5.5712096375288911e-01   1.7949423286170754e+00   3.0157735613373999e+00   2.1535833554756554e+01   9.9999995206721914e-01
 -9.7999999999999989e+00   5.5711666584369723e-01   1.7949561758049375e+00   3.0158028278410023e+00   2.1536032844270334e+01   9.9999994772276080e-01
 -9.7500000000000000e+00   5.5711217733106955e-01   1.7949706373151846e+00   3.0158333922538656e+00   2.1536240971864299e+01   9.9999994298447770e-01
 -9.6999999999999993e+00   5.5710748975640700e-01   1.7949857404308924e+00   3.0158653121746051e+00   2.1536458329754751e+01   9.9999993781666130e-01
 -9.6499999999999986e+00   5.5710259428709330e-01   1.7950015136434045e+00   3.0158986477486969e+00   2.1536685327500798e+01   9.9999993218036487e-01
 -9.5999999999999996e+00   5.5709748169564155e-01   1.7950179867198339e+00   3.0159334618104796e+00   2.1536922392971260e+01   9.9999992603310772e-01
 -9.5499999999999989e+00   5.5709214234757043e-01   1.7950351907424658e+00   3.0159698199657088e+00   2.1537169972906877e+01   9.9999991932855736e-01
 -9.5000000000000000e+00   5.5708656617769936e-01   1.7950531581855094e+00   3.0160077907529765e+00   2.1537428534019444e+01   9.9999991201617711e-01
 -9.4499999999999993e+00   5.5708074267468666e-01   1.7950719229653229e+00   3.0160474457489972e+00   2.1537698563708787e+01   9.9999990404084604e-01
 -9.3999999999999986e+00   5.5707466086002178e-01   1.7950915205085476e+00   3.0160888597116604e+00   2.1537980571036854e+01   9.9999989534244227e-01
 -9.3499999999999996e+00   5.5706830926648931e-01   1.7951119878219850e+00   3.0161321107266774e+00   2.1538275087726323e+01   9.9999988585538924e-01
 -9.2999999999999989e+00   5.5706167591749300e-01   1.7951333635597488e+00   3.0161772803483777e+00   2.1538582669119322e+01   9.9999987550816027e-01
 -9.2500000000000000e+00   5.5705474830313417e-01   1.7951556881009243e+00   3.0162244537625984e+00   2.1538903895286651e+01   9.9999986422273834e-01
 -9.1999999999999993e+00   5.5704751335852210e-01   1.7951790036200892e+00   3.0162737199343810e+00   2.1539239372033510e+01   9.9999985191402696e-01
 -9.1499999999999986e+00   5.5703995743641455e-01   1.7952033541761658e+00   3.0163251717942763e+00   2.1539589732168114e+01   9.9999983848920648e-01
 -9.0999999999999996e+00   5.5703206628254909e-01   1.7952287857926652e+00   3.0163789064063220e+00   2.1539955636645573e+01   9.9999982384703356e-01
 -9.0499999999999989e+00   5.5702382500869319e-01   1.7952553465453538e+00   3.0164350251515599e+00   2.1540337775817520e+01   9.9999980787707554e-01
 -9.0000000000000000e+00   5.5701521806433096e-01   1.7952830866543896e+00   3.0164936339208333e+00   2.1540736870744965e+01   9.9999979045887555e-01
 -8.9499999999999993e+00   5.5700622920583176e-01   1.7953120585846587e+00   3.0165548433247333e+00   2.1541153674627921e+01   9.9999977146104224e-01
 -8.8999999999999986e+00   5.5699684146718276e-01   1.7953423171411613e+00   3.0166187688928936e+00   2.1541588974162494e+01   9.9999975074025504e-01
 -8.8499999999999996e+00   5.5698703712662601e-01   1.7953739195776992e+00   3.0166855313011758e+00   2.1542043591087907e+01   9.9999972814018145e-01
 -8.7999999999999989e+00   5.5697679767316199e-01   1.7954069257060996e+00   3.0167552565997604e+00   2.1542518383739665e+01   9.9999970349029443e-01
 -8.7500000000000000e+00   5.5696610377086242e-01   1.7954413980126214e+00   3.0168280764561617e+00   2.1543014248704367e+01   9.9999967660457989e-01
 -8.6999999999999993e+00   5.5695493522267625e-01   1.7954774017761237e+00   3.0169041284016855e+00   2.1543532122497947e+01   9.9999964728013113e-01
 -8.6499999999999986e+00   5.5694327093108409e-01   1.7955150051965338e+00   3.0169835560993556e+00   2.1544072983390123e+01   9.9999961529561232e-01
 -8.5999999999999996e+00   5.5693108885807752e-01   1.7955542795256481e+00   3.0170665096164306e+00   2.1544637853260088e+01   9.9999958040958070e-01
 -8.5499999999999989e+00   5.5691836598326672e-01   1.7955952992041317e+00   3.0171531457096710e+00   2.1545227799539024e+01   9.9999954235866073e-01
 -8.5000000000000000e+00   5.5690507825917368e-01   1.7956381420077800e+00   3.0172436281297688e+00   2.1545843937283109e+01   9.9999950085554623e-01
 -8.4499999999999993e+00   5.5689120056559949e-01   1.7956828891969610e+00   3.0173381279320806e+00   2.1546487431289460e+01   9.9999945558682413e-01
 -8.3999999999999986e+00   5.5687670666114386e-01   1.7957296256754622e+00   3.0174368238067562e+00   2.1547159498344115e+01   9.9999940621059835e-01
 -8.3499999999999996e+00   5.5686156913282059e-01   1.7957784401557142e+00   3.0175399024218290e+00   2.1547861409558319e+01   9.9999935235389692e-01
 -8.2999999999999989e+00   5.5684575934418634e-01   1.7958294253290703e+00   3.0176475587764346e+00   2.1548594492773727e+01   9.9999929360984408e-01
 -8.2500000000000000e+00   5.5682924737893946e-01   1.7958826780509773e+00   3.0177599965848692e+00   2.1549360135177679e+01   9.9999922953457077e-01
 -8.1999999999999993e+00   5.5681200198436298e-01   1.7959382995269615e+00   3.0178774286617163e+00   2.1550159785925679e+01   9.9999915964384756e-01
 -8.1499999999999986e+00   5.5679399051022049e-01   1.7959963955136187e+00   3.0180000773379327e+00   2.1550994958974737e+01   9.9999908340940591e-01
 -8.0999999999999996e+00   5.5677517884687822e-01   1.7960570765224710e+00   3.0181281748822038e+00   2.1551867235952574e+01   9.9999900025492683e-01
 -8.0499999999999989e+00   5.5675553135839739e-01   1.7961204580404522e+00   3.0182619639565504e+00   2.1552778269260067e+01   9.9999890955166026e-01
 -8.0000000000000000e+00   5.5673501081396315e-01   1.7961866607562011e+00   3.0184016980832626e+00   2.1553729785250809e+01   9.9999881061364537e-01
 -7.9499999999999993e+00   5.5671357831625612e-01   1.7962558107967022e+00   3.0185476421326491e+00   2.1554723587552459e+01   9.9999870269249336e-01
 -7.8999999999999986e+00   5.5669119322514860e-01   1.7963280399795354e+00   3.0187000728426288e+00   2.1555761560604846e+01   9.9999858497169236e-01
 -7.8499999999999996e+00   5.5666781307957436e-01   1.7964034860715978e+00   3.0188592793507545e+00   2.1556845673282808e+01   9.9999845656039255e-01
 -7.7999999999999989e+00   5.5664339351487080e-01   1.7964822930630631e+00   3.0190255637570709e+00   2.1557977982728929e+01   9.9999831648662019e-01
 -7.7500000000000000e+00   5.5661788817597435e-01   1.7965646114554097e+00   3.0191992417152074e+00   2.1559160638378593e+01   9.9999816368987127e-01
 -7.6999999999999993e+00   5.5659124862783793e-01   1.7966505985591685e+00   3.0193806430423882e+00   2.1560395886113817e+01   9.9999799701302527e-01
 -7.6499999999999986e+00   5.5656342425994954e-01   1.7967404188115281e+00   3.0195701123696108e+00   2.1561686072690641e+01   9.9999781519351771e-01
 -7.5999999999999996e+00   5.5653436218820684e-01   1.7968342441033740e+00   3.0197680098098285e+00   2.1563033650289078e+01   9.9999761685370403e-01
 -7.5499999999999989e+00   5.5650400715089687e-01   1.7969322541263364e+00   3.0199747116662734e+00   2.1564441181336448e+01   9.9999740049033536e-01
 -7.5000000000000000e+00   5.5647230140001591e-01   1.7970346367359578e+00   3.0201906111725116e+00   2.1565911343546738e+01   9.9999716446307096e-01
 -7.4499999999999993e+00   5.5643918458859876e-01   1.7971415883289137e+00   3.0204161192596723e+00   2.1567446935145043e+01   9.9999690698193344e-01
 -7.3999999999999986e+00   5.5640459365084305e-01   1.7972533142447840e+00   3.0206516653727364e+00   2.1569050880426069e+01   9.9999662609360862e-01
 -7.3499999999999996e+00   5.5636846267848328e-01   1.7973700291813350e+00   3.0208976983123659e+00   2.1570726235486536e+01   9.9999631966648750e-01
 -7.2999999999999989e+00   5.5633072279004647e-01   1.7974919576343258e+00   3.0211546871252026e+00   2.1572476194287660e+01   9.9999598537432755e-01
 -7.2500000000000000e+00   5.5629130199429300e-01   1.7976193343577733e+00   3.0214231220337675e+00   2.1574304094987248e+01   9.9999562067840997e-01
 -7.1999999999999993e+00   5.5625012504771632e-01   1.7977524048452445e+00   3.0217035154068084e+00   2.1576213426547302e+01   9.9999522280805098e-01
 -7.1499999999999986e+00   5.5620711330401595e-01   1.7978914258390872e+00   3.0219964027843140e+00   2.1578207835713773e+01   9.9999478873931269e-01
 -7.0999999999999996e+00   5.5616218455778699e-01   1.7980366658605442e+00   3.0223023439419032e+00   2.1580291134264549e+01   9.9999431517175030e-01
 -7.0499999999999989e+00   5.5611525287982888e-01   1.7981884057693529e+00   3.0226219240122867e+00   2.1582467306645974e+01   9.9999379850300607e-01
 -7.0000000000000000e+00   5.5606622844475206e-01   1.7983469393508671e+00   3.0229557546591761e+00   2.1584740517966573e+01   9.9999323480105462e-01
 -6.9499999999999993e+00   5.5601501735025793e-01   1.7985125739329748e+00   3.0233044753078917e+00   2.1587115122376844e+01   9.9999261977387577e-01
 -6.8999999999999986e+00   5.5596152142786948e-01   1.7986856310338020e+00   3.0236687544341865e+00   2.1589595671845469e+01   9.9999194873631725e-01
 -6.8499999999999996e+00   5.5590563804431115e-01   1.7988664470431044e+00   3.0240492909167469e+00   2.1592186925369127e+01   9.9999121657388146e-01
 -6.7999999999999989e+00   5.5584725989312089e-01   1.7990553739390232e+00   3.0244468154562041e+00   2.1594893858635231e+01   9.9999041770314856e-01
 -6.7500000000000000e+00   5.5578627477619447e-01   1.7992527800415417e+00   3.0248620920627021e+00   2.1597721674151476e+01   9.9998954602851686e-01
 -6.6999999999999993e+00   5.5572256537474174e-01   1.7994590508047259e+00   3.0252959196155658e+00   2.1600675811866353e+01   9.9998859489491954e-01
 -6.6499999999999986e+00   5.5565600900878642e-01   1.7996745896509998e+00   3.0257491335009816e+00   2.1603761960320906e+01   9.9998755703613151e-01
 -6.5999999999999996e+00   5.5558647738455047e-01   1.7998998188500683e+00   3.0262226073321763e+00   2.1606986068362236e+01   9.9998642451825093e-01
 -6.5499999999999989e+00   5.5551383632983686e-01   1.8001351804426506e+00   3.0267172547513210e+00   2.1610354357413534e+01   9.9998518867790320e-01
 -6.5000000000000000e+00   5.5543794551578174e-01   1.8003811372148806e+00   3.0272340313242543e+00   2.1613873334376134e+01   9.9998384005466079e-01
 -6.4499999999999993e+00   5.5535865816469887e-01   1.8006381737249102e+00   3.0277739365299068e+00   2.1617549805176452e+01   9.9998236831712994e-01
 -6.4000000000000004e+00   5.5527582074332060e-01   1.8009067973846742e+00   3.0283380158491693e+00   2.1621390888990092e+01   9.9998076218210641e-01
 -6.3499999999999996e+00   5.5518927264058593e-01   1.8011875396003412e+00   3.0289273629589872e+00   2.1625404033182466e+01   9.9997900932613171e-01
 -6.2999999999999989e+00   5.5509884582878255e-01   1.8014809569761652e+00   3.0295431220398044e+00   2.1629597029021276e+01   9.9997709628872622e-01
 -6.2500000000000000e+00   5.5500436450747825e-01   1.8017876325845106e+00   3.0301864902002036e+00   2.1633978028187055e+01   9.9997500836650155e-01
 -6.1999999999999993e+00   5.5490564472931270e-01   1.8021081773060856e+00   3.0308587200250687e+00   2.1638555560124779e+01   9.9997272949727634e-01
 -6.1500000000000004e+00   5.5480249400627180e-01   1.8024432312459926e+00   3.0315611222566479e+00   2.1643338550300541e+01   9.9997024213322860e-01
 -6.0999999999999996e+00   5.5469471089539701e-01   1.8027934652302420e+00   3.0322950686156567e+00   2.1648336339411749e+01   9.9996752710203185e-01
 -6.0499999999999989e+00   5.5458208456316094e-01   1.8031595823866011e+00   3.0330619947676509e+00   2.1653558703586587e+01   9.9996456345480667e-01
 -6.0000000000000000e+00   5.5446439432659733e-01   1.8035423198175065e+00   3.0338634034476906e+00   2.1659015875661314e+01   9.9996132829961049e-01
 -5.9499999999999993e+00   5.5434140917038222e-01   1.8039424503693180e+00   3.0347008677487635e+00   2.1664718567572724e+01   9.9995779661905781e-01
 -5.9000000000000004e+00   5.5421288723818696e-01   1.8043607845052234e+00   3.0355760345854033e+00   2.1670677993943549e+01   9.9995394107052116e-01
 -5.8499999999999996e+00   5.5407857529653559e-01   1.8047981722895767e+00   3.0364906283445401e+00   2.1676905896942845e+01   9.9994973176720503e-01
 -5.7999999999999989e+00   5.5393820817006756e-01   1.8052555054894943e+00   3.0374464547310636e+00   2.1683414572472248e+01   9.9994513603821944e-01
 -5.7500000000000000e+00   5.5379150814596223e-01   1.8057337198035024e+00   3.0384454048233809e+00   2.1690216897782189e+01   9.9994011816557959e-01
 -5.6999999999999993e+00   5.5363818434577705e-01   1.8062337972256730e+00   3.0394894593508663e+00   2.1697326360599096e+01   9.9993463909585012e-01
 -5.6500000000000004e+00   5.5347793206270579e-01   1.8067567685547865e+00   3.0405806932067869e+00   2.1704757089856024e+01   9.9992865612392190e-01
 -5.5999999999999996e+00   5.5331043206218666e-01   1.8073037160586372e+00   3.0417212802107914e+00   2.1712523888122725e+01   9.9992212254614554e-01
 -5.5499999999999989e+00   5.5313534984325441e-01   1.8078757763057027e+00   3.0429134981387169e+00   2.1720642265855972e+01   9.9991498727975947e-01
 -5.5000000000000000e+00   5.5295233485838569e-01   1.8084741431756606e+00   3.0441597340350302e+00   2.1729128477574498e+01   9.9990719444523146e-01
 -5.4499999999999993e+00   5.5276101968905289e-01   1.8091000710624177e+00   3.0454624898268730e+00   2.1737999560087705e+01   9.9989868290778283e-01
 -5.4000000000000004e+00   5.5256101917413014e-01   1.8097548782840709e+00   3.0468243882591604e+00   2.1747273372910556e+01   9.9988938577396269e-01
 -5.3499999999999996e+00   5.5235192948796608e-01   1.8104399507158537e+00   3.0482481791724201e+00   2.1756968641012353e+01   9.9987922983871402e-01
 -5.2999999999999989e+00   5.5213332716492358e-01   1.8111567456628053e+00   3.0497367461451650e+00   2.1767105000047824e+01   9.9986813497788241e-01
 -5.2500000000000000e+00   5.5190476806669519e-01   1.8119067959912145e+00   3.0512931135259311e+00   2.1777703044241598e+01   9.9985601348057862e-01
 -5.1999999999999993e+00   5.5166578628853224e-01   1.8126917145392445e+00   3.0529204538812853e+00   2.1788784377105220e+01   9.9984276931520755e-01
 -5.1500000000000004e+00   5.5141589300018112e-01   1.8135131988291668e+00   3.0546220958884369e+00   2.1800371665181700e+01   9.9982829732230660e-01
 -5.0999999999999996e+00   5.5115457521716971e-01   1.8143730361051129e+00   3.0564015327021350e+00   2.1812488695019677e+01   9.9981248232659270e-01
 -5.0499999999999989e+00   5.5088129449735568e-01   1.8152731087237890e+00   3.0582624308304864e+00   2.1825160433613085e+01   9.9979519815977969e-01
 -5.0000000000000000e+00   5.5059548555761939e-01   1.8162153999269410e+00   3.0602086395545536e+00   2.1838413092543664e+01   9.9977630658480432e-01
 -4.9499999999999993e+00   5.5029655480506134e-01   1.8172020000274995e+00   3.0622442009301256e+00   2.1852274196087759e+01   9.9975565611106321e-01
 -4.9000000000000004e+00   5.4998387877638233e-01   1.8182351130451762e+00   3.0643733604147214e+00   2.1866772653580636e+01   9.9973308068909428e-01
 -4.8499999999999996e+00   5.4965680247896676e-01   1.8193170638295997e+00   3.0666005781639392e+00   2.1881938836338684e+01   9.9970839827184954e-01
 -4.7999999999999989e+00   5.4931463762634414e-01   1.8204503057139030e+00   3.0689305410470378e+00   2.1897804659479217e+01   9.9968140922824389e-01
 -4.7500000000000000e+00   5.4895666076033289e-01   1.8216374287451931e+00   3.0713681754341500e+00   2.1914403668994670e+01   9.9965189459303994e-01
 -4.6999999999999993e+00   5.4858211125124845e-01   1.8228811685439810e+00   3.0739186608138160e+00   2.1931771134480847e+01   9.9961961413530043e-01
 -4.6500000000000004e+00   5.4819018916712414e-01   1.8241844158490308e+00   3.0765874443024677e+00   2.1949944147938904e+01   9.9958430422559030e-01
 -4.5999999999999996e+00   5.4778005300183719e-01   1.8255502268109169e+00   3.0793802561146997e+00   2.1968961729119737e+01   9.9954567547980078e-01
 -4.5499999999999989e+00   5.4735081725143153e-01   1.8269818341033721e+00   3.0823031260672340e+00   2.1988864937907348e+01   9.9950341015488375e-01
 -4.5000000000000000e+00   5.4690154982669936e-01   1.8284826589298881e+00   3.0853624011978851e+00   2.2009696994294696e+01   9.9945715926886014e-01
 -4.4499999999999993e+00   5.4643126928932195e-01   1.8300563240104850e+00   3.0885647645859842e+00   2.2031503406540939e+01   9.9940653941418467e-01
 -4.4000000000000004e+00   5.4593894189751657e-01   1.8317066676436493e+00   3.0919172554699745e+00   2.2054332108161674e+01   9.9935112922984171e-01
 -4.3499999999999996e+00   5.4542347844605943e-01   1.8334377589484290e+00   3.0954272907651941e+00   2.2078233604453715e+01   9.9929046549336431e-01
 -4.2999999999999989e+00   5.4488373088405750e-01   1.8352539144039592e+00   3.0991026880950723e+00   2.2103261129325478e+01   9.9922403878924393e-01
 -4.2500000000000000e+00   5.4431848869252142e-01   1.8371597158164643e+00   3.1029516904579566e+00   2.2129470813265080e+01   9.9915128870486281e-01
 -4.1999999999999993e+00   5.4372647500190230e-01   1.8391600298596851e+00   3.1069829926646446e+00   2.2156921863366055e+01   9.9907159849902516e-01
 -4.1500000000000004e+00   5.4310634242826672e-01   1.8412600293506600e+00   3.1112057696918480e+00   2.2185676756399548e+01   9.9898428918132409e-01
 -4.0999999999999996e+00   5.4245666860458785e-01   1.8434652164428060e+00   3.1156297071117498e+00   2.2215801446023619e+01   9.9888861293281539e-01
 -4.0499999999999989e+00   5.4177595138158796e-01   1.8457814479396706e+00   3.1202650337717470e+00   2.2247365585315102e+01   9.9878374578965479e-01
 -4.0000000000000000e+00   5.4106260367018488e-01   1.8482149629575384e+00   3.1251225569146794e+00   2.2280442765919936e+01   9.9866877950135213e-01
 -3.9499999999999993e+00   5.4031494789506396e-01   1.8507724131930046e+00   3.1302136999470918e+00   2.2315110775235169e+01   9.9854271246391391e-01
 -3.9000000000000004e+00   5.3953121002597915e-01   1.8534608960839332e+00   3.1355505430829362e+00   2.2351451873171232e+01   9.9840443961519432e-01
 -3.8499999999999996e+00   5.3870951315043347e-01   1.8562879911882160e+00   3.1411458671102439e+00   2.2389553090179962e+01   9.9825274116503471e-01
 -3.7999999999999989e+00   5.3784787054790983e-01   1.8592618001467445e+00   3.1470132005519713e+00   2.2429506548395221e+01   9.9808627001595174e-01
 -3.7500000000000000e+00   5.3694417822225804e-01   1.8623909906442242e+00   3.1531668705165248e+00   2.2471409807898208e+01   9.9790353771096496e-01
 -3.6999999999999993e+00   5.3599620684479132e-01   1.8656848448361696e+00   3.1596220575610374e+00   2.2515366240307596e+01   9.9770289872324747e-01
 -3.6500000000000004e+00   5.3500159305633022e-01   1.8691533127728652e+00   3.1663948549198833e+00   2.2561485432094553e+01   9.9748253287727306e-01
 -3.5999999999999996e+00   5.3395783007182152e-01   1.8728070714226481e+00   3.1735023324822840e+00   2.2609883620236669e+01   9.9724042566253068e-01
 -3.5499999999999989e+00   5.3286225752593341e-01   1.8766575899801496e+00   3.1809626059384719e+00   2.2660684163066978e+01   9.9697434616813396e-01
 -3.5000000000000000e+00   5.3171205049286185e-01   1.8807172022395697e+00   3.1887949115490408e+00   2.2714018049413969e+01   9.9668182232922464e-01
 -3.4499999999999993e+00   5.3050420760750439e-01   1.8849991869241760e+00   3.1970196870335101e+00   2.2770024449410194e+01   9.9636011313313755e-01
 -3.4000000000000004e+00   5.2923553820928781e-01   1.8895178569896924e+00   3.2056586591141043e+00   2.2828851310619431e+01   9.9600617738420161e-01
 -3.3499999999999996e+00   5.2790264842326373e-01   1.8942886590677157e+00   3.2147349382961816e+00   2.2890656003441585e+01   9.9561663856971350e-01
 -3.2999999999999989e+00   5.2650192608650093e-01   1.8993282843863830e+00   3.2242731215115801e+00   2.2955606020059985e+01   9.9518774530515597e-01
 -3.2500000000000000e+00   5.2502952442090911e-01   1.9046547927051687e+00   3.2342994032981114e+00   2.3023879731515294e+01   9.9471532676284158e-01
 -3.1999999999999993e+00   5.2348134434674920e-01   1.9102877510332235e+00   3.2448416962352638e+00   2.3095667207809381e+01   9.9419474240358441e-01
 -3.1500000000000004e+00   5.2185301532444861e-01   1.9162483891719508e+00   3.2559297614013749e+00   2.3171171106250146e+01   9.9362082523423501e-01
 -3.0999999999999996e+00   5.2013987460612832e-01   1.9225597744399847e+00   3.2675953496598318e+00   2.3250607633536280e+01   9.9298781770332223e-01
 -3.0499999999999989e+00   5.1833694477298831e-01   1.9292470083103215e+00   3.2798723546176740e+00   2.3334207587325039e+01   9.9228929922088160e-01
 -3.0000000000000000e+00   5.1643890943087234e-01   1.9363374481253226e+00   3.2927969781260296e+00   2.3422217483203223e+01   9.9151810414487707e-01
 -2.9499999999999993e+00   5.1444008693471088e-01   1.9438609575674708e+00   3.3064079092028544e+00   2.3514900773057050e+01   9.9066622891355927e-01
 -2.9000000000000004e+00   5.1233440201407365e-01   1.9518501901664811e+00   3.3207465172480126e+00   2.3612539160765337e+01   9.8972472681859436e-01
 -2.8499999999999996e+00   5.1011535517824613e-01   1.9603409108329561e+00   3.3358570603786295e+00   2.3715434020853806e+01   9.8868358870619599e-01
 -2.7999999999999989e+00   5.0777598979161753e-01   1.9693723612461129e+00   3.3517869096284052e+00   2.3823907925174620e+01   9.8753160766125947e-01
 -2.7500000000000000e+00   5.0530885673142700e-01   1.9789876759106613e+00   3.3685867896097927e+00   2.3938306281689382e+01   9.8625622547201264e-01
 -2.6999999999999993e+00   5.0270597657277794e-01   1.9892343568651161e+00   3.3863110360141850e+00   2.4058999087910109e+01   9.8484335839028359e-01
 -2.6500000000000004e+00   4.9995879929482090e-01   2.0001648164018202e+00   3.4050178699916391e+00   2.4186382799281034e+01   9.8327719939761837e-01
 -2.5999999999999996e+00   4.9705816157224564e-01   2.0118369987868183e+00   3.4247696889733792e+00   2.4320882309527025e+01   9.8153999386518265e-01
 -2.5499999999999989e+00   4.9399424181484908e-01   2.0243150938888954e+00   3.4456333728287158e+00   2.4462953035421396e+01   9.7961178516531278e-01
 -2.5000000000000000e+00   4.9075651325429681e-01   2.0376703578905473e+00   3.4676806033195544e+00   2.4613083092103246e+01   9.7747012647058740e-01
 -2.4499999999999993e+00   4.8733369556311640e-01   2.0519820589144677e+00   3.4909881935496330e+00   2.4771795536453713e+01   9.7508975468762327e-01
 -2.4000000000000004e+00   4.8371370574214889e-01   2.0673385685148760e+00   3.5156384223951749e+00   2.4939650644392987e+01   9.7244222225602150e-01
 -2.3499999999999996e+00   4.7988360934923507e-01   2.0838386236114399e+00   3.5417193666119120e+00   2.5117248172354699e+01   9.6949548245565120e-01
 -2.2999999999999989e+00   4.7582957358956013e-01   2.1015927876365614e+00   3.5693252202651933e+00   2.5305229532437103e+01   9.6621342399212873e-01
 -2.2500000000000000e+00   4.7153682437987293e-01   2.1207251444574218e+00   3.5985565871000942e+00   2.5504279783289938e+01   9.6255535109281587e-01
 -2.1999999999999993e+00   4.6698961027610125e-01   2.1413752640208923e+00   3.6295207261754050e+00   2.5715129302752839e+01   9.5847540631736428e-01
 -2.1500000000000004e+00   4.6217117716869444e-01   2.1637004845825678e+00   3.6623317241750537e+00   2.5938554961205600e+01   9.5392193501191125e-01
 -2.0999999999999996e+00   4.5706375896566437e-01   2.1878785626386148e+00   3.6971105588517017e+00   2.6175380553585722e+01   9.4883679315345049e-01
 -2.0500000000000007e+00   4.5164859117581035e-01   2.2141107479082924e+00   3.7339850065321190e+00   2.6426476169548614e+01   9.4315460470522561e-01
 -2.0000000000000000e+00   4.4590595646146636e-01   2.2426253462402816e+00   3.7730893319269065e+00   2.6692756081234780e+01   9.3680198116178537e-01
 -1.9499999999999993e+00   4.3981527394669973e-01   2.2736818369822869e+00   3.8145636799885847e+00   2.6975174602142882e+01   9.2969672553220672e-01
 -1.9000000000000004e+00   4.3335524743665804e-01   2.3075756112683656e+00   3.8585530666157091e+00   2.7274719214355027e+01   9.2174705666005785e-01
 -1.8499999999999996e+00   4.2650409179921345e-01   2.3446433908323976e+00   3.9052058371128084e+00   2.7592400071458844e+01   9.1285090883759601e-01
 -1.8000000000000007e+00   4.1923986159719501e-01   2.3852693686861257e+00   3.9546714283775355e+00   2.7929234760217629e+01   9.0289538770660871e-01
 -1.7500000000000000e+00   4.1154091153729594e-01   2.4298920762568583e+00   4.0070972334855144e+00   2.8286226950040437e+01   8.9175649814172031e-01
 -1.6999999999999993e+00   4.0338652410262871e-01   2.4790119159894943e+00   4.0626243278423804e+00   2.8664337290322809e+01   8.7929930471515338e-01
 -1.6500000000000004e+00   3.9475774517385087e-01   2.5331991891877919e+00   4.1213817790429248e+00   2.9064444663576985e+01   8.6537874122958858e-01
 -1.5999999999999996e+00   3.8563847224107906e-01   2.5931022757886493e+00   4.1834792367196707e+00   2.9487295726193793e+01   8.4984135164120356e-01
 -1.5500000000000007e+00   3.7601683980043360e-01   2.6594553598470161e+00   4.2489974987202555e+00   2.9933440669066847e+01   8.3252831582832865e-01
 -1.5000000000000000e+00   3.6588693931718475e-01   2.7330847115401058e+00   4.3179767990620199e+00   3.0403153464716482e+01   8.1328017909354255e-01
 -1.4499999999999993e+00   3.5525089179531366e-01   2.8149120047140488e+00   4.3904026948221659e+00   3.0896335764426318e+01   7.9194374296087866e-01
 -1.4000000000000004e+00   3.4412125305198921e-01   2.9059524546393587e+00   4.4661896874822258e+00   3.1412405368203984e+01   7.6838155148365284e-01
 -1.3499999999999996e+00   3.3252366796631894e-01   3.0073047314673831e+00   4.5451631488885376e+00   3.1950173150067478e+01   7.4248426966112691e-01
 -1.3000000000000007e+00   3.2049959432224773e-01   3.1201287543426517e+00   4.6270407733131229e+00   3.2507716756324349e+01   7.1418593198187308e-01
 -1.2500000000000000e+00   3.0810878930607694e-01   3.2456068593570522e+00   4.7114156457119263e+00   3.3082265309305640e+01   6.8348147311478957e-01
 -1.1999999999999993e+00   2.9543110523746147e-01   3.3848839281707339e+00   4.7977440137401342e+00   3.3670116141214542e+01   6.5044510839822678e-01
 -1.1500000000000004e+00   2.8256701047648281e-01   3.5389835434565953e+00   4.8853417406486894e+00   3.4266610640215106e+01   6.1524707375700816e-01
 -1.1000000000000014e+00   2.6963619851717674e-01   3.7087008550756462e+00   4.9733937766266179e+00   3.4866198745297595e+01   5.7816519603909999e-01
 -1.0500000000000007e+00   2.5677375439074268e-01   3.8944790224870913e+00   5.0609802635811185e+00   3.5462616706116194e+01   5.3958718601917166e-01
 -1.0000000000000000e+00   2.4412368218424690e-01   4.0962842730074520e+00   5.1471206093347446e+00   3.6049187205116510e+01   4.9999999999952893e-01
 -9.4999999999999929e-01   2.3183016270893703e-01   4.3135025585756104e+00   5.2308330183112215e+00   3.6619224730230385e+01   4.5996454534807429e-01
 -8.9999999999999858e-01   2.2002758556036964e-01   4.5448846673165306e+00   5.3112023679691136e+00   3.7166497777728885e+01   4.2007732275285325e-01
 -8.5000000000000142e-01   2.0883094028449573e-01   4.7885624545753345e+00   5.3874456399125918e+00   3.7685674403711026e+01   3.8092439567379066e-01
 -8.0000000000000071e-01   1.9832828392409221e-01   5.0421451757366995e+00   5.4589632119429012e+00   3.8172671496027021e+01   3.4303581524553733e-01
 -7.5000000000000000e-01   1.8857659083619188e-01   5.3028851331216167e+00   5.5253671186212872e+00   3.8624847213864456e+01   3.0684891477724513e-01
 -6.9999999999999929e-01   1.7960145582460652e-01   5.5678835976506251e+00   5.5864830727805401e+00   3.9041014753179965e+01   2.7268640654596371e-01
 -6.4999999999999858e-01   1.7140019753792826e-01   5.8342989936094742e+00   5.6423293330150468e+00   3.9421298445408787e+01   2.4075103500320760e-01
 -6.0000000000000142e-01   1.6394725082960424e-01   6.0995228339591545e+00   5.6930799845416615e+00   3.9766883719418495e+01   2.1113447389862428e-01
 -5.5000000000000071e-01   1.5720052552262015e-01   6.3613018892618554e+00   5.7390216393529228e+00   4.0079722252300833e+01   1.8383565682707587e-01
 -5.0000000000000000e-01   1.5110759641433866e-01   6.6178009824071928e+00   5.7805112855361429e+00   4.0362244945379459e+01   1.5878322666448771e-01
 -4.4999999999999929e-01   1.4561098755556337e-01   6.8676136106721497e+00   5.8179403041091931e+00   4.0617116897766088e+01   1.3585777624367781e-01
 -3.9999999999999858e-01   1.4065222889537771e-01   7.1097344695748603e+00   5.8517068454003835e+00   4.0847049304020153e+01   1.1491116737383264e-01
 -3.5000000000000142e-01   1.3617467733751590e-01   7.3435092305851324e+00   5.8821966191366828e+00   4.1054668644741859e+01   9.5781748474555714e-02
 -3.0000000000000071e-01   1.3212527470761731e-01   7.5685746138497736e+00   5.9097709236102967e+00   4.1242435171485724e+01   7.8305389463020347e-02
 -2.5000000000000000e-01   1.2845548386258357e-01   7.7847980477794092e+00   5.9347602712657483e+00   4.1412599500357537e+01   6.2322865585890272e-02
 -1.9999999999999929e-01   1.2512164145561222e-01   7.9922225153572413e+00   5.9574619865553382e+00   4.1567186254671988e+01   4.7684357104165645e-02
 -1.4999999999999858e-01   1.2208492820809490e-01   8.1910192738573819e+00   5.9781404083718899e+00   4.1707995443413409e+01   3.4251834083341350e-02
 -1.0000000000000142e-01   1.1931110964058031e-01   8.3814491627180221e+00   5.9970286555346881e+00   4.1836614483267418e+01   2.1899985000150692e-02
 -5.0000000000000711e-02   1.1677015540397205e-01   8.5638320557204981e+00   6.0143312189440250e+00   4.1954435849831555e+01   1.0516202403513223e-02
  0.0000000000000000e+00   1.1443580900050836e-01   8.7385234458870968e+00   6.0302268915552721e+00   4.2062677029199385e+01   0.0000000000000000e+00
