# ZND solution.
# Columns are: spatial coordinate; specific volume; density;
# flow velocity in lab frame; pressure; reaction progress variable.
 -2.2149999999999999e+01   5.5721746169784858e-01   1.7946314836455186e+00   3.0151164610293830e+00   2.1531359046879963e+01   9.9999999999900002e-01
 -2.2099999999999998e+01   5.5721746169784858e-01   1.7946314836455186e+00   3.0151164610293830e+00   2.1531359046879963e+01   9.9999999999900002e-01
 -2.2049999999999997e+01   5.5721746169784858e-01   1.7946314836455186e+00   3.0151164610293830e+00   2.1531359046879963e+01   9.9999999999900002e-01
 -2.2000000000000000e+01   5.5721746169784858e-01   1.7946314836455186e+00   3.0151164610293830e+00   2.1531359046879963e+01   9.9999999999900002e-01
 -2.1949999999999999e+01   5.5721746169784858e-01   1.7946314836455186e+00   3.0151164610293830e+00   2.1531359046879963e+01   9.9999999999900002e-01
 -2.1899999999999999e+01   5.5721746169784858e-01   1.7946314836455186e+00   3.0151164610293830e+00   2.1531359046879963e+01   9.9999999999900002e-01
 -2.1849999999999998e+01   5.5721746169784858e-01   1.7946314836455186e+00   3.0151164610293830e+00   2.1531359046879963e+01   9.9999999999900002e-01
 -2.1799999999999997e+01   5.5721746169784858e-01   1.7946314836455186e+00   3.0151164610293830e+00   2.1531359046879963e+01   9.9999999999900002e-01
 -2.1750000000000000e+01   5.5721746169784858e-01   1.7946314836455186e+00   3.0151164610293830e+00   2.1531359046879963e+01   9.9999999999900002e-01
 -2.1699999999999999e+01   5.5721746169784858e-01   1.7946314836455186e+00   3.0151164610293830e+00   2.1531359046879963e+01   9.9999999999900002e-01
 -2.1649999999999999e+01   5.5721746169784858e-01   1.7946314836455186e+00   3.0151164610293830e+00   2.1531359046879963e+01   9.9999999999900002e-01
 -2.1599999999999998e+01   5.5721746169784858e-01   1.7946314836455186e+00   3.0151164610293830e+00   2.1531359046879963e+01   9.9999999999900002e-01
 -2.1549999999999997e+01   5.5721746169784858e-01   1.7946314836455186e+00   3.0151164610293830e+00   2.1531359046879963e+01   9.9999999999900002e-01
 -2.1500000000000000e+01   5.5721746162000696e-01   1.7946314838962234e+00   3.0151164615594435e+00   2.1531359050489396e+01   9.9999999999899958e-01
 -2.1449999999999999e+01   5.5721744737191714e-01   1.7946315297850783e+00   3.0151165585814494e+00   2.1531359711158288e+01   9.9999999999893396e-01
 -2.1399999999999999e+01   5.5721743253105815e-01   1.7946315775830686e+00   3.0151166596399022e+00   2.1531360399313257e+01   9.9999999999886391e-01
 -2.1349999999999998e+01   5.5721741725769103e-01   1.7946316267740416e+00   3.0151167636435083e+00   2.1531361107523175e+01   9.9999999999878919e-01
 -2.1299999999999997e+01   5.5721740148841425e-01   1.7946316775621949e+00   3.0151168710239986e+00   2.1531361838727896e+01   9.9999999999870970e-01
 -2.1250000000000000e+01   5.5721738530160458e-01   1.7946317296951007e+00   3.0151169812476684e+00   2.1531362589293181e+01   9.9999999999862499e-01
 -2.1199999999999999e+01   5.5721736847780379e-01   1.7946317838795687e+00   3.0151170958089129e+00   2.1531363369395070e+01   9.9999999999853462e-01
 -2.1149999999999999e+01   5.5721735119969040e-01   1.7946318395272463e+00   3.0151172134637876e+00   2.1531364170562952e+01   9.9999999999843847e-01
 -2.1099999999999998e+01   5.5721733335759693e-01   1.7946318969913400e+00   3.0151173349590703e+00   2.1531364997882001e+01   9.9999999999833600e-01
 -2.1049999999999997e+01   5.5721731491502291e-01   1.7946319563894073e+00   3.0151174605433102e+00   2.1531365853044694e+01   9.9999999999822675e-01
 -2.1000000000000000e+01   5.5721729586991731e-01   1.7946320177280544e+00   3.0151175902304739e+00   2.1531366736146143e+01   9.9999999999811029e-01
 -2.0949999999999999e+01   5.5721727622220718e-01   1.7946320810075169e+00   3.0151177240210574e+00   2.1531367647189729e+01   9.9999999999798628e-01
 -2.0899999999999999e+01   5.5721725586721038e-01   1.7946321465649451e+00   3.0151178626278918e+00   2.1531368591029452e+01   9.9999999999785405e-01
 -2.0849999999999998e+01   5.5721723492090258e-01   1.7946322140268163e+00   3.0151180052612432e+00   2.1531369562287640e+01   9.9999999999771316e-01
 -2.0799999999999997e+01   5.5721721326248586e-01   1.7946322837821853e+00   3.0151181527436823e+00   2.1531370566565567e+01   9.9999999999756295e-01
 -2.0750000000000000e+01   5.5721719095680189e-01   1.7946323556222168e+00   3.0151183046336718e+00   2.1531371600856595e+01   9.9999999999740297e-01
 -2.0699999999999999e+01   5.5721716787545261e-01   1.7946324299604437e+00   3.0151184618055340e+00   2.1531372671114404e+01   9.9999999999723233e-01
 -2.0649999999999999e+01   5.5721714413440215e-01   1.7946325064233801e+00   3.0151186234696148e+00   2.1531373771961860e+01   9.9999999999705069e-01
 -2.0599999999999998e+01   5.5721711952999442e-01   1.7946325856669432e+00   3.0151187910127049e+00   2.1531374912842281e+01   9.9999999999685696e-01
 -2.0549999999999997e+01   5.5721709416213594e-01   1.7946326673693638e+00   3.0151189637544937e+00   2.1531376089123111e+01   9.9999999999665057e-01
 -2.0500000000000000e+01   5.5721706795605264e-01   1.7946327517714684e+00   3.0151191422041532e+00   2.1531377304271540e+01   9.9999999999643063e-01
 -2.0449999999999999e+01   5.5721704096809732e-01   1.7946328386917614e+00   3.0151193259779503e+00   2.1531378555674547e+01   9.9999999999619638e-01
 -2.0399999999999999e+01   5.5721701303725524e-01   1.7946329286488252e+00   3.0151195161723106e+00   2.1531379850798221e+01   9.9999999999594658e-01
 -2.0349999999999998e+01   5.5721698424937594e-01   1.7946330213661645e+00   3.0151197122026443e+00   2.1531381185661804e+01   9.9999999999568046e-01
 -2.0299999999999997e+01   5.5721695450093722e-01   1.7946331171771945e+00   3.0151199147738832e+00   2.1531382565065513e+01   9.9999999999539679e-01
 -2.0250000000000000e+01   5.5721692380905186e-01   1.7946332160268015e+00   3.0151201237694978e+00   2.1531383988215850e+01   9.9999999999509448e-01
 -2.0199999999999999e+01   5.5721689214034986e-01   1.7946333180224612e+00   3.0151203394167205e+00   2.1531385456660143e+01   9.9999999999477251e-01
 -2.0149999999999999e+01   5.5721685943519839e-01   1.7946334233562349e+00   3.0151205621216199e+00   2.1531386973163507e+01   9.9999999999442923e-01
 -2.0099999999999998e+01   5.5721682566004771e-01   1.7946335321361775e+00   3.0151207921126515e+00   2.1531388539281600e+01   9.9999999999406342e-01
 -2.0049999999999997e+01   5.5721679078843855e-01   1.7946336444475079e+00   3.0151210295699893e+00   2.1531390156241319e+01   9.9999999999367351e-01
 -2.0000000000000000e+01   5.5721675481519983e-01   1.7946337603068820e+00   3.0151212745288456e+00   2.1531391824282437e+01   9.9999999999325806e-01
 -1.9949999999999999e+01   5.5721671768075476e-01   1.7946338799061810e+00   3.0151215273949075e+00   2.1531393546167468e+01   9.9999999999281530e-01
 -1.9899999999999999e+01   5.5721667932187247e-01   1.7946340034490547e+00   3.0151217885987434e+00   2.1531395324828360e+01   9.9999999999234357e-01
 -1.9849999999999998e+01   5.5721663970005675e-01   1.7946341310594895e+00   3.0151220584024920e+00   2.1531397162050144e+01   9.9999999999184075e-01
 -1.9799999999999997e+01   5.5721659883787744e-01   1.7946342626647966e+00   3.0151223366524653e+00   2.1531399056786277e+01   9.9999999999130484e-01
 -1.9750000000000000e+01   5.5721655665632874e-01   1.7946343985194328e+00   3.0151226238866511e+00   2.1531401012700176e+01   9.9999999999073386e-01
 -1.9699999999999999e+01   5.5721651312675535e-01   1.7946345387156903e+00   3.0151229203001768e+00   2.1531403031120561e+01   9.9999999999012545e-01
 -1.9649999999999999e+01   5.5721646814371795e-01   1.7946346835931610e+00   3.0151232266110286e+00   2.1531405116936536e+01   9.9999999998947708e-01
 -1.9599999999999998e+01   5.5721642175813058e-01   1.7946348329878679e+00   3.0151235424725091e+00   2.1531407267787273e+01   9.9999999998878619e-01
 -1.9549999999999997e+01   5.5721637384976996e-01   1.7946349872870178e+00   3.0151238687032751e+00   2.1531409489247398e+01   9.9999999998804989e-01
 -1.9500000000000000e+01   5.5721632439352653e-01   1.7946351465714838e+00   3.0151242054743101e+00   2.1531411782481218e+01   9.9999999998726530e-01
 -1.9449999999999999e+01   5.5721627335056190e-01   1.7946353109663566e+00   3.0151245530500828e+00   2.1531414149289624e+01   9.9999999998642886e-01
 -1.9399999999999999e+01   5.5721622063998033e-01   1.7946354807321807e+00   3.0151249119814509e+00   2.1531416593423668e+01   9.9999999998553790e-01
 -1.9349999999999998e+01   5.5721616622509196e-01   1.7946356559871273e+00   3.0151252825182526e+00   2.1531419116584619e+01   9.9999999998458822e-01
 -1.9299999999999997e+01   5.5721611005923466e-01   1.7946358368814845e+00   3.0151256649782328e+00   2.1531421720936152e+01   9.9999999998357614e-01
 -1.9250000000000000e+01   5.5721605210628333e-01   1.7946360235316052e+00   3.0151260596073848e+00   2.1531424408153349e+01   9.9999999998249767e-01
 -1.9199999999999999e+01   5.5721599223127416e-01   1.7946362163721730e+00   3.0151264673247407e+00   2.1531427184494341e+01   9.9999999998134825e-01
 -1.9149999999999999e+01   5.5721593044320916e-01   1.7946364153741992e+00   3.0151268880690014e+00   2.1531430049541711e+01   9.9999999998012357e-01
 -1.9099999999999998e+01   5.5721586667082268e-01   1.7946366207672146e+00   3.0151273223254496e+00   2.1531433006599975e+01   9.9999999997881839e-01
 -1.9049999999999997e+01   5.5721580083239397e-01   1.7946368328144233e+00   3.0151277706505595e+00   2.1531436059458436e+01   9.9999999997742761e-01
 -1.9000000000000000e+01   5.5721573286185733e-01   1.7946370517286092e+00   3.0151282334942042e+00   2.1531439211180494e+01   9.9999999997594535e-01
 -1.8949999999999999e+01   5.5721566268405343e-01   1.7946372777518451e+00   3.0151287113681793e+00   2.1531442465251203e+01   9.9999999997436573e-01
 -1.8899999999999999e+01   5.5721559025400991e-01   1.7946375110289794e+00   3.0151292045787232e+00   2.1531445823755888e+01   9.9999999997268241e-01
 -1.8849999999999998e+01   5.5721551548077686e-01   1.7946377518529428e+00   3.0151297137451567e+00   2.1531449290911798e+01   9.9999999997088862e-01
 -1.8799999999999997e+01   5.5721543828395548e-01   1.7946380004826836e+00   3.0151302394149533e+00   2.1531452870446945e+01   9.9999999996897693e-01
 -1.8750000000000000e+01   5.5721535858612881e-01   1.7946382571675470e+00   3.0151307821152820e+00   2.1531456565951064e+01   9.9999999996693989e-01
 -1.8699999999999999e+01   5.5721527633938184e-01   1.7946385220618615e+00   3.0151313421724191e+00   2.1531460379645928e+01   9.9999999996476907e-01
 -1.8649999999999999e+01   5.5721519141976339e-01   1.7946387955648473e+00   3.0151319204304063e+00   2.1531464317279024e+01   9.9999999996245548e-01
 -1.8599999999999998e+01   5.5721510375654670e-01   1.7946390779043040e+00   3.0151325173708563e+00   2.1531468382129873e+01   9.9999999995999023e-01
 -1.8549999999999997e+01   5.5721501325949185e-01   1.7946393693708782e+00   3.0151331336082552e+00   2.1531472578382807e+01   9.9999999995736288e-01
 -1.8500000000000000e+01   5.5721491984565785e-01   1.7946396702317098e+00   3.0151337697073881e+00   2.1531476909883715e+01   9.9999999995456323e-01
 -1.8449999999999999e+01   5.5721482340553841e-01   1.7946399808394986e+00   3.0151344264139346e+00   2.1531481381710282e+01   9.9999999995157940e-01
 -1.8399999999999999e+01   5.5721472385676096e-01   1.7946403014595547e+00   3.0151351042888090e+00   2.1531485997682040e+01   9.9999999994839994e-01
 -1.8349999999999998e+01   5.5721462108837427e-01   1.7946406324492334e+00   3.0151358040875311e+00   2.1531490762943683e+01   9.9999999994501154e-01
 -1.8299999999999997e+01   5.5721451498642560e-01   1.7946409741755582e+00   3.0151365265860588e+00   2.1531495682779077e+01   9.9999999994140065e-01
 -1.8250000000000000e+01   5.5721440547980128e-01   1.7946413268675794e+00   3.0151372722686389e+00   2.1531500760485688e+01   9.9999999993755262e-01
 -1.8199999999999999e+01   5.5721429241529985e-01   1.7946416910187322e+00   3.0151380421784926e+00   2.1531506003167305e+01   9.9999999993345190e-01
 -1.8149999999999999e+01   5.5721417570517806e-01   1.7946420669116283e+00   3.0151388369131062e+00   2.1531511414892492e+01   9.9999999992908195e-01
 -1.8099999999999998e+01   5.5721405521984024e-01   1.7946424549636770e+00   3.0151396573549571e+00   2.1531517001670462e+01   9.9999999992442479e-01
 -1.8049999999999997e+01   5.5721393085158955e-01   1.7946428555217580e+00   3.0151405042374053e+00   2.1531522768495005e+01   9.9999999991946220e-01
 -1.8000000000000000e+01   5.5721380245358898e-01   1.7946432690588119e+00   3.0151413785603323e+00   2.1531528722174798e+01   9.9999999991417365e-01
 -1.7949999999999999e+01   5.5721366990804033e-01   1.7946436959542555e+00   3.0151422811258834e+00   2.1531534868172017e+01   9.9999999990853783e-01
 -1.7899999999999999e+01   5.5721353308753230e-01   1.7946441366184671e+00   3.0151432128016613e+00   2.1531541212394593e+01   9.9999999990253174e-01
 -1.7849999999999998e+01   5.5721339185382279e-01   1.7946445914967100e+00   3.0151441745290231e+00   2.1531547761252664e+01   9.9999999989613142e-01
 -1.7799999999999997e+01   5.5721324602742128e-01   1.7946450611671003e+00   3.0151451675302048e+00   2.1531554523069016e+01   9.9999999988931054e-01
 -1.7750000000000000e+01   5.5721309551002318e-01   1.7946455459462760e+00   3.0151461924746084e+00   2.1531561502401928e+01   9.9999999988204191e-01
 -1.7699999999999999e+01   5.5721294012073086e-01   1.7946460464168883e+00   3.0151472505940520e+00   2.1531568707639437e+01   9.9999999987429578e-01
 -1.7649999999999999e+01   5.5721277972423311e-01   1.7946465630147681e+00   3.0151483428099342e+00   2.1531576145055777e+01   9.9999999986604138e-01
 -1.7599999999999998e+01   5.5721261412437095e-01   1.7946470963717236e+00   3.0151494704579944e+00   2.1531583823746633e+01   9.9999999985724453e-01
 -1.7549999999999997e+01   5.5721244317906271e-01   1.7946476469453958e+00   3.0151506345057340e+00   2.1531591750300183e+01   9.9999999984786991e-01
 -1.7500000000000000e+01   5.5721226670808266e-01   1.7946482153162808e+00   3.0151518361803955e+00   2.1531599933073302e+01   9.9999999983787979e-01
 -1.7449999999999999e+01   5.5721208454773608e-01   1.7946488020116342e+00   3.0151530765966541e+00   2.1531608379656348e+01   9.9999999982723398e-01
 -1.7399999999999999e+01   5.5721189650405545e-01   1.7946494076562163e+00   3.0151543570753265e+00   2.1531617099043380e+01   9.9999999981588894e-01
 -1.7349999999999998e+01   5.5721170237573481e-01   1.7946500328984252e+00   3.0151556789872007e+00   2.1531626100568751e+01   9.9999999980379894e-01
 -1.7299999999999997e+01   5.5721150197593428e-01   1.7946506783400706e+00   3.0151570436045585e+00   2.1531635392896028e+01   9.9999999979091525e-01
 -1.7250000000000000e+01   5.5721129509799849e-01   1.7946513446467858e+00   3.0151584523346133e+00   2.1531644985607599e+01   9.9999999977718523e-01
 -1.7199999999999999e+01   5.5721108154303645e-01   1.7946520324592010e+00   3.0151599065317094e+00   2.1531654887925828e+01   9.9999999976255360e-01
 -1.7149999999999999e+01   5.5721086107414231e-01   1.7946527425403869e+00   3.0151614078090510e+00   2.1531665110835796e+01   9.9999999974696097e-01
 -1.7099999999999998e+01   5.5721063348820121e-01   1.7946534755445847e+00   3.0151629575497427e+00   2.1531675663755721e+01   9.9999999973034448e-01
 -1.7049999999999997e+01   5.5721039855541332e-01   1.7946542322119861e+00   3.0151645573186014e+00   2.1531686557341178e+01   9.9999999971263709e-01
 -1.7000000000000000e+01   5.5721015602758550e-01   1.7946550133420280e+00   3.0151662088056921e+00   2.1531697803100624e+01   9.9999999969376674e-01
 -1.6949999999999999e+01   5.5720990566470152e-01   1.7946558197078164e+00   3.0151679136453988e+00   2.1531709412163355e+01   9.9999999967365749e-01
 -1.6899999999999999e+01   5.5720964720673982e-01   1.7946566521468947e+00   3.0151696736083320e+00   2.1531721396586295e+01   9.9999999965222730e-01
 -1.6849999999999998e+01   5.5720938039926404e-01   1.7946575114788228e+00   3.0151714904270692e+00   2.1531733768167395e+01   9.9999999962938990e-01
 -1.6799999999999997e+01   5.5720910496951614e-01   1.7946583985821769e+00   3.0151733659589497e+00   2.1531746539554153e+01   9.9999999960505292e-01
 -1.6750000000000000e+01   5.5720882064304211e-01   1.7946593143410015e+00   3.0151753020728611e+00   2.1531759723472714e+01   9.9999999957911778e-01
 -1.6699999999999999e+01   5.5720852712444935e-01   1.7946602597067860e+00   3.0151773007802718e+00   2.1531773333620119e+01   9.9999999955147933e-01
 -1.6649999999999999e+01   5.5720822412817095e-01   1.7946612355993807e+00   3.0151793640257427e+00   2.1531787383237805e+01   9.9999999952202623e-01
 -1.6599999999999998e+01   5.5720791133312042e-01   1.7946622430530448e+00   3.0151814939957036e+00   2.1531801887214215e+01   9.9999999949063856e-01
 -1.6549999999999997e+01   5.5720758843936569e-01   1.7946632830339104e+00   3.0151836927325344e+00   2.1531816859456882e+01   9.9999999945719009e-01
 -1.6500000000000000e+01   5.5720725510631908e-01   1.7946643566390623e+00   3.0151859625554587e+00   2.1531832315758500e+01   9.9999999942154483e-01
 -1.6449999999999999e+01   5.5720691100422681e-01   1.7946654649307001e+00   3.0151883057099256e+00   2.1531848271409398e+01   9.9999999938355888e-01
 -1.6399999999999999e+01   5.5720655578376321e-01   1.7946666090340706e+00   3.0151907245746608e+00   2.1531864742607443e+01   9.9999999934307848e-01
 -1.6349999999999998e+01   5.5720618908217212e-01   1.7946677901176873e+00   3.0151932216198416e+00   2.1531881746173251e+01   9.9999999929993977e-01
 -1.6299999999999997e+01   5.5720581053860574e-01   1.7946690093439279e+00   3.0151957993026532e+00   2.1531899298838962e+01   9.9999999925396843e-01
 -1.6250000000000000e+01   5.5720541975441817e-01   1.7946702679969238e+00   3.0151984603376643e+00   2.1531917419089357e+01   9.9999999920497773e-01
 -1.6199999999999999e+01   5.5720501634925290e-01   1.7946715673019098e+00   3.0152012073149028e+00   2.1531936124561170e+01   9.9999999915277027e-01
 -1.6149999999999999e+01   5.5720459990620330e-01   1.7946729086018571e+00   3.0152040430732834e+00   2.1531955434585921e+01   9.9999999909713444e-01
 -1.6099999999999998e+01   5.5720417000743228e-01   1.7946742932427471e+00   3.0152069704580584e+00   2.1531975368538273e+01   9.9999999903784464e-01
 -1.6049999999999997e+01   5.5720372621633263e-01   1.7946757226310313e+00   3.0152099924422919e+00   2.1531995946663248e+01   9.9999999897466141e-01
 -1.6000000000000000e+01   5.5720326808789711e-01   1.7946771982002321e+00   3.0152131120562511e+00   2.1532017189595354e+01   9.9999999890732949e-01
 -1.5949999999999999e+01   5.5720279515243720e-01   1.7946787214633844e+00   3.0152163324982668e+00   2.1532039119113556e+01   9.9999999883557533e-01
 -1.5899999999999999e+01   5.5720230693575457e-01   1.7946802939480651e+00   3.0152196569973810e+00   2.1532061757205931e+01   9.9999999875910939e-01
 -1.5849999999999998e+01   5.5720180294282584e-01   1.7946819172489459e+00   3.0152230889244427e+00   2.1532085126826185e+01   9.9999999867762202e-01
 -1.5799999999999999e+01   5.5720128266652580e-01   1.7946835929996965e+00   3.0152266317327081e+00   2.1532109251489189e+01   9.9999999859078315e-01
 -1.5750000000000000e+01   5.5720074557505872e-01   1.7946853229134692e+00   3.0152302890434268e+00   2.1532134155853743e+01   9.9999999849824150e-01
 -1.5699999999999999e+01   5.5720019112833818e-01   1.7946871087301424e+00   3.0152340645343041e+00   2.1532159864963084e+01   9.9999999839962250e-01
 -1.5649999999999999e+01   5.5719961876540047e-01   1.7946889522568628e+00   3.0152379620252074e+00   2.1532186404828508e+01   9.9999999829452746e-01
 -1.5599999999999998e+01   5.5719902790906206e-01   1.7946908553530454e+00   3.0152419854464534e+00   2.1532213802213409e+01   9.9999999818253071e-01
 -1.5549999999999999e+01   5.5719841795600678e-01   1.7946928199623036e+00   3.0152461389063085e+00   2.1532242085092918e+01   9.9999999806317874e-01
 -1.5500000000000000e+01   5.5719778829568900e-01   1.7946948480515656e+00   3.0152504265622677e+00   2.1532271281777394e+01   9.9999999793598904e-01
 -1.5449999999999999e+01   5.5719713828556161e-01   1.7946969416908660e+00   3.0152548527897394e+00   2.1532301422061067e+01   9.9999999780044624e-01
 -1.5399999999999999e+01   5.5719646727143168e-01   1.7946991029877830e+00   3.0152594220434334e+00   2.1532332536278172e+01   9.9999999765600245e-01
 -1.5349999999999998e+01   5.5719577457503477e-01   1.7947013341274629e+00   3.0152641389419741e+00   2.1532364655879118e+01   9.9999999750207280e-01
 -1.5299999999999999e+01   5.5719505949561177e-01   1.7947036373675449e+00   3.0152690082571634e+00   2.1532397813357360e+01   9.9999999733803446e-01
 -1.5250000000000000e+01   5.5719432130879953e-01   1.7947060150417355e+00   3.0152740349215330e+00   2.1532432042300858e+01   9.9999999716322374e-01
 -1.5199999999999999e+01   5.5719355926624925e-01   1.7947084695610420e+00   3.0152792240309458e+00   2.1532467377409755e+01   9.9999999697693254e-01
 -1.5149999999999999e+01   5.5719277259722910e-01   1.7947110034086127e+00   3.0152845808336806e+00   2.1532503854422075e+01   9.9999999677840712e-01
 -1.5099999999999998e+01   5.5719196050848652e-01   1.7947136191401833e+00   3.0152901107313705e+00   2.1532541510120097e+01   9.9999999656684413e-01
 -1.5049999999999999e+01   5.5719112217437683e-01   1.7947163194158773e+00   3.0152958193462216e+00   2.1532580382788097e+01   9.9999999634138703e-01
 -1.5000000000000000e+01   5.5719025675058709e-01   1.7947191069560036e+00   3.0153017124275614e+00   2.1532620511575971e+01   9.9999999610112345e-01
 -1.4949999999999999e+01   5.5718936336061264e-01   1.7947219845846205e+00   3.0153077959439272e+00   2.1532661937126321e+01   9.9999999584508126e-01
 -1.4899999999999999e+01   5.5718844109873567e-01   1.7947249552199462e+00   3.0153140760627801e+00   2.1532704701436323e+01   9.9999999557222397e-01
 -1.4849999999999998e+01   5.5718748903541415e-01   1.7947280218570041e+00   3.0153205591138139e+00   2.1532748847607859e+01   9.9999999528144723e-01
 -1.4799999999999999e+01   5.5718650620421950e-01   1.7947311876097030e+00   3.0153272516778991e+00   2.1532794420453207e+01   9.9999999497157399e-01
 -1.4750000000000000e+01   5.5718549160990738e-01   1.7947344556848452e+00   3.0153341605321269e+00   2.1532841466120789e+01   9.9999999464134992e-01
 -1.4699999999999999e+01   5.5718444422959135e-01   1.7947378293783516e+00   3.0153412926418164e+00   2.1532890032040779e+01   9.9999999428943864e-01
 -1.4649999999999999e+01   5.5718336299991744e-01   1.7947413121165792e+00   3.0153486552478497e+00   2.1532940167519769e+01   9.9999999391441574e-01
 -1.4600000000000000e+01   5.5718224682908268e-01   1.7947449074176138e+00   3.0153562557848317e+00   2.1532991923183520e+01   9.9999999351476332e-01
 -1.4549999999999999e+01   5.5718109458827558e-01   1.7947486189188486e+00   3.0153641019393747e+00   2.1533045351373822e+01   9.9999999308886356e-01
 -1.4500000000000000e+01   5.5717990510861415e-01   1.7947524503868539e+00   3.0153722016709517e+00   2.1533100506290502e+01   9.9999999263499251e-01
 -1.4449999999999999e+01   5.5717867718873137e-01   1.7947564056929499e+00   3.0153805631602406e+00   2.1533157443639681e+01   9.9999999215131319e-01
 -1.4399999999999999e+01   5.5717740958481465e-01   1.7947604888453002e+00   3.0153891948769522e+00   2.1533216221095639e+01   9.9999999163586761e-01
 -1.4350000000000000e+01   5.5717610101527371e-01   1.7947647039738830e+00   3.0153981055480426e+00   2.1533276898084360e+01   9.9999999108656945e-01
 -1.4299999999999999e+01   5.5717475015470652e-01   1.7947690553499374e+00   3.0154073041988028e+00   2.1533339536063341e+01   9.9999999050119526e-01
 -1.4250000000000000e+01   5.5717335563840975e-01   1.7947735473714443e+00   3.0154168001221464e+00   2.1533404198312436e+01   9.9999998987737537e-01
 -1.4199999999999999e+01   5.5717191605242622e-01   1.7947781845951951e+00   3.0154266029463783e+00   2.1533470950395341e+01   9.9999998921258448e-01
 -1.4149999999999999e+01   5.5717042994092780e-01   1.7947829717130210e+00   3.0154367225849237e+00   2.1533539859817278e+01   9.9999998850413152e-01
 -1.4100000000000000e+01   5.5716889580030382e-01   1.7947879135708471e+00   3.0154471692765812e+00   2.1533610996299082e+01   9.9999998774914878e-01
 -1.4049999999999999e+01   5.5716731207706982e-01   1.7947930151754410e+00   3.0154579535997637e+00   2.1533684431874192e+01   9.9999998694457970e-01
 -1.4000000000000000e+01   5.5716567716859644e-01   1.7947982816920780e+00   3.0154690864675349e+00   2.1533760240854836e+01   9.9999998608716700e-01
 -1.3949999999999999e+01   5.5716398942069600e-01   1.7948037184523302e+00   3.0154805791440440e+00   2.1533838499943950e+01   9.9999998517344002e-01
 -1.3899999999999999e+01   5.5716224712495777e-01   1.7948093309626643e+00   3.0154924432626711e+00   2.1533919288358746e+01   9.9999998419969949e-01
 -1.3850000000000000e+01   5.5716044851688729e-01   1.7948151249104511e+00   3.0155046908386955e+00   2.1534002687916960e+01   9.9999998316200323e-01
 -1.3799999999999999e+01   5.5715859177623162e-01   1.7948211061629364e+00   3.0155173342670842e+00   2.1534088783021804e+01   9.9999998205614993e-01
 -1.3750000000000000e+01   5.5715667502516564e-01   1.7948272807731003e+00   3.0155303863348393e+00   2.1534177660746050e+01   9.9999998087766295e-01
 -1.3699999999999999e+01   5.5715469632185588e-01   1.7948336550004098e+00   3.0155438602648270e+00   2.1534269411130460e+01   9.9999997962177056e-01
 -1.3649999999999999e+01   5.5715265366371824e-01   1.7948402353003456e+00   3.0155577696935922e+00   2.1534364127032752e+01   9.9999997828338827e-01
 -1.3600000000000000e+01   5.5715054498231309e-01   1.7948470283408684e+00   3.0155721287061228e+00   2.1534461904364285e+01   9.9999997685709685e-01
 -1.3549999999999999e+01   5.5714836814335955e-01   1.7948540410023970e+00   3.0155869518357497e+00   2.1534562842089411e+01   9.9999997533712148e-01
 -1.3500000000000000e+01   5.5714612094370808e-01   1.7948612803875847e+00   3.0156022540847642e+00   2.1534667042365854e+01   9.9999997371730809e-01
 -1.3449999999999999e+01   5.5714380110763428e-01   1.7948687538332866e+00   3.0156180509496537e+00   2.1534774610716546e+01   9.9999997199109802e-01
 -1.3399999999999999e+01   5.5714140628565922e-01   1.7948764689143872e+00   3.0156343584291356e+00   2.1534885656084352e+01   9.9999997015150099e-01
 -1.3350000000000000e+01   5.5713893405417736e-01   1.7948844334450298e+00   3.0156511930266898e+00   2.1535000290849297e+01   9.9999996819106862e-01
 -1.3299999999999999e+01   5.5713638190989634e-01   1.7948926554965610e+00   3.0156685717884226e+00   2.1535118631086412e+01   9.9999996610186237e-01
 -1.3250000000000000e+01   5.5713374726788101e-01   1.7949011434038658e+00   3.0156865123163845e+00   2.1535240796656410e+01   9.9999996387542189e-01
 -1.3199999999999999e+01   5.5713102746121534e-01   1.7949099057664939e+00   3.0157050327708719e+00   2.1535366911221374e+01   9.9999996150273129e-01
 -1.3149999999999999e+01   5.5712821973512827e-01   1.7949189514676231e+00   3.0157241519104288e+00   2.1535497102517127e+01   9.9999995897418181e-01
 -1.3100000000000000e+01   5.5712532124563618e-01   1.7949282896784737e+00   3.0157438891010897e+00   2.1535631502416194e+01   9.9999995627953364e-01
 -1.3049999999999999e+01   5.5712232905830816e-01   1.7949379298623309e+00   3.0157642643247868e+00   2.1535770246985035e+01   9.9999995340787406e-01
 -1.3000000000000000e+01   5.5711924014217895e-01   1.7949478817942031e+00   3.0157852982208020e+00   2.1535913476766311e+01   9.9999995034757239e-01
 -1.2949999999999999e+01   5.5711605136912512e-01   1.7949581555628809e+00   3.0158070120900118e+00   2.1536061336807808e+01   9.9999994708623463e-01
 -1.2899999999999999e+01   5.5711275950903616e-01   1.7949687615865499e+00   3.0158294279277720e+00   2.1536213976886337e+01   9.9999994361065159e-01
 -1.2850000000000000e+01   5.5710936122705190e-01   1.7949797106217471e+00   3.0158525684427282e+00   2.1536371551635852e+01   9.9999993990674563e-01
 -1.2799999999999999e+01   5.5710585308122751e-01   1.7949910137709455e+00   3.0158764570727166e+00   2.1536534220655696e+01   9.9999993595951375e-01
 -1.2750000000000000e+01   5.5710223151726312e-01   1.7950026824995990e+00   3.0159011180206519e+00   2.1536702148755001e+01   9.9999993175296809e-01
 -1.2699999999999999e+01   5.5709849286687052e-01   1.7950147286414746e+00   3.0159265762656498e+00   2.1536875506028430e+01   9.9999992727006903e-01
 -1.2649999999999999e+01   5.5709463334150411e-01   1.7950271644189235e+00   3.0159528576057149e+00   2.1537054468146838e+01   9.9999992249265635e-01
 -1.2600000000000000e+01   5.5709064903129013e-01   1.7950400024464115e+00   3.0159799886650336e+00   2.1537239216406945e+01   9.9999991740137673e-01
 -1.2549999999999999e+01   5.5708653589854662e-01   1.7950532557514802e+00   3.0160079969380988e+00   2.1537429938031806e+01   9.9999991197560434e-01
 -1.2500000000000000e+01   5.5708228977523211e-01   1.7950669377830579e+00   3.0160369108070837e+00   2.1537626826289102e+01   9.9999990619335744e-01
 -1.2449999999999999e+01   5.5707790635842447e-01   1.7950810624261215e+00   3.0160667595726265e+00   2.1537830080700793e+01   9.9999990003120898e-01
 -1.2399999999999999e+01   5.5707338120575078e-01   1.7950956440165244e+00   3.0160975734849531e+00   2.1538039907255023e+01   9.9999989346419216e-01
 -1.2350000000000000e+01   5.5706870973066336e-01   1.7951106973563262e+00   3.0161293837760441e+00   2.1538256518625168e+01   9.9999988646569815e-01
 -1.2299999999999999e+01   5.5706388719815558e-01   1.7951262377277128e+00   3.0161622226888065e+00   2.1538480134368491e+01   9.9999987900736886e-01
 -1.2250000000000000e+01   5.5705890871976127e-01   1.7951422809092321e+00   3.0161961235111270e+00   2.1538710981158008e+01   9.9999987105898158e-01
 -1.2199999999999999e+01   5.5705376924791328e-01   1.7951588431941052e+00   3.0162311206142860e+00   2.1538949293044080e+01   9.9999986258832563e-01
 -1.2149999999999999e+01   5.5704846357279947e-01   1.7951759414004957e+00   3.0162672494743665e+00   2.1539195311600199e+01   9.9999985356107335e-01
 -1.2100000000000000e+01   5.5704298631474147e-01   1.7951935928962188e+00   3.0163045467241529e+00   2.1539449286276373e+01   9.9999984394063879e-01
 -1.2049999999999999e+01   5.5703733191931304e-01   1.7952118156146313e+00   3.0163430501863688e+00   2.1539711474625488e+01   9.9999983368802992e-01
 -1.2000000000000000e+01   5.5703149465270296e-01   1.7952306280697437e+00   3.0163827989052567e+00   2.1539982142518316e+01   9.9999982276169019e-01
 -1.1949999999999999e+01   5.5702546859467150e-01   1.7952500493790995e+00   3.0164238331945388e+00   2.1540261564470129e+01   9.9999981111733005e-01
 -1.1899999999999999e+01   5.5701924763337241e-01   1.7952700992806545e+00   3.0164661946726774e+00   2.1540550023880787e+01   9.9999979870774713e-01
 -1.1850000000000000e+01   5.5701282545825792e-01   1.7952907981558481e+00   3.0165099263111865e+00   2.1540847813363733e+01   9.9999978548263313e-01
 -1.1799999999999999e+01   5.5700619555430819e-01   1.7953121670484182e+00   3.0165550724739294e+00   2.1541155235013555e+01   9.9999977138837159e-01
 -1.1750000000000000e+01   5.5699935119487098e-01   1.7953342276877113e+00   3.0166016789658734e+00   2.1541472600738025e+01   9.9999975636781768e-01
 -1.1699999999999999e+01   5.5699228543534307e-01   1.7953570025092964e+00   3.0166497930761182e+00   2.1541800232551068e+01   9.9999974036006756e-01
 -1.1649999999999999e+01   5.5698499110519650e-01   1.7953805146809283e+00   3.0166994636321918e+00   2.1542138462942493e+01   9.9999972330020992e-01
 -1.1600000000000000e+01   5.5697746080156740e-01   1.7954047881234942e+00   3.0167507410437078e+00   2.1542487635175284e+01   9.9999970511906311e-01
 -1.1549999999999999e+01   5.5696968688111426e-01   1.7954298475375574e+00   3.0168036773578066e+00   2.1542848103663129e+01   9.9999968574289244e-01
 -1.1500000000000000e+01   5.5696166145209802e-01   1.7954557184292044e+00   3.0168583263130846e+00   2.1543220234337635e+01   9.9999966509311067e-01
 -1.1449999999999999e+01   5.5695337636684050e-01   1.7954824271346985e+00   3.0169147433909504e+00   2.1543604404998042e+01   9.9999964308595979e-01
 -1.1400000000000000e+01   5.5694482321274075e-01   1.7955100008498002e+00   3.0169729858767962e+00   2.1544001005727779e+01   9.9999961963216788e-01
 -1.1350000000000000e+01   5.5693599330373111e-01   1.7955384676576993e+00   3.0170331129181798e+00   2.1544410439290633e+01   9.9999959463658761e-01
 -1.1299999999999999e+01   5.5692687767187155e-01   1.7955678565565243e+00   3.0170951855820611e+00   2.1544833121520529e+01   9.9999956799780798e-01
 -1.1250000000000000e+01   5.5691746705748513e-01   1.7955981974915860e+00   3.0171592669219747e+00   2.1545269481778909e+01   9.9999953960774302e-01
 -1.1199999999999999e+01   5.5690775190021924e-01   1.7956295213846643e+00   3.0172254220389001e+00   2.1545719963369233e+01   9.9999950935118986e-01
 -1.1150000000000000e+01   5.5689772232835355e-01   1.7956618601689811e+00   3.0172937181540660e+00   2.1546185024032763e+01   9.9999947710536008e-01
 -1.1100000000000000e+01   5.5688736814941253e-01   1.7956952468200009e+00   3.0173642246728760e+00   2.1546665136383822e+01   9.9999944273938013e-01
 -1.1049999999999999e+01   5.5687667883958958e-01   1.7957297153900995e+00   3.0174370132569241e+00   2.1547160788400230e+01   9.9999940611375848e-01
 -1.1000000000000000e+01   5.5686564353231494e-01   1.7957653010460322e+00   3.0175121579018414e+00   2.1547672483953349e+01   9.9999936707981607e-01
 -1.0949999999999999e+01   5.5685425100788044e-01   1.7958020401030363e+00   3.0175897350079461e+00   2.1548200743289211e+01   9.9999932547908144e-01
 -1.0900000000000000e+01   5.5684248968101857e-01   1.7958399700655738e+00   3.0176698234648232e+00   2.1548746103604447e+01   9.9999928114264292e-01
 -1.0850000000000000e+01   5.5683034758926786e-01   1.7958791296655858e+00   3.0177525047305505e+00   2.1549309119585768e+01   9.9999923389046241e-01
 -1.0799999999999999e+01   5.5681781238092976e-01   1.7959195589021151e+00   3.0178378629137068e+00   2.1549890363968402e+01   9.9999918353063932e-01
 -1.0750000000000000e+01   5.5680487130168832e-01   1.7959612990852938e+00   3.0179259848644819e+00   2.1550490428156522e+01   9.9999912985862738e-01
 -1.0699999999999999e+01   5.5679151118195003e-01   1.7960043928780678e+00   3.0180169602608888e+00   2.1551109922810280e+01   9.9999907265640109e-01
 -1.0650000000000000e+01   5.5677771842282975e-01   1.7960488843423457e+00   3.0181108817041915e+00   2.1551749478495633e+01   9.9999901169156546e-01
 -1.0600000000000000e+01   5.5676347898205480e-01   1.7960948189854804e+00   3.0182078448148895e+00   2.1552409746337943e+01   9.9999894671640577e-01
 -1.0549999999999999e+01   5.5674877835952163e-01   1.7961422438079389e+00   3.0183079483310693e+00   2.1553091398691713e+01   9.9999887746687810e-01
 -1.0500000000000000e+01   5.5673360158231167e-01   1.7961912073527908e+00   3.0184112942104409e+00   2.1553795129835372e+01   9.9999880366152871e-01
 -1.0449999999999999e+01   5.5671793318886020e-01   1.7962417597580091e+00   3.0185179877381363e+00   2.1554521656705365e+01   9.9999872500034415e-01
 -1.0400000000000000e+01   5.5670175721290571e-01   1.7962939528095629e+00   3.0186281376360085e+00   2.1555271719640384e+01   9.9999864116352566e-01
 -1.0350000000000000e+01   5.5668505716723027e-01   1.7963478399952746e+00   3.0187418561733499e+00   2.1556046083135335e+01   9.9999855181017971e-01
 -1.0299999999999999e+01   5.5666781602574888e-01   1.7964034765640997e+00   3.0188592592888539e+00   2.1556845536671805e+01   9.9999845657692554e-01
 -1.0250000000000000e+01   5.5665001620673404e-01   1.7964609195818479e+00   3.0189804667048481e+00   2.1557670895495946e+01   9.9999835507640633e-01
 -1.0199999999999999e+01   5.5663163955329964e-01   1.7965202279958541e+00   3.0191056020601876e+00   2.1558523001523405e+01   9.9999824689570405e-01
 -1.0150000000000000e+01   5.5661266731540116e-01   1.7965814626948764e+00   3.0192347930328256e+00   2.1559402724173964e+01   9.9999813159464812e-01
 -1.0100000000000000e+01   5.5659308012937891e-01   1.7966446865770449e+00   3.0193681714791105e+00   2.1560310961320088e+01   9.9999800870401256e-01
 -1.0049999999999999e+01   5.5657285799833489e-01   1.7967099646152556e+00   3.0195058735674127e+00   2.1561248640196833e+01   9.9999787772359239e-01
 -1.0000000000000000e+01   5.5655198027081598e-01   1.7967773639281708e+00   3.0196480399232781e+00   2.1562216718390289e+01   9.9999773812015269e-01
 -9.9499999999999993e+00   5.5653042561903343e-01   1.7968469538528673e+00   3.0197948157777428e+00   2.1563216184847516e+01   9.9999758932524163e-01
 -9.9000000000000004e+00   5.5650817201678371e-01   1.7969188060186132e+00   3.0199463511176807e+00   2.1564248060900322e+01   9.9999743073285707e-01
 -9.8499999999999996e+00   5.5648519671571273e-01   1.7969929944261613e+00   3.0201028008474329e+00   2.1565313401365888e+01   9.9999726169695835e-01
 -9.7999999999999989e+00   5.5646147622177478e-01   1.7970695955266007e+00   3.0202643249491063e+00   2.1566413295638316e+01   9.9999708152881361e-01
 -9.7500000000000000e+00   5.5643698627030713e-01   1.7971486883048746e+00   3.0204310886523071e+00   2.1567548868844412e+01   9.9999688949416821e-01
 -9.6999999999999993e+00   5.5641170180020305e-01   1.7972303543664168e+00   3.0206032626100057e+00   2.1568721283041249e+01   9.9999668481022619e-01
 -9.6500000000000004e+00   5.5638559692757528e-01   1.7973146780256608e+00   3.0207810230778751e+00   2.1569931738437365e+01   9.9999646664243014e-01
 -9.5999999999999996e+00   5.5635864491822196e-01   1.7974017463986527e+00   3.0209645521017854e+00   2.1571181474669487e+01   9.9999623410102612e-01
 -9.5499999999999989e+00   5.5633081815916985e-01   1.7974916494989022e+00   3.0211540377115766e+00   2.1572471772122050e+01   9.9999598623739960e-01
 -9.5000000000000000e+00   5.5630208812936788e-01   1.7975844803362491e+00   3.0213496741206227e+00   2.1573803953286088e+01   9.9999572204016607e-01
 -9.4499999999999993e+00   5.5627242536935040e-01   1.7976803350193495e+00   3.0215516619324077e+00   2.1575179384165942e+01   9.9999544043100186e-01
 -9.4000000000000004e+00   5.5624179944958896e-01   1.7977793128627111e+00   3.0217602083560338e+00   2.1576599475746729e+01   9.9999514026019476e-01
 -9.3499999999999996e+00   5.5621017893811220e-01   1.7978815164964230e+00   3.0219755274267119e+00   2.1578065685495798e+01   9.9999482030189868e-01
 -9.2999999999999989e+00   5.5617753136704928e-01   1.7979870519797214e+00   3.0221978402335852e+00   2.1579579518914052e+01   9.9999447924907114e-01
 -9.2500000000000000e+00   5.5614382319725331e-01   1.7980960289211370e+00   3.0224273751606234e+00   2.1581142531176340e+01   9.9999411570806773e-01
 -9.1999999999999993e+00   5.5610901978277361e-01   1.7982085605995357e+00   3.0226643681285488e+00   2.1582756328778839e+01   9.9999372819288146e-01
 -9.1500000000000004e+00   5.5607308533330124e-01   1.7983247640921447e+00   3.0229090628505619e+00   2.1584422571280403e+01   9.9999331511898970e-01
 -9.0999999999999996e+00   5.5603598287558542e-01   1.7984447604063651e+00   3.0231617110950761e+00   2.1586142973091654e+01   9.9999287479679155e-01
 -9.0499999999999989e+00   5.5599767421338986e-01   1.7985686746168001e+00   3.0234225729583937e+00   2.1587919305331763e+01   9.9999240542460444e-01
 -9.0000000000000000e+00   5.5595811988630317e-01   1.7986966360065144e+00   3.0236919171451841e+00   2.1589753397738360e+01   9.9999190508118962e-01
 -8.9499999999999993e+00   5.5591727912672950e-01   1.7988287782147447e+00   3.0239700212613574e+00   2.1591647140661848e+01   9.9999137171777674e-01
 -8.9000000000000004e+00   5.5587510981544619e-01   1.7989652393898441e+00   3.0242571721166920e+00   2.1593602487126137e+01   9.9999080314954969e-01
 -8.8499999999999996e+00   5.5583156843595638e-01   1.7991061623467708e+00   3.0245536660356684e+00   2.1595621454945260e+01   9.9999019704656267e-01
 -8.7999999999999989e+00   5.5578661002674290e-01   1.7992516947320534e+00   3.0248598091825980e+00   2.1597706128937325e+01   9.9998955092404151e-01
 -8.7500000000000000e+00   5.5574018813192394e-01   1.7994019891946627e+00   3.0251759178976290e+00   2.1599858663212544e+01   9.9998886213203164e-01
 -8.6999999999999993e+00   5.5569225475034256e-01   1.7995572035627396e+00   3.0255023190434214e+00   2.1602081283533916e+01   9.9998812784434943e-01
 -8.6500000000000004e+00   5.5564276028265380e-01   1.7997175010276441e+00   3.0258393503654570e+00   2.1604376289770720e+01   9.9998734504678510e-01
 -8.5999999999999996e+00   5.5559165347657191e-01   1.7998830503348586e+00   3.0261873608648755e+00   2.1606746058437366e+01   9.9998651052451049e-01
 -8.5499999999999989e+00   5.5553888137012519e-01   1.8000540259823050e+00   3.0265467111848783e+00   2.1609193045324592e+01   9.9998562084863407e-01
 -8.5000000000000000e+00   5.5548438923282817e-01   1.8002306084264335e+00   3.0269177740113191e+00   2.1611719788227251e+01   9.9998467236184463e-01
 -8.4499999999999993e+00   5.5542812050477164e-01   1.8004129842961545e+00   3.0273009344874637e+00   2.1614328909768652e+01   9.9998366116308413e-01
 -8.4000000000000004e+00   5.5537001673344888e-01   1.8006013466152824e+00   3.0276965906441742e+00   2.1617023120329847e+01   9.9998258309117938e-01
 -8.3499999999999996e+00   5.5531001750828679e-01   1.8007958950336731e+00   3.0281051538457153e+00   2.1619805221085358e+01   9.9998143370736181e-01
 -8.2999999999999989e+00   5.5524806039271046e-01   1.8009968360677022e+00   3.0285270492523599e+00   2.1622678107153277e+01   9.9998020827660061e-01
 -8.2500000000000000e+00   5.5518408085391435e-01   1.8012043833496194e+00   3.0289627162986101e+00   2.1625644770851700e+01   9.9997890174766402e-01
 -8.1999999999999993e+00   5.5511801218966039e-01   1.8014187578880834e+00   3.0294126091916636e+00   2.1628708305093017e+01   9.9997750873182256e-01
 -8.1500000000000004e+00   5.5504978545280659e-01   1.8016401883377100e+00   3.0298771974253347e+00   2.1631871906883443e+01   9.9997602348010139e-01
 -8.0999999999999996e+00   5.5497932937267236e-01   1.8018689112806456e+00   3.0303569663155145e+00   2.1635138880969230e+01   9.9997443985897705e-01
 -8.0499999999999989e+00   5.5490657027357815e-01   1.8021051715192045e+00   3.0308524175548746e+00   2.1638512643613890e+01   9.9997275132441366e-01
 -8.0000000000000000e+00   5.5483143199046503e-01   1.8023492223800064e+00   3.0313640697874500e+00   2.1641996726510826e+01   9.9997095089412180e-01
 -7.9499999999999993e+00   5.5475383578099113e-01   1.8026013260317242e+00   3.0318924592072212e+00   2.1645594780859344e+01   9.9996903111791613e-01
 -7.9000000000000004e+00   5.5467370023474805e-01   1.8028617538145071e+00   3.0324381401762981e+00   2.1649310581574166e+01   9.9996698404603901e-01
 -7.8499999999999996e+00   5.5459094117864838e-01   1.8031307865843298e+00   3.0330016858691842e+00   2.1653148031672536e+01   9.9996480119530695e-01
 -7.7999999999999989e+00   5.5450547157888019e-01   1.8034087150711673e+00   3.0335836889404137e+00   2.1657111166820464e+01   9.9996247351292600e-01
 -7.7500000000000000e+00   5.5441720143910500e-01   1.8036958402522365e+00   3.0341847622177704e+00   2.1661204160053195e+01   9.9995999133781632e-01
 -7.6999999999999993e+00   5.5432603769459099e-01   1.8039924737415196e+00   3.0348055394231843e+00   2.1665431326684139e+01   9.9995734435926376e-01
 -7.6500000000000004e+00   5.5423188410242863e-01   1.8042989381953134e+00   3.0354466759203063e+00   2.1669797129395445e+01   9.9995452157271625e-01
 -7.5999999999999996e+00   5.5413464112747313e-01   1.8046155677352067e+00   3.0361088494911792e+00   2.1674306183526745e+01   9.9995151123251946e-01
 -7.5499999999999989e+00   5.5403420582358742e-01   1.8049427083901288e+00   3.0367927611449121e+00   2.1678963262581775e+01   9.9994830080137265e-01
 -7.5000000000000000e+00   5.5393047171052479e-01   1.8052807185566495e+00   3.0374991359560437e+00   2.1683773303937212e+01   9.9994487689627609e-01
 -7.4499999999999993e+00   5.5382332864579076e-01   1.8056299694799798e+00   3.0382287239370949e+00   2.1688741414784293e+01   9.9994122523071705e-01
 -7.4000000000000004e+00   5.5371266269141084e-01   1.8059908457562388e+00   3.0389823009458135e+00   2.1693872878306664e+01   9.9993733055282563e-01
 -7.3499999999999996e+00   5.5359835597550244e-01   1.8063637458566648e+00   3.0397606696277926e+00   2.1699173160099129e+01   9.9993317657921299e-01
 -7.2999999999999989e+00   5.5348028654824255e-01   1.8067490826754817e+00   3.0405646603972585e+00   2.1704647914846294e+01   9.9992874592418246e-01
 -7.2500000000000000e+00   5.5335832823194031e-01   1.8071472841027698e+00   3.0413951324579958e+00   2.1710302993274535e+01   9.9992402002397585e-01
 -7.1999999999999993e+00   5.5323235046520658e-01   1.8075587936228092e+00   3.0422529748644718e+00   2.1716144449377687e+01   9.9991897905570404e-01
 -7.1500000000000004e+00   5.5310221814066851e-01   1.8079840709401631e+00   3.0431391076269136e+00   2.1722178547942057e+01   9.9991360185057010e-01
 -7.0999999999999996e+00   5.5296779143603436e-01   1.8084235926346479e+00   3.0440544828616698e+00   2.1728411772379758e+01   9.9990786580097524e-01
 -7.0500000000000007e+00   5.5282892563830643e-01   1.8088778528463967e+00   3.0450000859882271e+00   2.1734850832879786e+01   9.9990174676106125e-01
 -7.0000000000000000e+00   5.5268547096055898e-01   1.8093473639935118e+00   3.0459769369768561e+00   2.1741502674903820e+01   9.9989521894020938e-01
 -6.9499999999999993e+00   5.5253727235126471e-01   1.8098326575230017e+00   3.0469860916469975e+00   2.1748374488027565e+01   9.9988825478898125e-01
 -6.9000000000000004e+00   5.5238416929543266e-01   1.8103342846980977e+00   3.0480286430214107e+00   2.1755473715161759e+01   9.9988082487694419e-01
 -6.8499999999999996e+00   5.5222599560751640e-01   1.8108528174228329e+00   3.0491057227363578e+00   2.1762808062154825e+01   9.9987289776178778e-01
 -6.8000000000000007e+00   5.5206257921549473e-01   1.8113888491066432e+00   3.0502185025119020e+00   2.1770385507804800e+01   9.9986443984908502e-01
 -6.7500000000000000e+00   5.5189374193567176e-01   1.8119429955713451e+00   3.0513681956853986e+00   2.1778214314301632e+01   9.9985541524200372e-01
 -6.6999999999999993e+00   5.5171929923792840e-01   1.8125158960023093e+00   3.0525560588100134e+00   2.1786303038112216e+01   9.9984578558022363e-01
 -6.6500000000000004e+00   5.5153906000068764e-01   1.8131082139472647e+00   3.0537833933232754e+00   2.1794660541342392e+01   9.9983550986724967e-01
 -6.5999999999999996e+00   5.5135282625532700e-01   1.8137206383647122e+00   3.0550515472874973e+00   2.1803296003588276e+01   9.9982454428525669e-01
 -6.5500000000000007e+00   5.5116039291934715e-01   1.8143538847254084e+00   3.0563619172067544e+00   2.1812218934308941e+01   9.9981284199652365e-01
 -6.5000000000000000e+00   5.5096154751778048e-01   1.8150086961699052e+00   3.0577159499239492e+00   2.1821439185744424e+01   9.9980035293045066e-01
 -6.4499999999999993e+00   5.5075606989224068e-01   1.8156858447255191e+00   3.0591151446020275e+00   2.1830966966406766e+01   9.9978702355506244e-01
 -6.4000000000000004e+00   5.5054373189700689e-01   1.8163861325862398e+00   3.0605610547934869e+00   2.1840812855172288e+01   9.9977279663182161e-01
 -6.3499999999999996e+00   5.5032429708135655e-01   1.8171103934598152e+00   3.0620552906035243e+00   2.1850987816011482e+01   9.9975761095247750e-01
 -6.3000000000000007e+00   5.5009752035758430e-01   1.8178594939856518e+00   3.0635995209506510e+00   2.1861503213382608e+01   9.9974140105657472e-01
 -6.2500000000000000e+00   5.4986314765382294e-01   1.8186343352283894e+00   3.0651954759308011e+00   2.1872370828330038e+01   9.9972409692813136e-01
 -6.1999999999999993e+00   5.4962091555096926e-01   1.8194358542515559e+00   3.0668449492896750e+00   2.1883602875319607e+01   9.9970562366988247e-01
 -6.1500000000000004e+00   5.4937055090273978e-01   1.8202650257768174e+00   3.0685498010099601e+00   2.1895212019856235e+01   9.9968590115334310e-01
 -6.1000000000000014e+00   5.4911177043805370e-01   1.8211228639339681e+00   3.0703119600188939e+00   2.1907211396921014e+01   9.9966484364281127e-01
 -6.0500000000000007e+00   5.4884428034479671e-01   1.8220104241075024e+00   3.0721334270226155e+00   2.1919614630271639e+01   9.9964235939127044e-01
 -6.0000000000000000e+00   5.4856777583380434e-01   1.8229288048865686e+00   3.0740162774752076e+00   2.1932435852660024e+01   9.9961835020598067e-01
 -5.9499999999999993e+00   5.4828194068214264e-01   1.8238791501245768e+00   3.0759626646887157e+00   2.1945689727009924e+01   9.9959271098137026e-01
 -5.8999999999999986e+00   5.4798644675445896e-01   1.8248626511160388e+00   3.0779748230924993e+00   2.1959391468611365e+01   9.9956532919662888e-01
 -5.8500000000000014e+00   5.4768095350116808e-01   1.8258805488985610e+00   3.0800550716503188e+00   2.1973556868389245e+01   9.9953608437519137e-01
 -5.8000000000000007e+00   5.4736510743219635e-01   1.8269341366884129e+00   3.0822058174438629e+00   2.1988202317305252e+01   9.9950484750306190e-01
 -5.7500000000000000e+00   5.4703854156489473e-01   1.8280247624588455e+00   3.0844295594321691e+00   2.2003344831957559e+01   9.9947148040266143e-01
 -5.6999999999999993e+00   5.4670087484465735e-01   1.8291538316710132e+00   3.0867288923969096e+00   2.2019002081446121e+01   9.9943583505860767e-01
 -5.6499999999999986e+00   5.4635171153665629e-01   1.8303228101682394e+00   3.0891065110843545e+00   2.2035192415577306e+01   9.9939775289151633e-01
 -5.6000000000000014e+00   5.4599064058696811e-01   1.8315332272453395e+00   3.0915652145557670e+00   2.2051934894487772e+01   9.9935706397557633e-01
 -5.5500000000000007e+00   5.4561723495147996e-01   1.8327866789049045e+00   3.0941079107571996e+00   2.2069249319762381e+01   9.9931358619528488e-01
 -5.5000000000000000e+00   5.4523105089043711e-01   1.8340848313148395e+00   3.0967376213232538e+00   2.2087156267145303e+01   9.9926712433631493e-01
 -5.4499999999999993e+00   5.4483162722684397e-01   1.8354294244809761e+00   3.0994574866269811e+00   2.2105677120927155e+01   9.9921746910505216e-01
 -5.3999999999999986e+00   5.4441848456632502e-01   1.8368222761513762e+00   3.1022707710922193e+00   2.2124834110119238e+01   9.9916439607084095e-01
 -5.3500000000000014e+00   5.4399112447639542e-01   1.8382652859686344e+00   3.1051808687823281e+00   2.2144650346509898e+01   9.9910766452446242e-01
 -5.3000000000000007e+00   5.4354902862241694e-01   1.8397604398897056e+00   3.1081913092838769e+00   2.2165149864729326e+01   9.9904701624576253e-01
 -5.2500000000000000e+00   5.4309165785783398e-01   1.8413098148927407e+00   3.1113057639016573e+00   2.2186357664434361e+01   9.9898217417273183e-01
 -5.1999999999999993e+00   5.4261845126573605e-01   1.8429155839934217e+00   3.1145280521851406e+00   2.2208299754750222e+01   9.9891284096361244e-01
 -5.1499999999999986e+00   5.4212882514884553e-01   1.8445800215943924e+00   3.1178621488061307e+00   2.2231003201103722e+01   9.9883869744285569e-01
 -5.1000000000000014e+00   5.4162217196465734e-01   1.8463055091940610e+00   3.1213121908099017e+00   2.2254496174599698e+01   9.9875940092089299e-01
 -5.0500000000000007e+00   5.4109785920237352e-01   1.8480945414829197e+00   3.1248824852626855e+00   2.2278808004096380e+01   9.9867458337675818e-01
 -5.0000000000000000e+00   5.4055522819790236e-01   1.8499497328585464e+00   3.1285775173209043e+00   2.2303969231152639e+01   9.9858384949157075e-01
 -4.9499999999999993e+00   5.3999359288310667e-01   1.8518738243927122e+00   3.1324019587481322e+00   2.2330011668024007e+01   9.9848677451976875e-01
 -4.8999999999999986e+00   5.3941223846501818e-01   1.8538696912877919e+00   3.1363606769089523e+00   2.2356968458906124e+01   9.9838290198372881e-01
 -4.8500000000000014e+00   5.3881042003061552e-01   1.8559403508625156e+00   3.1404587442696847e+00   2.2384874144629713e+01   9.9827174117605322e-01
 -4.8000000000000007e+00   5.3818736107234943e-01   1.8580889711112489e+00   3.1447014484387865e+00   2.2413764731030405e+01   9.9815276445229251e-01
 -4.7500000000000000e+00   5.3754225192931560e-01   1.8603188798849910e+00   3.1490943027816436e+00   2.2443677761229925e+01   9.9802540429521180e-01
 -4.6999999999999993e+00   5.3687424813855322e-01   1.8626335747471465e+00   3.1536430576473635e+00   2.2474652392084632e+01   9.9788905012987428e-01
 -4.6499999999999986e+00   5.3618246869067421e-01   1.8650367335618800e+00   3.1583537122470227e+00   2.2506729475070149e+01   9.9774304486679555e-01
 -4.6000000000000014e+00   5.3546599418349761e-01   1.8675322258789646e+00   3.1632325272264468e+00   2.2539951641895392e+01   9.9758668114818361e-01
 -4.5500000000000007e+00   5.3472386486699375e-01   1.8701241251851330e+00   3.1682860379791142e+00   2.2574363395156446e+01   9.9741919726981065e-01
 -4.5000000000000000e+00   5.3395507857236835e-01   1.8728167220989684e+00   3.1735210687480042e+00   2.2610011204362742e+01   9.9723977274833642e-01
 -4.4499999999999993e+00   5.3315858851759590e-01   1.8756145385942646e+00   3.1789447475687616e+00   2.2646943607692169e+01   9.9704752350087666e-01
 -4.3999999999999986e+00   5.3233330098119180e-01   1.8785223433454366e+00   3.1845645221100880e+00   2.2685211319855796e+01   9.9684149660027521e-01
 -4.3500000000000014e+00   5.3147807283545345e-01   1.8815451682982258e+00   3.1903881764710729e+00   2.2724867346478892e+01   9.9662066456583753e-01
 -4.3000000000000007e+00   5.3059170892975416e-01   1.8846883265799230e+00   3.1964238489995878e+00   2.2765967105434807e+01   9.9638391914518443e-01
 -4.2500000000000000e+00   5.2967295931392233e-01   1.8879574318751053e+00   3.2026800511996134e+00   2.2808568555593968e+01   9.9613006453835207e-01
 -4.1999999999999993e+00   5.2872051629093619e-01   1.8913584194068522e+00   3.2091656878008439e+00   2.2852732333487307e+01   9.9585781001023421e-01
 -4.1499999999999986e+00   5.2773301128759853e-01   1.8948975686780190e+00   3.2158900780677437e+00   2.2898521898409761e+01   9.9556576183188672e-01
 -4.1000000000000014e+00   5.2670901153096150e-01   1.8985815281446292e+00   3.2228629784313516e+00   2.2946003686530968e+01   9.9525241448503798e-01
 -4.0500000000000007e+00   5.2564701651760393e-01   1.9024173420120800e+00   3.2300946065316465e+00   2.2995247274611131e+01   9.9491614105729431e-01
 -4.0000000000000000e+00   5.2454545426196342e-01   1.9064124793665445e+00   3.2375956667644323e+00   2.3046325553961914e+01   9.9455518274792587e-01
 -3.9499999999999993e+00   5.2340267730914691e-01   1.9105748658777908e+00   3.2453773774320078e+00   2.3099314915328204e+01   9.9416763739569769e-01
 -3.8999999999999986e+00   5.2221695849671435e-01   1.9149129183369709e+00   3.2534514996031900e+00   2.3154295445409723e+01   9.9375144693085127e-01
 -3.8500000000000014e+00   5.2098648644909229e-01   1.9194355823233316e+00   3.2618303677939906e+00   2.3211351135780326e+01   9.9330438364298579e-01
 -3.8000000000000007e+00   5.1970936078735919e-01   1.9241523733284329e+00   3.2705269225864626e+00   2.3270570105005202e+01   9.9282403514508677e-01
 -3.7500000000000000e+00   5.1838358703627307e-01   1.9290734217054342e+00   3.2795547453091660e+00   2.3332044834796609e+01   9.9230778790122842e-01
 -3.6999999999999993e+00   5.1700707120959211e-01   1.9342095218550792e+00   3.2889280949082891e+00   2.3395872421086864e+01   9.9175280917136011e-01
 -3.6499999999999986e+00   5.1557761405385849e-01   1.9395721861103488e+00   3.2986619471444576e+00   2.3462154840938009e+01   9.9115602721098905e-01
 -3.6000000000000014e+00   5.1409290493020954e-01   1.9451737038381314e+00   3.3087720362543847e+00   2.3530999236235761e+01   9.9051410954631325e-01
 -3.5500000000000007e+00   5.1255051531311102e-01   1.9510272063410410e+00   3.3192748992210834e+00   2.3602518215146397e+01   9.8982343912630877e-01
 -3.5000000000000000e+00   5.1094789188450151e-01   1.9571467382158170e+00   3.3301879227991145e+00   2.3676830172333990e+01   9.8908008813226012e-01
 -3.4499999999999993e+00   5.0928234920168758e-01   1.9635473359081150e+00   3.3415293934423684e+00   2.3754059628942375e+01   9.8827978920211490e-01
 -3.3999999999999986e+00   5.0755106191744359e-01   1.9702451142987785e+00   3.3533185502810983e+00   2.3834337593340905e+01   9.8741790380165828e-01
 -3.3500000000000014e+00   5.0575105653125796e-01   1.9772573622655298e+00   3.3655756412915987e+00   2.3917801943610463e+01   9.8648938744670878e-01
 -3.3000000000000007e+00   5.0387920265190667e-01   1.9846026482875638e+00   3.3783219827934907e+00   2.4004597832688706e+01   9.8548875145026837e-01
 -3.2500000000000000e+00   5.0193220375314274e-01   1.9923009373031062e+00   3.3915800223986188e+00   2.4094878117018990e+01   9.8441002083560059e-01
 -3.1999999999999993e+00   4.9990658740708688e-01   2.0003737201919969e+00   3.4053734055165310e+00   2.4188803809417731e+01   9.8324668802070536e-01
 -3.1499999999999986e+00   4.9779869498365398e-01   2.0088441574416676e+00   3.4197270454959710e+00   2.4286544556701145e+01   9.8199166184152675e-01
 -3.1000000000000014e+00   4.9560467080960774e-01   2.0177372387681989e+00   3.4346671974460214e+00   2.4388279142368429e+01   9.8063721144070803e-01
 -3.0500000000000007e+00   4.9332045078785064e-01   2.0270799607090355e+00   3.4502215357327608e+00   2.4494196014313282e+01   9.7917490450611611e-01
 -3.0000000000000000e+00   4.9094175048687233e-01   2.0369015244849087e+00   3.4664192350838610e+00   2.4604493837103622e+01   9.7759553929925580e-01
 -2.9499999999999993e+00   4.8846405272240051e-01   2.0472335567512294e+00   3.4832910551510219e+00   2.4719382067807313e+01   9.7588906986895618e-01
 -2.8999999999999986e+00   4.8588259466893580e-01   2.0581103562299172e+00   3.5008694282736470e+00   2.4839081553616701e+01   9.7404452380162698e-01
 -2.8500000000000014e+00   4.8319235455896403e-01   2.0695691696379477e+00   3.5191885500502207e+00   2.4963825148592111e+01   9.7204991181778422e-01
 -2.8000000000000007e+00   4.8038803805310715e-01   2.0816505008175277e+00   3.5382844721504179e+00   2.5093858345663559e+01   9.6989212848804551e-01
 -2.7500000000000000e+00   4.7746406439683770e-01   2.0943984575326358e+00   3.5581951965806082e+00   2.5229439918529291e+01   9.6755684331392577e-01
 -2.6999999999999993e+00   4.7441455252009918e-01   2.1078611410378980e+00   3.5789607703381363e+00   2.5370842566201720e+01   9.6502838140445635e-01
 -2.6499999999999986e+00   4.7123330728724983e-01   2.1220910842586722e+00   3.6006233790419824e+00   2.5518353550583029e+01   9.6228959298536576e-01
 -2.6000000000000014e+00   4.6791380616870398e-01   2.1371457452560292e+00   3.6232274376918818e+00   2.5672275314487091e+01   9.5932171101219343e-01
 -2.5500000000000007e+00   4.6444918668528568e-01   2.1530880635982417e+00   3.6468196761656788e+00   2.5832926063831540e+01   9.5610419623378229e-01
 -2.5000000000000000e+00   4.6083223507532761e-01   2.1699870883306156e+00   3.6714492163904326e+00   2.6000640293132435e+01   9.5261456918355192e-01
 -2.4499999999999993e+00   4.5705537675720814e-01   2.1879186874355683e+00   3.6971676372875253e+00   2.6175769227746361e+01   9.4882822878281714e-01
 -2.3999999999999986e+00   4.5311066931147098e-01   2.2069663500079582e+00   3.7240290225607424e+00   2.6358681149282127e+01   9.4471825754937033e-01
 -2.3500000000000014e+00   4.4898979889311702e-01   2.2272220938321410e+00   3.7520899851266813e+00   2.6549761561959006e+01   9.4025521384940181e-01
 -2.3000000000000007e+00   4.4468408121321190e-01   2.2487874926211533e+00   3.7814096604305170e+00   2.6749413147090635e+01   9.3540691225495320e-01
 -2.2500000000000000e+00   4.4018446850796406e-01   2.2717748388296610e+00   3.8120496589902428e+00   2.6958055439936217e+01   9.3013819392773889e-01
 -2.1999999999999993e+00   4.3548156425232504e-01   2.2963084596173258e+00   3.8440739662047840e+00   2.7176124147446391e+01   9.2441069011304666e-01
 -2.1499999999999986e+00   4.3056564778407197e-01   2.3225262051130899e+00   3.8775487746769302e+00   2.7404070006470533e+01   9.1818258338130032e-01
 -2.1000000000000014e+00   4.2542671149413080e-01   2.3505811294451266e+00   3.9125422309667748e+00   2.7642357059280695e+01   9.1140837330653390e-01
 -2.0500000000000007e+00   4.2005451381969833e-01   2.3806433857992868e+00   3.9491240747363952e+00   2.7891460196336475e+01   9.0403865594912702e-01
 -2.0000000000000000e+00   4.1443865195696050e-01   2.4129023566649619e+00   3.9873651436144395e+00   2.8151861784672981e+01   8.9601992996588009e-01
 -1.9499999999999993e+00   4.0856865899377248e-01   2.4475690388558227e+00   4.0273367117736099e+00   2.8424047163960978e+01   8.8729444657540890e-01
 -1.8999999999999986e+00   4.0243413104520459e-01   2.4848786990377616e+00   4.0691096242043843e+00   2.8708498751365763e+01   8.7780012614479908e-01
 -1.8500000000000014e+00   3.9602489093781063e-01   2.5250938081996317e+00   4.1127531821111472e+00   2.9005688451680395e+01   8.6747057101438696e-01
 -1.8000000000000007e+00   3.8933119599027310e-01   2.5685072511502098e+00   4.1583337280351538e+00   2.9316068022756429e+01   8.5623521248585455e-01
 -1.7500000000000000e+00   3.8234399840178812e-01   2.6154457875108190e+00   4.2059128727464339e+00   2.9640057001569286e+01   8.4401963972038629e-01
 -1.6999999999999993e+00   3.7505526755563534e-01   2.6662737108515904e+00   4.2555453005258048e+00   2.9978027759341838e+01   8.3074616950986224e-01
 -1.6499999999999986e+00   3.6745838396928632e-01   2.7213966087751156e+00   4.3072760865716049e+00   3.0330287234493600e+01   8.1633472807099949e-01
 -1.6000000000000014e+00   3.5954861436704294e-01   2.7812650641427763e+00   4.3611374620046153e+00   3.0697054904023823e+01   8.0070412825142079e-01
 -1.5500000000000007e+00   3.5132367597654451e-01   2.8463780507259728e+00   4.4171449713053139e+00   3.1078436617677930e+01   7.8377383615691876e-01
 -1.5000000000000000e+00   3.4278439505684527e-01   2.9172856595008243e+00   4.4752929880836305e+00   3.1474394062695502e+01   7.6546632746541621e-01
 -1.4499999999999993e+00   3.3393545908326200e-01   2.9945906395962112e+00   4.5355495930953200e+00   3.1884709885792653e+01   7.4571013141227360e-01
 -1.3999999999999986e+00   3.2478625303265929e-01   3.0789480486399889e+00   4.5978508795785222e+00   3.2308948915495819e+01   7.2444364372099246e-01
 -1.3500000000000014e+00   3.1535175688864781e-01   3.1710620859268106e+00   4.6620948417148877e+00   3.2746416545772881e+01   7.0161975095802398e-01
 -1.3000000000000007e+00   3.0565346307880004e-01   3.2716789462391649e+00   4.7281351273641317e+00   3.3196116195437568e+01   6.7721123902560321e-01
 -1.2500000000000000e+00   2.9572024895044463e-01   3.3815743208290590e+00   4.7957750969622470e+00   3.3656708852367586e+01   6.5121684924005419e-01
 -1.1999999999999993e+00   2.8558911174344437e-01   3.5015340532251744e+00   4.8647628187430216e+00   3.4126478993592499e+01   6.2366769167976333e-01
 -1.1499999999999986e+00   2.7530564507727107e-01   3.6323265355467966e+00   4.9347878241113854e+00   3.4603312491090875e+01   5.9463353092858251e-01
 -1.1000000000000014e+00   2.6492411287234796e-01   3.7746658435800589e+00   5.0054806042779116e+00   3.5084693184135674e+01   5.6422824317998932e-01
 -1.0500000000000007e+00   2.5450696818499191e-01   3.9291655043139571e+00   5.0764158867400644e+00   3.5567725190410179e+01   5.3261354715705678e-01
 -1.0000000000000000e+00   2.4412368218442115e-01   4.0962842730045281e+00   5.1471206093335580e+00   3.6049187205108431e+01   5.0000000000008527e-01
 -9.4999999999999929e-01   2.3384880319903525e-01   4.2762673416330124e+00   5.2170871371074732e+00   3.6525622500911005e+01   4.6664430489603759e-01
 -8.9999999999999858e-01   2.2375926212679820e-01   4.4690887451770713e+00   5.2857916110638845e+00   3.6993463873262016e+01   4.3284227366615036e-01
 -8.5000000000000142e-01   2.1393107088310037e-01   4.6744028152247035e+00   5.3527164299933894e+00   3.7449186729857736e+01   3.9891735170041631e-01
 -8.0000000000000071e-01   2.0443570071434392e-01   4.8915135492762616e+00   5.4173749122568626e+00   3.7889477024423819e+01   3.6520538313359863e-01
 -7.5000000000000000e-01   1.9533653864210199e-01   5.1193699189694986e+00   5.4793354255390492e+00   3.8311395567660199e+01   3.3203710379068169e-01
 -6.9999999999999929e-01   1.8668586177038726e-01   5.3565920338945743e+00   5.5382419902264637e+00   3.8712518325420163e+01   2.9972045830062949e-01
 -6.5000000000000213e-01   1.7852271469447270e-01   5.6015280840391641e+00   5.5938287331381682e+00   3.9091034841023408e+01   2.6852502134063949e-01
 -6.0000000000000142e-01   1.7087192961692854e-01   5.8523363213715855e+00   5.6459265600207633e+00   3.9445793671441379e+01   2.3867045937190157e-01
 -5.5000000000000071e-01   1.6374433019439635e-01   6.1070816852883123e+00   5.6944617674589466e+00   3.9776292935137455e+01   2.1032018282138981e-01
 -5.0000000000000000e-01   1.5713796574578609e-01   6.3638344511712415e+00   5.7394476385661122e+00   4.0082623083135303e+01   1.8358035266039160e-01
 -4.4999999999999929e-01   1.5104008416347309e-01   6.6207590226027948e+00   5.7809710084956043e+00   4.0365375417208583e+01   1.5850351370314003e-01
 -4.0000000000000213e-01   1.4542949632440005e-01   6.8761841667206598e+00   5.8191761640433075e+00   4.0625532454633259e+01   1.3509554992357883e-01
 -3.5000000000000142e-01   1.4027900778284477e-01   7.1286503647646535e+00   5.8542482850974338e+00   4.0864355173160050e+01   1.1332447005765978e-01
 -3.0000000000000071e-01   1.3555766893128920e-01   7.3769341704073934e+00   5.8863981222251764e+00   4.1083278673429440e+01   9.3129673747729180e-02
 -2.5000000000000000e-01   1.3123268998712337e-01   7.6200525958747063e+00   5.9158489566193309e+00   4.1283823383059044e+01   7.4430684575616621e-02
 -1.9999999999999929e-01   1.2727095559082452e-01   7.8572522329053216e+00   5.9428262864804191e+00   4.1467524826324365e+01   5.7134727462244274e-02
 -1.5000000000000213e-01   1.2364014071451460e-01   8.0879882069125308e+00   5.9675502282656794e+00   4.1635881880656534e+01   4.1142874995281117e-02
 -1.0000000000000142e-01   1.2030947119753410e-01   8.3118975592380160e+00   5.9902303378413739e+00   4.1790321511410355e+01   2.6354742641270624e-02
 -5.0000000000000711e-02   1.1725019185459687e-01   8.5287706926749429e+00   6.0110624229121781e+00   4.1932177066183129e+01   1.2671869904713872e-02
  0.0000000000000000e+00   1.1443580900050836e-01   8.7385234458870968e+00   6.0302268915552721e+00   4.2062677029199385e+01   0.0000000000000000e+00
