# Columns: x, rho, u, p, lamdatime_step 10000
# time   5.0000000000000000e+01
 -1.2150000000000000e+01   1.7232711580641391e-01  -3.5260366621780842e-01   2.4010830187294960e+00   1.2124768225968409e-13
 -1.2100000000000000e+01   1.7232711580641391e-01  -3.5260366621780842e-01   2.4010830187294960e+00   1.2124768225968409e-13
 -1.2050000000000001e+01   1.7232711580641391e-01  -3.5260366621780842e-01   2.4010830187294960e+00   1.2124768225968409e-13
 -1.2000000000000000e+01   1.7232711580641391e-01  -3.5260366621780842e-01   2.4010830187294960e+00   1.2124768225968409e-13
 -1.1950000000000001e+01   1.6972313698925140e-01  -3.4612901541074459e-01   2.3569940442209520e+00   1.3298536321249980e-13
 -1.1900000000000000e+01   1.6816078432191092e-01  -3.4221785231349583e-01   2.3303611426620439e+00   1.4523569656034263e-13
 -1.1850000000000000e+01   1.6566308679399627e-01  -3.3632882993968793e-01   2.2902600788976359e+00   1.6086810582950653e-13
 -1.1800000000000001e+01   1.6342633520650332e-01  -3.3104843630415476e-01   2.2543034622468059e+00   1.8033871087712243e-13
 -1.1750000000000000e+01   1.6076375688168157e-01  -3.2494404525288390e-01   2.2127358374113633e+00   2.0408888418149068e-13
 -1.1700000000000001e+01   1.5805899211855717e-01  -3.1881694837483815e-01   2.1710135892797240e+00   2.3290874188234315e-13
 -1.1650000000000000e+01   1.5510096282605404e-01  -3.1222743982053175e-01   2.1261425621466730e+00   2.6760440406197708e-13
 -1.1600000000000000e+01   1.5200641308753826e-01  -3.0542403052284051e-01   2.0798149950167035e+00   3.0909299594236407e-13
 -1.1550000000000001e+01   1.4871224608382652e-01  -2.9827519296508098e-01   2.0311352544371997e+00   3.5841518482599190e-13
 -1.1500000000000000e+01   1.4525462770007228e-01  -2.9085932777058204e-01   1.9806372006312452e+00   4.1673346519562815e-13
 -1.1450000000000001e+01   1.4161555761167752e-01  -2.8313989993185740e-01   1.9280720316470816e+00   4.8534783144840905e-13
 -1.1400000000000000e+01   1.3780709663811641e-01  -2.7514373492646171e-01   1.8736223854986145e+00   5.6570310806004908e-13
 -1.1350000000000000e+01   1.3382528159768492e-01  -2.6686351825483934e-01   1.8172384219869846e+00   6.5939835670451783e-13
 -1.1300000000000001e+01   1.2967523943845977e-01  -2.5831088443193573e-01   1.7589993592472482e+00   7.6819393213662163e-13
 -1.1250000000000000e+01   1.2535757773841366e-01  -2.4948763577932634e-01   1.6989175255554443e+00   8.9401756618489724e-13
 -1.1200000000000001e+01   1.2087572427384130e-01  -2.4040125023572548e-01   1.6370439758279254e+00   1.0389682878040198e-12
 -1.1150000000000000e+01   1.1623199650250958e-01  -2.3105657174100813e-01   1.5734118763083571e+00   1.2053158948913750e-12
 -1.1100000000000000e+01   1.1142968887434368e-01  -2.2146022981878721e-01   1.5080665310265053e+00   1.3954726604223289e-12
 -1.1050000000000001e+01   1.0647196967951555e-01  -2.1161831175000270e-01   1.4410494806869587e+00   1.6118383271829967e-12
 -1.1000000000000000e+01   1.0136245480049454e-01  -2.0153757124115865e-01   1.3724067513465406e+00   1.8563563189496632e-12
 -1.0949999999999999e+01   9.6104911864908174e-02  -1.9122479839739878e-01   1.3021845887095844e+00   2.1307905368461945e-12
 -1.0900000000000000e+01   9.0703405862026756e-02  -1.8068713464303887e-01   1.2304315540206245e+00   2.4379011308552361e-12
 -1.0850000000000000e+01   8.5162223198103945e-02  -1.6993191175533937e-01   1.1571974394015669e+00   2.7801606933301601e-12
 -1.0800000000000001e+01   7.9485906085025787e-02  -1.5896671708280638e-01   1.0825337766091847e+00   3.1599923480645786e-12
 -1.0750000000000000e+01   7.3679234687429818e-02  -1.4779935049983237e-01   1.0064936008247314e+00   3.5796512695639180e-12
 -1.0699999999999999e+01   6.7747230055010682e-02  -1.3643783284817868e-01   9.2913152043470759e-01   4.0410893779680437e-12
 -1.0650000000000000e+01   6.1695145921337062e-02  -1.2489039725704183e-01   8.5050363325285017e-01   4.5458279039519574e-12
 -1.0600000000000000e+01   5.5528462688225054e-02  -1.1316548728425857e-01   7.7066748096661997e-01   5.0947899773930233e-12
 -1.0550000000000001e+01   4.9252880922735214e-02  -1.0127175297930679e-01   6.8968200325872286e-01   5.6880747985507880e-12
 -1.0500000000000000e+01   4.2874314280480025e-02  -8.9218044392164811e-02   6.0760749028193506e-01   6.3247130607805356e-12
 -1.0449999999999999e+01   3.6398882934033254e-02  -7.7013405970894441e-02   5.2450554893658607e-01   7.0023545785168930e-12
 -1.0400000000000000e+01   2.9832905734673624e-02  -6.4667069216223130e-02   4.4043905732173888e-01   7.7169044730545852e-12
 -1.0350000000000000e+01   2.3182892355483927e-02  -5.2188446502883248e-02   3.5547212518197274e-01   8.4620822731830476e-12
 -1.0300000000000001e+01   1.6455534461721457e-02  -3.9587123871954788e-02   2.6967004644861142e-01   9.2288975493311180e-12
 -1.0250000000000000e+01   9.6576966502129637e-03  -2.6872854315384886e-02   1.8309925437986380e-01   1.0005039687166542e-11
 -1.0199999999999999e+01   2.7964066826484486e-03  -1.4055550491844366e-02   9.5827272231844091e-02   1.0774156151634487e-11
 -1.0150000000000000e+01  -4.1211546306020646e-03  -1.1452775803727526e-03   7.9226643763051271e-03   1.1515006067182477e-11
 -1.0100000000000000e+01  -1.1087664093773189e-02   1.1847754202452302e-02  -8.0545015240083326e-02   1.2200480530213223e-11
 -1.0050000000000001e+01  -1.8095667160409837e-02   2.4913197127331983e-02  -1.6950527504018847e-01   1.2796477295045973e-11
 -1.0000000000000000e+01  -2.5137589382356138e-02   3.8040573776035591e-02  -2.5888673906771370e-01   1.3260565461393295e-11
 -9.9499999999999993e+00  -3.2205748211687604e-02   5.1219284976611074e-02  -3.4861720098946480e-01   1.3540501417883300e-11
 -9.9000000000000004e+00  -3.9292365157173444e-02   6.4438617952599420e-02  -4.3862367919440404e-01   1.3572478336774825e-11
 -9.8499999999999996e+00  -4.6389578257064946e-02   7.7687754598830094e-02  -5.2883247279811929e-01   1.3279163569559560e-11
 -9.8000000000000007e+00  -5.3489454864019820e-02   9.0955779894023966e-02  -6.1916921885280707e-01   1.2567454426847999e-11
 -9.7500000000000000e+00  -6.0584004696066944e-02   1.0423169043456826e-01  -7.0955895049182138e-01   1.1325947171556029e-11
 -9.6999999999999993e+00  -6.7665193115222247e-02   1.1750440313030573e-01  -7.9992615584834659e-01   9.4220599515314893e-12
 -9.6500000000000004e+00  -7.4724954614724184e-02   1.3076276400492517e-01  -8.9019483789444598e-01   6.6988543583133529e-12
 -9.5999999999999996e+00  -8.1755206484206588e-02   1.4399555711166523e-01  -9.8028857517215917e-01   2.9714392703092563e-12
 -9.5500000000000007e+00  -8.8747862604378044e-02   1.5719151356953845e-01  -1.0701305831755132e+00  -1.9769918320998599e-12
 -9.5000000000000000e+00  -9.5694847345648038e-02   1.7033932071224345e-01  -1.1596437764398819e+00  -8.3995606378769683e-12
 -9.4499999999999993e+00  -1.0258810953476021e-01   1.8342763132992709e-01  -1.2487508312958333e+00  -1.6590512660354567e-11
 -9.4000000000000004e+00  -1.0941963645395889e-01   1.9644507300925834e-01  -1.3373742492269225e+00  -2.6890493186842294e-11
 -9.3499999999999996e+00  -1.1618146784053203e-01   2.0938025754440698e-01  -1.4254364208460912e+00  -3.9692216793880661e-11
 -9.3000000000000007e+00  -1.2286570984738338e-01   2.2222179043046331e-01  -1.5128596903876048e+00  -5.5446605888970388e-11
 -9.2500000000000000e+00  -1.2946454892333933e-01   2.3495828043128153e-01  -1.5995664206035081e+00  -7.4669298615022351e-11
 -9.1999999999999993e+00  -1.3597026558083564e-01   2.4757834921103108e-01  -1.6854790580717960e+00  -9.7947491556262807e-11
 -9.1500000000000004e+00  -1.4237524801547985e-01   2.6007064101797728e-01  -1.7705201988784067e+00  -1.2594707013420511e-10
 -9.0999999999999996e+00  -1.4867200554242488e-01   2.7242383240707391e-01  -1.8546126546483417e+00  -1.5941985317167199e-10
 -9.0500000000000007e+00  -1.5485318180889057e-01   2.8462664200668403e-01  -1.9376795188055671e+00  -1.9921086324266720e-10
 -9.0000000000000000e+00  -1.6091156774549792e-01   2.9666784032121535e-01  -2.0196442329896667e+00  -2.4626539674829583e-10
 -8.9499999999999993e+00  -1.6684011422467712e-01   3.0853625955337627e-01  -2.1004306536329707e+00  -3.0163559465579063e-10
 -8.9000000000000004e+00  -1.7263194439093668e-01   3.2022080344049952e-01  -2.1799631186356709e+00  -3.6648624033956617e-10
 -8.8499999999999996e+00  -1.7828036562377303e-01   3.3171045710522412e-01  -2.2581665140192917e+00  -4.4209929570545526e-10
 -8.8000000000000007e+00  -1.8377888110724278e-01   3.4299429689561728e-01  -2.3349663406035743e+00  -5.2987666145662251e-10
 -8.7500000000000000e+00  -1.8912120096838497e-01   3.5406150022054617e-01  -2.4102887805837612e+00  -6.3134050131639866e-10
 -8.6999999999999993e+00  -1.9430125295351278e-01   3.6490135536689827e-01  -2.4840607639538268e+00  -7.4813030930670510e-10
 -8.6500000000000004e+00  -1.9931319261302677e-01   3.7550327128974309e-01  -2.5562100347394519e+00  -8.8199567751134290e-10
 -8.5999999999999996e+00  -2.0415141296123257e-01   3.8585678737710172e-01  -2.6266652169200024e+00  -1.0347836129329084e-09
 -8.5500000000000007e+00  -2.0881055358867029e-01   3.9595158316573520e-01  -2.6953558800583002e+00  -1.2084188510608456e-09
 -8.5000000000000000e+00  -2.1328550920075584e-01   4.0577748800330188e-01  -2.7622126045857480e+00  -1.4048754551876330e-09
 -8.4499999999999993e+00  -2.1757143755308186e-01   4.1532449065589672e-01  -2.8271670466158731e+00  -1.6261375600498046e-09
 -8.4000000000000004e+00  -2.2166376676136654e-01   4.2458274885032982e-01  -2.8901520022448999e+00  -1.8741467301988086e-09
 -8.3499999999999996e+00  -2.2555820196573076e-01   4.3354259874029144e-01  -2.9511014712992441e+00  -2.1507329490213885e-09
 -8.3000000000000007e+00  -2.2925073132878310e-01   4.4219456429000126e-01  -3.0099507204603175e+00  -2.4575256831183982e-09
 -8.2500000000000000e+00  -2.3273763135191186e-01   4.5052936656065834e-01  -3.0666363457385661e+00  -2.7958408378802129e-09
 -8.1999999999999993e+00  -2.3601547149123694e-01   4.5853793289993428e-01  -3.1210963342010198e+00  -3.1665387764183014e-09
 -8.1500000000000004e+00  -2.3908111805860816e-01   4.6621140602463218e-01  -3.1732701248814856e+00  -3.5698475786749952e-09
 -8.1000000000000014e+00  -2.4193173739763199e-01   4.7354115298687821e-01  -3.2230986688391461e+00  -4.0051449357232415e-09
 -8.0500000000000007e+00  -2.4456479832432207e-01   4.8051877401649662e-01  -3.2705244882958713e+00  -4.4706908390872319e-09
 -8.0000000000000000e+00  -2.4697807382618470e-01   4.8713611122884387e-01  -3.3154917348091288e+00  -4.9633021492542750e-09
 -7.9500000000000002e+00  -2.4916964201329495e-01   4.9338525719365578e-01  -3.3579462464046430e+00  -5.4779585219913794e-09
 -7.9000000000000004e+00  -2.5113788631838513e-01   4.9925856335635704e-01  -3.3978356036070134e+00  -6.0073277867110704e-09
 -7.8500000000000005e+00  -2.5288149494582735e-01   5.0474864830395016e-01  -3.4351091843166723e+00  -6.5411969257306503e-09
 -7.7999999999999998e+00  -2.5439945957215432e-01   5.0984840586499436e-01  -3.4697182174864238e+00  -7.0657928594480515e-09
 -7.7500000000000000e+00  -2.5569107330022078e-01   5.1455101304240503e-01  -3.5016158355113203e+00  -7.5629750185525427e-09
 -7.7000000000000002e+00  -2.5675592787547258e-01   5.1884993776430932e-01  -3.5307571253003776e+00  -8.0092790342451983e-09
 -7.6500000000000004e+00  -2.5759391017226796e-01   5.2273894645149188e-01  -3.5570991779615935e+00  -8.3747882655244348e-09
 -7.6000000000000005e+00  -2.5820519796160130e-01   5.2621211139028146e-01  -3.5806011370434181e+00  -8.6218066180590210e-09
 -7.5499999999999998e+00  -2.5859025497460353e-01   5.2926381790476162e-01  -3.6012242452887122e+00  -8.7033027714103724e-09
 -7.5000000000000000e+00  -2.5874982527608237e-01   5.3188877132360057e-01  -3.6189318898221221e+00  -8.5610921713520083e-09
 -7.4500000000000002e+00  -2.5868492696716250e-01   5.3408200373290460e-01  -3.6336896457278338e+00  -8.1237190117089073e-09
 -7.4000000000000004e+00  -2.5839684523845075e-01   5.3583888050635242e-01  -3.6454653179779370e+00  -7.3039959815966285e-09
 -7.3499999999999996e+00  -2.5788712479538384e-01   5.3715510660854127e-01  -3.6542289816440650e+00  -5.9961547618916222e-09
 -7.2999999999999998e+00  -2.5715756168027892e-01   5.3802673266505752e-01  -3.6599530203354500e+00  -4.0725550716713188e-09
 -7.2500000000000000e+00  -2.5621019451903093e-01   5.3845016079073982e-01  -3.6626121628268558e+00  -1.3798945357145458e-09
 -7.2000000000000002e+00  -2.5504729522020886e-01   5.3842215017325379e-01  -3.6621835178100706e+00   2.2651441016225234e-09
 -7.1500000000000004e+00  -2.5367135915827438e-01   5.3793982240238847e-01  -3.6586466067310912e+00   7.0808779905999069e-09
 -7.0999999999999996e+00  -2.5208509487368874e-01   5.3700066654072998e-01  -3.6519833946665896e+00   1.3326317226492358e-08
 -7.0499999999999998e+00  -2.5029141332389676e-01   5.3560254392957163e-01  -3.6421783191852950e+00   2.1307648085888233e-08
 -7.0000000000000000e+00  -2.4829341672182126e-01   5.3374369272401179e-01  -3.6292183171559929e+00   3.1385594919119677e-08
 -6.9500000000000002e+00  -2.4609438699985561e-01   5.3142273215044522e-01  -3.6130928494621051e+00   4.3983755277706664e-08
 -6.9000000000000004e+00  -2.4369777393786951e-01   5.2863866648292324e-01  -3.5937939235715453e+00   5.9598008563218456e-08
 -6.8499999999999996e+00  -2.4110718299605194e-01   5.2539088873142126e-01  -3.5713161139253495e+00   7.8807103608380874e-08
 -6.7999999999999998e+00  -2.3832636289522993e-01   5.2167918403517144e-01  -3.5456565801198572e+00   1.0228453462061701e-07
 -6.7500000000000000e+00  -2.3535919298739263e-01   5.1750373275565686e-01  -3.5168150828447766e+00   1.3081181761767391e-07
 -6.7000000000000002e+00  -2.3220967045996915e-01   5.1286511326452378e-01  -3.4847939975394273e+00   1.6529328033776662e-07
 -6.6500000000000004e+00  -2.2888189741903769e-01   5.0776430441954012e-01  -3.4495983257433958e+00   2.0677247693018040e-07
 -6.5999999999999996e+00  -2.2538006789719542e-01   5.0220268772267096e-01  -3.4112357041189880e+00   2.5645033388098816e-07
 -6.5499999999999998e+00  -2.2170845483248353e-01   4.9618204915329228e-01  -3.3697164111270030e+00   3.1570512474475521e-07
 -6.5000000000000000e+00  -2.1787139706525122e-01   4.8970458066996353e-01  -3.3250533713420838e+00   3.8611435729416627e-07
 -6.4500000000000002e+00  -2.1387328640001405e-01   4.8277288137373464e-01  -3.2772621573961311e+00   4.6947863638904194e-07
 -6.4000000000000004e+00  -2.0971855477963072e-01   4.7538995832583131e-01  -3.2263609895444412e+00   5.6784753787743672e-07
 -6.3499999999999996e+00  -2.0541166161946833e-01   4.6755922701117941e-01  -3.1723707328590507e+00   6.8354749135960583e-07
 -6.2999999999999998e+00  -2.0095708134912454e-01   4.5928451143917276e-01  -3.1153148920597773e+00   8.1921162082675407e-07
 -6.2500000000000000e+00  -1.9635929120897649e-01   4.5057004387233834e-01  -3.0552196039993547e+00   9.7781142947332015e-07
 -6.2000000000000002e+00  -1.9162275934876735e-01   4.4142046417242470e-01  -2.9921136278307934e+00   1.1626901360271035e-06
 -6.1500000000000004e+00  -1.8675193327480161e-01   4.3184081875297425e-01  -2.9260283328918595e+00   1.3775973712009631e-06
 -6.0999999999999996e+00  -1.8175122869178936e-01   4.2183655912634849e-01  -2.8569976843519731e+00   1.6267248212208852e-06
 -6.0499999999999998e+00  -1.7662501878498946e-01   4.1141354003134628e-01  -2.7850582266827169e+00   1.9147422561585015e-06
 -6.0000000000000000e+00  -1.7137762398760031e-01   4.0057801712609908e-01  -2.7102490650272206e+00   2.2468331997093474e-06
 -5.9500000000000002e+00  -1.6601330227689753e-01   3.8933664423074921e-01  -2.6326118445503019e+00   2.6287292782725265e-06
 -5.9000000000000004e+00  -1.6053624004208314e-01   3.7769647010132285e-01  -2.5521907278733886e+00   3.0667420249497304e-06
 -5.8499999999999996e+00  -1.5495054356558535e-01   3.6566493471515249e-01  -2.4690323707146935e+00   3.5677906008267890e-06
 -5.7999999999999998e+00  -1.4926023115816900e-01   3.5324986504603789e-01  -2.3831858958715935e+00   4.1394235242636660e-06
 -5.7500000000000000e+00  -1.4346922598700160e-01   3.4045947030515383e-01  -2.2947028657048869e+00   4.7898320594924360e-06
 -5.7000000000000002e+00  -1.3758134963415977e-01   3.2730233662168401e-01  -2.2036372533043478e+00   5.5278523987839446e-06
 -5.6500000000000004e+00  -1.3160031642148942e-01   3.1378742113457575e-01  -2.1100454125393417e+00   6.3629531665167346e-06
 -5.5999999999999996e+00  -1.2552972853569677e-01   2.9992404546502777e-01  -2.0139860472199698e+00   7.3052040661791552e-06
 -5.5499999999999998e+00  -1.1937307198565812e-01   2.8572188853632530e-01  -1.9155201796216101e+00   8.3652206686298266e-06
 -5.5000000000000000e+00  -1.1313371342165929e-01   2.7119097870563091e-01  -1.8147111186518976e+00   9.5540793867363682e-06
 -5.4500000000000002e+00  -1.0681489784363202e-01   2.5634168517015260e-01  -1.7116244279641422e+00   1.0883195580803672e-05
 -5.4000000000000004e+00  -1.0041974722270455e-01   2.4118470860800642e-01  -1.6063278943492336e+00   1.2364156472536570e-05
 -5.3499999999999996e+00  -9.3951260057081487e-02   2.2573107101271084e-01  -1.4988914967628795e+00   1.4008499093042629e-05
 -5.2999999999999998e+00  -8.7412311879658797e-02   2.0999210467885621e-01  -1.3893873763704958e+00   1.5827421830400623e-05
 -5.2500000000000000e+00  -8.0805656730526434e-02   1.9397944029635089e-01  -1.2778898080135654e+00   1.7831416252142346e-05
 -5.2000000000000002e+00  -7.4133929602631876e-02   1.7770499411102206e-01  -1.1644751735195396e+00   2.0029803732609259e-05
 -5.1500000000000004e+00  -6.7399649863298522e-02   1.6118095411103506e-01  -1.0492219372914902e+00   2.2430158989099698e-05
 -5.0999999999999996e+00  -6.0605225647671915e-02   1.4441976520184419e-01  -9.3221062461939208e-01   2.5037599897076883e-05
 -5.0499999999999998e+00  -5.3752959212486941e-02   1.2743411333751406e-01  -8.1352380315209394e-01   2.7853919886293436e-05
 -5.0000000000000000e+00  -4.6845053229563213e-02   1.1023690858359608e-01  -6.9324606795476529e-01   3.0876535788906718e-05
 -4.9500000000000002e+00  -3.9883617987839966e-02   9.2841267097125202e-02  -5.7146403054675088e-01   3.4097220190896185e-05
 -4.9000000000000004e+00  -3.2870679460390358e-02   7.5260492022872230e-02  -4.4826631226747315e-01   3.7500583103981072e-05
 -4.8499999999999996e+00  -2.5808188178304763e-02   5.7508053322809172e-02  -3.2374354224782020e-01   4.1062263104300209e-05
 -4.7999999999999998e+00  -1.8698028836142865e-02   3.9597566578684885e-02  -1.9798836016504467e-01   4.4746782958120519e-05
 -4.7500000000000000e+00  -1.1542030533680539e-02   2.1542770835958357e-02  -7.1095423828737125e-02   4.8505019161508328e-05
 -4.7000000000000002e+00  -4.3419775352456259e-03   3.3575055927583608e-03   5.6838578525601646e-02   5.2271228756862121e-05
 -4.6500000000000004e+00   2.9003795993384519e-03  -1.4944312919428635e-02   1.8571491157612224e-01   5.5959570262214482e-05
 -4.5999999999999996e+00   1.0183312690008781e-02  -3.3348715964087443e-02   3.1543277250190516e-01   5.9460048582689246e-05
 -4.5499999999999998e+00   1.7505104632634050e-02  -5.1841706774840485e-02   4.4588926777120713e-01   6.2633806410482100e-05
 -4.5000000000000000e+00   2.4864038373462103e-02  -7.0409284940215408e-02   5.7697938849778518e-01   6.5307676928872809e-05
 -4.4500000000000002e+00   3.2258386468333268e-02  -8.9037470272079630e-02   7.0859598623359976e-01   6.7267904718599467e-05
 -4.4000000000000004e+00   3.9686401589593800e-02  -1.0771232562746252e-01   8.4062975166884513e-01   6.8252933763454670e-05
 -4.3499999999999996e+00   4.7146308408261756e-02  -1.2641997803153307e-01   9.7296919942956739e-01   6.7945153560726188e-05
 -4.2999999999999998e+00   5.4636297352622903e-02  -1.4514663730794564e-01   1.1055006630150943e+00   6.5961486819594999e-05
 -4.2500000000000000e+00   6.2154520828026652e-02  -1.6387861125928288e-01   1.2381083049211743e+00   6.1842695416046873e-05
 -4.2000000000000002e+00   6.9699092577128710e-02  -1.8260231625264997e-01   1.3706741481702143e+00   5.5041275605140107e-05
 -4.1500000000000004e+00   7.7268090966160149e-02  -2.0130428185111374e-01   1.5030781368402832e+00   4.4907809532761249e-05
 -4.0999999999999996e+00   8.4859567101895739e-02  -2.1997114788821437e-01   1.6351982347741585e+00   3.0675638553999357e-05
 -4.0500000000000007e+00   9.2471558816662136e-02  -2.3858965210785818e-01   1.7669105734850210e+00   1.1443725656131313e-05
 -4.0000000000000000e+00   1.0010211170566430e-01  -2.5714660618327084e-01   1.8980896623852173e+00  -1.3842419465494749e-05
 -3.9499999999999993e+00   1.0774930856253902e-01  -2.7562885758454281e-01   2.0286086768784233e+00  -4.6411867003288370e-05
 -3.9000000000000004e+00   1.1541130873544436e-01  -2.9402323438325334e-01   2.1583398426044118e+00  -8.7691539858140977e-05
 -3.8499999999999996e+00   1.2308639911669488e-01  -3.1231646966434118e-01   2.2871549372399569e+00  -1.3933169762664634e-04
 -3.8000000000000007e+00   1.3077305868267114e-01  -3.3049510176063002e-01   2.4149259347673757e+00  -2.0323365452003136e-04
 -3.7500000000000000e+00   1.3847003871509367e-01  -3.4854534603706250e-01   2.5415258210479630e+00  -2.8157969586680836e-04
 -3.6999999999999993e+00   1.4617646105578069e-01  -3.6645293343524177e-01   2.6668296138965735e+00  -3.7686507963159818e-04
 -3.6500000000000004e+00   1.5389193696858819e-01  -3.8420291045365529e-01   2.7907156256484602e+00  -4.9193190590738039e-04
 -3.5999999999999996e+00   1.6161670939528730e-01  -4.0177939469942842e-01   2.9130670114225343e+00  -6.3000450225319745e-04
 -3.5500000000000007e+00   1.6935182158354875e-01  -4.1916527962524164e-01   3.0337736518681133e+00  -7.9472579821577899e-04
 -3.5000000000000000e+00   1.7709931521657035e-01  -4.3634188159104231e-01   3.1527344250451761e+00  -9.9019393872777726e-04
 -3.4499999999999993e+00   1.8486246125965070e-01  -4.5328852200770747e-01   3.2698599280812330e+00  -1.2209981014031539e-03
 -3.4000000000000004e+00   1.9264602672432643e-01  -4.6998203708829844e-01   3.3850757151410309e+00  -1.4922521223655557e-03
 -3.3499999999999996e+00   2.0045658038853056e-01  -4.8639620773214293e-01   3.4983261237002607e+00  -1.8096240810449840e-03
 -3.3000000000000007e+00   2.0830284013893249e-01  -5.0250110240404844e-01   3.6095787656519587e+00  -2.1793594240447911e-03
 -3.2500000000000000e+00   2.1619606393652671e-01  -5.1826232668457561e-01   3.7188297627327129e+00  -2.6082944942032427e-03
 -3.1999999999999993e+00   2.2415048534074031e-01  -5.3364017463683788e-01   3.8261098062434908e+00  -3.1038564394367304e-03
 -3.1500000000000004e+00   2.3218379292132973e-01  -5.4858867948848222e-01   3.9314911178786596e+00  -3.6740443650498020e-03
 -3.0999999999999996e+00   2.4031765056265858e-01  -5.6305456464924342e-01   4.0350953801412963e+00  -4.3273852114128321e-03
 -3.0500000000000007e+00   2.4857825239546613e-01  -5.7697610112523057e-01   4.1371026893746521e+00  -5.0728561227867952e-03
 -3.0000000000000000e+00   2.5699690159347877e-01  -5.9028188437422868e-01   4.2377615594642082e+00  -5.9197629445163370e-03
 -2.9499999999999993e+00   2.6561059619449168e-01  -6.0288955307239445e-01   4.3373999668159424e+00  -6.8775618488133346e-03
 -2.9000000000000004e+00   2.7446259701627518e-01  -6.1470448470945849e-01   4.4364373737817431e+00  -7.9556078261061834e-03
 -2.8499999999999996e+00   2.8360294211299120e-01  -6.2561851904346488e-01   4.5353975942020801e+00  -9.1628097452512384e-03
 -2.8000000000000007e+00   2.9308885842895688e-01  -6.3550878092294638e-01   4.6349222665755487e+00  -1.0507166705964129e-02
 -2.7500000000000000e+00   3.0298500360710345e-01  -6.4423669953346463e-01   4.7357845725722738e+00  -1.1995154267325352e-02
 -2.6999999999999993e+00   3.1336344842266473e-01  -6.5164735241093463e-01   4.8389026760794884e+00  -1.3630921580262842e-02
 -2.6500000000000004e+00   3.2430328201913022e-01  -6.5756930011801140e-01   4.9453521558659457e+00  -1.5415251173357344e-02
 -2.5999999999999996e+00   3.3588968684856774e-01  -6.6181512157596400e-01   5.0563764593052198e+00  -1.7344221780761025e-02
 -2.5499999999999989e+00   3.4821228661804765e-01  -6.6418291052489986e-01   5.1733941131498753e+00  -1.9407500745991572e-02
 -2.5000000000000000e+00   3.6136251708851080e-01  -6.6445904962515667e-01   5.2980010907327566e+00  -2.1586175728836029e-02
 -2.4499999999999993e+00   3.7542970452675656e-01  -6.6242263850864569e-01   5.4319663582938764e+00  -2.3850015207206279e-02
 -2.4000000000000004e+00   3.9049545801035840e-01  -6.5785201244812685e-01   5.5772182180771415e+00  -2.6154023156123373e-02
 -2.3499999999999996e+00   4.0662588741077527e-01  -6.5053384411293380e-01   5.7358186534753370e+00  -2.8434124989698415e-02
 -2.2999999999999989e+00   4.2386104624891674e-01  -6.4027536435688992e-01   5.9099224960098464e+00  -3.0601789373757921e-02
 -2.2500000000000000e+00   4.4220086501751699e-01  -6.2692025777869609e-01   6.1017179276663756e+00  -3.2537354501440394e-02
 -2.1999999999999993e+00   4.6158668320229884e-01  -6.1036876867036527e-01   6.3133446824797330e+00  -3.4081789708776310e-02
 -2.1500000000000004e+00   4.8187730463566697e-01  -5.9060247006877498e-01   6.5467864302417738e+00  -3.5026587847059025e-02
 -2.0999999999999996e+00   5.0281828975036302e-01  -5.6771397109558475e-01   6.8037343725351560e+00  -3.5101458222469940e-02
 -2.0499999999999989e+00   5.2400296171205252e-01  -5.4194152154686859e-01   7.0854202827222936e+00  -3.3959487877001336e-02
 -2.0000000000000000e+00   5.4482335026496276e-01  -5.1370795728167529e-01   7.3924193933644480e+00  -3.1159484291331495e-02
 -1.9499999999999993e+00   5.6440905072452763e-01  -4.8366263324230219e-01   7.7244271149074315e+00  -2.6145345209298523e-02
 -1.9000000000000004e+00   5.8155178706281940e-01  -4.5272380354831832e-01   8.0800191538798742e+00  -1.8222586669676136e-02
 -1.8499999999999996e+00   5.9461344093960578e-01  -4.2211718905758283e-01   8.4564129720656140e+00  -6.5327028822314464e-03
 -1.7999999999999989e+00   6.0141564173237427e-01  -3.9340405081135404e-01   8.8492606689329154e+00   9.9730071932273984e-03
 -1.7500000000000000e+00   5.9911007410314143e-01  -3.6848877850415113e-01   9.2525203727243497e+00   3.2556891789484059e-02
 -1.6999999999999993e+00   5.8403110768134647e-01  -3.4959166286816601e-01   9.6584760233560587e+00   6.2709807260969044e-02
 -1.6500000000000004e+00   5.5153732555904667e-01  -3.3916717511425176e-01   1.0058004099657818e+01   1.0214748324491878e-01
 -1.5999999999999996e+00   4.9585790909355909e-01  -3.3974218795997102e-01   1.0441218133934550e+01   1.5277259654610967e-01
 -1.5499999999999989e+00   4.0997656109387948e-01  -3.5364355153064325e-01   1.0798650349307986e+01   2.1657882409725646e-01
 -1.5000000000000000e+00   2.8561382571479765e-01  -3.8258352067473844e-01   1.1123136896530250e+01   2.9546384887420962e-01
 -1.4499999999999993e+00   1.1341287143512008e-01  -4.2708105399208340e-01   1.1412523994141260e+01   3.9091044068156849e-01
 -1.4000000000000004e+00  -1.1650393413138564e-01  -4.8572762771796013e-01   1.1673147331388162e+01   5.0349533553810155e-01
 -1.3499999999999996e+00  -4.1336874264300921e-01  -5.5437251047937242e-01   1.1923674176866545e+01   6.3220827767205134e-01
 -1.2999999999999989e+00  -7.8370861277685377e-01  -6.2541721732601951e-01   1.2198262042175825e+01   7.7362845988672113e-01
 -1.2500000000000000e+00  -1.2281778514910855e+00  -6.8756555103549177e-01   1.2547108777533492e+01   9.2113076022206408e-01
 -1.1999999999999993e+00  -1.7373933388603116e+00  -7.2651358272226441e-01   1.3031687865519080e+01   1.0644693010565347e+00
 -1.1500000000000004e+00  -2.2875952076095172e+00  -7.2703235048354209e-01   1.3712185778032266e+01   1.1902298252577765e+00
 -1.0999999999999996e+00  -2.8379577522075352e+00  -6.7648833454784918e-01   1.4627201321763208e+01   1.2835822122531386e+00
 -1.0499999999999989e+00  -3.3320861059090436e+00  -5.6900485990459682e-01   1.5771019086534189e+01   1.3313187285550252e+00
 -1.0000000000000000e+00  -3.7056348857707340e+00  -4.0858596449266821e-01   1.7079041380799932e+01   1.3253749224972511e+00
 -9.4999999999999929e-01  -3.8994338483307991e+00  -2.0942203181523336e-01   1.8431724397090175e+01   1.2653689505701717e+00
 -9.0000000000000036e-01  -3.8739690465238548e+00   7.2150593423345568e-03   1.9678709596170272e+01   1.1588402101946502e+00
 -8.4999999999999964e-01  -3.6191982736909729e+00   2.1823049862368590e-01   2.0673120760676390e+01   1.0189941150567214e+00
 -7.9999999999999893e-01  -3.1555914407430175e+00   4.0378675214166482e-01   2.1300962846205831e+01   8.6110417599150468e-01
 -7.5000000000000000e-01  -2.5269447596892269e+00   5.5035813132935152e-01   2.1495680139321777e+01   6.9922725098796135e-01
 -6.9999999999999929e-01  -1.7893272699970360e+00   6.5133070133031612e-01   2.1237375153804237e+01   5.4429712685814657e-01
 -6.5000000000000036e-01  -1.0009532573900035e+00   7.0587768256121397e-01   2.0542537377576245e+01   4.0367109223317194e-01
 -5.9999999999999964e-01  -2.1554801024156153e-01   7.1716418356677647e-01   1.9451082002240000e+01   2.8158828887663906e-01
 -5.4999999999999893e-01   5.2072365064421178e-01   6.9064696201606890e-01   1.8015167148685070e+01   1.7994108324698058e-01
 -5.0000000000000000e-01   1.1699655379449503e+00   6.3280174406399226e-01   1.6291445589164944e+01   9.8992020871459321e-02
 -4.4999999999999929e-01   1.7021766450533320e+00   5.5030755295777578e-01   1.4336564952725631e+01   3.7904375603038311e-02
 -4.0000000000000036e-01   2.0946514615627825e+00   4.4958609424817514e-01   1.2205001924374551e+01  -4.9116483631868749e-03
 -3.4999999999999964e-01   2.3315668124384947e+00   3.3657314806170019e-01   9.9482844214000306e+00  -3.1585676243808966e-02
 -2.9999999999999893e-01   2.4038664135471337e+00   2.1662355141731193e-01   7.6148964809579587e+00  -4.4649426231406546e-02
 -2.5000000000000000e-01   2.3093845666292081e+00   9.4484595760459006e-02   5.2504292334560763e+00  -4.6927578025557012e-02
 -1.9999999999999929e-01   2.0530702912481824e+00  -2.5699891371992981e-02   2.8977489223457731e+00  -4.1425455220678413e-02
 -1.5000000000000036e-01   1.6471480980539273e+00  -1.4037419011234117e-01   5.9708000163622110e-01  -3.1196523813203071e-02
 -9.9999999999999645e-02   1.1110643087637373e+00  -2.4655319224670860e-01  -1.6140406801236631e+00  -1.9185579369738647e-02
 -4.9999999999998934e-02   4.7113617433756050e-01  -3.4180487584704483e-01  -3.7009148349868743e+00  -8.0540259426291356e-03
  0.0000000000000000e+00  -2.4002197343068885e-01  -4.2422940914746388e-01  -5.6318109656722175e+00   0.0000000000000000e+00
