# Columns: x, rho, u, p, lamdatime_step 10000
# time   5.0000000000000000e+01
 -1.2074999999999999e+01   1.7332896447232501e-01  -3.5446228127200918e-01   2.4137390591960566e+00   1.2301792204581860e-13
 -1.2049999999999999e+01   1.7332896447232501e-01  -3.5446228127200918e-01   2.4137390591960566e+00   1.2301792204581860e-13
 -1.2024999999999999e+01   1.7332896447232501e-01  -3.5446228127200918e-01   2.4137390591960566e+00   1.2301792204581860e-13
 -1.2000000000000000e+01   1.7332896447232501e-01  -3.5446228127200918e-01   2.4137390591960566e+00   1.2301792204581860e-13
 -1.1975000000000000e+01   1.7203536185936114e-01  -3.5123735746903856e-01   2.3917790164935213e+00   1.2875968471135769e-13
 -1.1949999999999999e+01   1.7133819206408960e-01  -3.4943353035908892e-01   2.3794959277528007e+00   1.3379951478030467e-13
 -1.1924999999999999e+01   1.7019130762467313e-01  -3.4666503897647788e-01   2.3606439964001695e+00   1.3970416025207838e-13
 -1.1899999999999999e+01   1.6923901291830176e-01  -3.4431899594437065e-01   2.3446687272948359e+00   1.4640017312754036e-13
 -1.1875000000000000e+01   1.6810423263295149e-01  -3.4160696981537531e-01   2.3262013011806104e+00   1.5385050575182486e-13
 -1.1850000000000000e+01   1.6700253950705435e-01  -3.3897915927788863e-01   2.3083073335848616e+00   1.6217178014465226e-13
 -1.1824999999999999e+01   1.6581173458648865e-01  -3.3617946985018315e-01   2.2892429561045340e+00   1.7142494498711994e-13
 -1.1799999999999999e+01   1.6460098927610844e-01  -3.3335427029373227e-01   2.2700048675577462e+00   1.8168624213126069e-13
 -1.1774999999999999e+01   1.6333100082940655e-01  -3.3042073592586024e-01   2.2500290767134903e+00   1.9303919054900527e-13
 -1.1750000000000000e+01   1.6202412687721873e-01  -3.2742653932270327e-01   2.2296402086634899e+00   2.0557069598486612e-13
 -1.1725000000000000e+01   1.6066766470643165e-01  -3.2434513310370244e-01   2.2086574881977161e+00   2.1937437727309349e-13
 -1.1699999999999999e+01   1.5926888207860493e-01  -3.2119220240560437e-01   2.1871877220648686e+00   2.3454967734636325e-13
 -1.1674999999999999e+01   1.5782371449540455e-01  -3.1795945789616914e-01   2.1651744642394593e+00   2.5120255099371073e-13
 -1.1649999999999999e+01   1.5633455789363093e-01  -3.1465225465978214e-01   2.1426541806179840e+00   2.6944561994648457e-13
 -1.1625000000000000e+01   1.5480016399443447e-01  -3.1126823008042487e-01   2.1196107834885933e+00   2.8939857008126060e-13
 -1.1600000000000000e+01   1.5322137472912328e-01  -3.0780942673620953e-01   2.0960581817950792e+00   3.1118841279092711e-13
 -1.1574999999999999e+01   1.5159787052298232e-01  -3.0427541727539537e-01   2.0719934651159280e+00   3.3494983577465266e-13
 -1.1549999999999999e+01   1.4993001324010075e-01  -3.0066720058581103e-01   2.0474234347702529e+00   3.6082550203521718e-13
 -1.1524999999999999e+01   1.4821780274217367e-01  -2.9698499530777561e-01   2.0223495790537687e+00   3.8896637764160657e-13
 -1.1500000000000000e+01   1.4646146751692588e-01  -2.9322948828309148e-01   1.9967765747650419e+00   4.1953203921245819e-13
 -1.1475000000000000e+01   1.4466113091907756e-01  -2.8940112859357536e-01   1.9707074801447968e+00   4.5269098506125459e-13
 -1.1449999999999999e+01   1.4281699987126553e-01  -2.8550052625692718e-01   1.9441464498579168e+00   4.8862093251973751e-13
 -1.1424999999999999e+01   1.4092925851036259e-01  -2.8152822712170156e-01   1.9170972021006347e+00   5.2750910666657170e-13
 -1.1399999999999999e+01   1.3899812827891786e-01  -2.7748483969988091e-01   1.8895638821254763e+00   5.6955251233064090e-13
 -1.1375000000000000e+01   1.3702383418946970e-01  -2.7337096365158531e-01   1.8615505750029162e+00   6.1495818812276653e-13
 -1.1350000000000000e+01   1.3500662388894646e-01  -2.6918722996257821e-01   1.8330615786387681e+00   6.6394343667766924e-13
 -1.1324999999999999e+01   1.3294675698982980e-01  -2.6493427836418371e-01   1.8041012488021870e+00   7.1673602709768254e-13
 -1.1299999999999999e+01   1.3084451105390382e-01  -2.6061277007235817e-01   1.7746740839910558e+00   7.7357436374042225e-13
 -1.1274999999999999e+01   1.2870017821960644e-01  -2.5622338071499617e-01   1.7447846756803838e+00   8.3470761557929405e-13
 -1.1250000000000000e+01   1.2651406714908872e-01  -2.5176680415825509e-01   1.7144377352498541e+00   9.0039579914657718e-13
 -1.1225000000000000e+01   1.2428650220135425e-01  -2.4724374977847169e-01   1.6836380810666389e+00   9.7090980745760558e-13
 -1.1199999999999999e+01   1.2201782440429895e-01  -2.4265494283257838e-01   1.6523906515606577e+00   1.0465313789392463e-12
 -1.1174999999999999e+01   1.1970839152888341e-01  -2.3800112284653516e-01   1.6207005054678159e+00   1.1275530180864853e-12
 -1.1149999999999999e+01   1.1735857841465229e-01  -2.3328304359759350e-01   1.5885728257878902e+00   1.2142779422900298e-12
 -1.1125000000000000e+01   1.1496877653703615e-01  -2.2850147348609834e-01   1.5560129129233500e+00   1.3070201458206812e-12
 -1.1100000000000000e+01   1.1253939332519908e-01  -2.2365719707289219e-01   1.5230261743262352e+00   1.4061034646945340e-12
 -1.1074999999999999e+01   1.1007085143347091e-01  -2.1875101632847840e-01   1.4896181135869071e+00   1.5118506016307878e-12
 -1.1049999999999999e+01   1.0756358863671803e-01  -2.1378375074479769e-01   1.4557943286521977e+00   1.6245283289058426e-12
 -1.1024999999999999e+01   1.0501805826857777e-01  -2.0875623617425665e-01   1.4215605180305682e+00   1.7442237312883655e-12
 -1.1000000000000000e+01   1.0243472900364466e-01  -2.0366932502579427e-01   1.3869224771413806e+00   1.8711915615455668e-12
 -1.0975000000000000e+01   9.9814084382549406e-02  -1.9852388705438681e-01   1.3518860915537958e+00   2.0057757030122233e-12
 -1.0949999999999999e+01   9.7156622961289837e-02  -1.9332080877205404e-01   1.3164573393380012e+00   2.1482915904334894e-12
 -1.0924999999999999e+01   9.4462858945495165e-02  -1.8806099179859509e-01   1.2806423003399456e+00   2.2990639222527498e-12
 -1.0899999999999999e+01   9.1733322778518589e-02  -1.8274535131635025e-01   1.2444471649436644e+00   2.4584169783129688e-12
 -1.0875000000000000e+01   8.8968561293656837e-02  -1.7737481539016386e-01   1.2078782366607217e+00   2.6266708689853394e-12
 -1.0850000000000000e+01   8.6169137436853241e-02  -1.7195032520575942e-01   1.1709419286337266e+00   2.8041410076354300e-12
 -1.0824999999999999e+01   8.3335629769957509e-02  -1.6647283571476809e-01   1.1336447570948314e+00   2.9911356042801382e-12
 -1.0799999999999999e+01   8.0468632031180778e-02  -1.6094331616997579e-01   1.0959933357496443e+00   3.1879502734367390e-12
 -1.0774999999999999e+01   7.7568752848986566e-02  -1.5536275028876440e-01   1.0579943724757588e+00   3.3948676226360728e-12
 -1.0750000000000000e+01   7.4636615596040123e-02  -1.4973213611035546e-01   1.0196546681486831e+00   3.6121511700290932e-12
 -1.0725000000000000e+01   7.1672858294820022e-02  -1.4405248571596149e-01   9.8098111631295148e-01   3.8400441824947485e-12
 -1.0699999999999999e+01   6.8678133516156953e-02  -1.3832482494452716e-01   9.4198070286210001e-01   4.0787628342053056e-12
 -1.0674999999999999e+01   6.5653108243677455e-02  -1.3255019315201200e-01   9.0266050533341191e-01   4.3284921833713165e-12
 -1.0649999999999999e+01   6.2598463720046571e-02  -1.2672964299973163e-01   8.6302769204238605e-01   4.5893794466318765e-12
 -1.0625000000000000e+01   5.9514895269005268e-02  -1.2086424025472327e-01   8.2308952097865462e-01   4.8615303786873817e-12
 -1.0600000000000000e+01   5.6403112112831583e-02  -1.1495506359240575e-01   7.8285333874035523e-01   5.1449974104092736e-12
 -1.0574999999999999e+01   5.3263837170697798e-02  -1.0900320440896769e-01   7.4232657929362000e-01   5.4397765901712232e-12
 -1.0549999999999999e+01   5.0097806839393390e-02  -1.0300976665228798e-01   7.0151676258701046e-01   5.7457965586452035e-12
 -1.0524999999999999e+01   4.6905770758185479e-02  -9.6975866663353671e-02   6.6043149303644033e-01   6.0629126611960641e-12
 -1.0500000000000000e+01   4.3688491574238202e-02  -9.0902632999862024e-02   6.1907845812041362e-01   6.3908939848139971e-12
 -1.0475000000000000e+01   4.0446744702234673e-02  -8.4791206241959211e-02   5.7746542699657255e-01   6.7294119692880307e-12
 -1.0449999999999999e+01   3.7181318077924345e-02  -7.8642738797029349e-02   5.3560024912649251e-01   7.0780309282210029e-12
 -1.0424999999999999e+01   3.3893011910453505e-02  -7.2458394684822791e-02   4.9349085298202150e-01   7.4361925304442498e-12
 -1.0399999999999999e+01   3.0582638430203580e-02  -6.6239349311378662e-02   4.5114524478493850e-01   7.8032006897054264e-12
 -1.0375000000000000e+01   2.7251021616336076e-02  -5.9986789262289848e-02   4.0857150705114231e-01   8.1782120674437767e-12
 -1.0350000000000000e+01   2.3898996920585485e-02  -5.3701912091109666e-02   3.6577779717374720e-01   8.5602116440766809e-12
 -1.0324999999999999e+01   2.0527410975512687e-02  -4.7385926111017135e-02   3.2277234587881726e-01   8.9480000058923608e-12
 -1.0299999999999999e+01   1.7137121303502534e-02  -4.1040050176781744e-02   2.7956345577884623e-01   9.3401673218958358e-12
 -1.0274999999999999e+01   1.3728996011206588e-02  -3.4665513467707583e-02   2.3615949980991638e-01   9.7350782154330374e-12
 -1.0250000000000000e+01   1.0303913483263094e-02  -2.8263555262347938e-02   1.9256891974443907e-01   1.0130842563762626e-11
 -1.0225000000000000e+01   6.8627620665500716e-03  -2.1835424707703062e-02   1.4880022465503792e-01   1.0525293716047959e-11
 -1.0199999999999999e+01   3.4064397487840342e-03  -1.5382380588733865e-02   1.0486198937867335e-01   1.0915961417407741e-11
 -1.0174999999999999e+01  -6.4146173332651948e-05  -8.9056910950493420e-03   6.0762852918122542e-02   1.1300037396930812e-11
 -1.0149999999999999e+01  -3.5480794355792359e-03  -2.4066335988935377e-03   1.6511516776725320e-02   1.1674353225642345e-11
 -1.0125000000000000e+01  -7.0444351495595886e-03   4.1135055870617871e-03  -2.7883256648392828e-02   1.2035335623023141e-11
 -1.0100000000000000e+01  -1.0552280147134148e-02   1.0653431460629748e-02  -7.2412645618421631e-02   1.2378972916164664e-11
 -1.0074999999999999e+01  -1.4070673336646031e-02   1.7211840576739870e-02  -1.1706777069776433e-01   1.2700774242033811e-11
 -1.0049999999999999e+01  -1.7598666069482950e-02   2.3787421282801206e-02  -1.6183969648169816e-01   1.2995731871777585e-11
 -1.0024999999999999e+01  -2.1135302511983870e-02   3.0378853961757425e-02  -2.0671943332942944e-01   1.3258272652278376e-11
 -1.0000000000000000e+01  -2.4679620018677680e-02   3.6984811285588302e-02  -2.5169793905055737e-01   1.3482207183022352e-11
 -9.9749999999999996e+00  -2.8230649510497439e-02   4.3603958472935578e-02  -2.9676612060100732e-01   1.3660678907421341e-11
 -9.9499999999999993e+00  -3.1787415856920388e-02   5.0234953549990302e-02  -3.4191483577801307e-01   1.3786109327238715e-11
 -9.9249999999999989e+00  -3.5348938267539390e-02   5.6876447609044999e-02  -3.8713489498687292e-01   1.3850133535893219e-11
 -9.8999999999999986e+00  -3.8914230688072517e-02   6.3527085064011557e-02  -4.3241706302612998e-01   1.3843543452545951e-11
 -9.8750000000000000e+00  -4.2482302202575664e-02   7.0185503911817618e-02  -4.7775206090139849e-01   1.3756212971582327e-11
 -9.8499999999999996e+00  -4.6052157435066868e-02   7.6850336000729977e-02  -5.2313056758919840e-01   1.3577026897074210e-11
 -9.8249999999999993e+00  -4.9622796958653896e-02   8.3520207298284410e-02  -5.6854322185857065e-01   1.3293803977994193e-11
 -9.7999999999999989e+00  -5.3193217709800261e-02   9.0193738155173522e-02  -6.1398062412787557e-01   1.2893217915335684e-11
 -9.7749999999999986e+00  -5.6762413406529016e-02   9.6869543574258685e-02  -6.5943333833531204e-01   1.2360705482440091e-11
 -9.7500000000000000e+00  -6.0329374965603734e-02   1.0354623348763237e-01  -7.0489189376319972e-01   1.1680376477414180e-11
 -9.7249999999999996e+00  -6.3893090924978566e-02   1.1022241303414346e-01  -7.5034678690143464e-01   1.0834916047239487e-11
 -9.6999999999999993e+00  -6.7452547870015964e-02   1.1689668283531159e-01  -7.9578848333766783e-01   9.8054812334237305e-12
 -9.6749999999999989e+00  -7.1006730860741274e-02   1.2356763927823154e-01  -8.4120741963559365e-01   8.5715849429142268e-12
 -9.6499999999999986e+00  -7.4554623863354014e-02   1.3023387479399964e-01  -8.8659400525374810e-01   7.1109913823327620e-12
 -9.6250000000000000e+00  -7.8095210183392133e-02   1.3689397814189874e-01  -9.3193862446673048e-01   5.3995841191539716e-12
 -9.5999999999999996e+00  -8.1627472902109838e-02   1.4354653468975920e-01  -9.7723163831842352e-01   3.4112476360503105e-12
 -9.5749999999999993e+00  -8.5150395311402213e-02   1.5019012670527424e-01  -1.0224633865415691e+00   1.1177202611081751e-12
 -9.5499999999999989e+00  -8.8662961352023173e-02   1.5682333364227485e-01  -1.0676241895162644e+00  -1.5115392614800556e-12
 -9.5249999999999986e+00  -9.2164156054238139e-02   1.6344473242712865e-01  -1.1127043502598630e+00  -4.5095011423828568e-12
 -9.5000000000000000e+00  -9.5652965979252588e-02   1.7005289774611282e-01  -1.1576941564249164e+00  -7.9117195714543807e-12
 -9.4749999999999996e+00  -9.9128379657034041e-02   1.7664640234387147e-01  -1.2025838822486805e+00  -1.1756502791467805e-11
 -9.4499999999999993e+00  -1.0258938802571739e-01   1.8322381731880463e-01  -1.2473637905311641e+00  -1.6085073706610113e-11
 -9.4249999999999989e+00  -1.0603498487218316e-01   1.8978371241866407e-01  -1.2920241346402299e+00  -2.0941750422233090e-11
 -9.3999999999999986e+00  -1.0946416727400105e-01   1.9632465633248328e-01  -1.3365551605494965e+00  -2.6374123222103365e-11
 -9.3750000000000000e+00  -1.1287593603891435e-01   2.0284521698940133e-01  -1.3809471088575467e+00  -3.2433254638839590e-11
 -9.3499999999999996e+00  -1.1626929614211644e-01   2.0934396185955245e-01  -1.4251902167975286e+00  -3.9173870449575943e-11
 -9.3249999999999993e+00  -1.1964325716385198e-01   2.1581945825397048e-01  -1.4692747202752123e+00  -4.6654562932148441e-11
 -9.2999999999999989e+00  -1.2299683372645093e-01   2.2227027362317087e-01  -1.5131908559267613e+00  -5.4938002688782927e-11
 -9.2749999999999986e+00  -1.2632904592650956e-01   2.2869497586364967e-01  -1.5569288631410638e+00  -6.4091156320718025e-11
 -9.2500000000000000e+00  -1.2963891976845818e-01   2.3509213361685247e-01  -1.6004789861352235e+00  -7.4185497806268888e-11
 -9.2249999999999996e+00  -1.3292548759563555e-01   2.4146031657057365e-01  -1.6438314760365411e+00  -8.5297234162199932e-11
 -9.1999999999999993e+00  -1.3618778851817742e-01   2.4779809576157058e-01  -1.6869765929592300e+00  -9.7507535820880714e-11
 -9.1749999999999989e+00  -1.3942486883480437e-01   2.5410404388627711e-01  -1.7299046080431471e+00  -1.1090276827947403e-10
 -9.1499999999999986e+00  -1.4263578245270631e-01   2.6037673560860958e-01  -1.7726058055137965e+00  -1.2557472325208518e-10
 -9.1250000000000000e+00  -1.4581959130605396e-01   2.6661474786429756e-01  -1.8150704847785883e+00  -1.4162084748090983e-10
 -9.0999999999999996e+00  -1.4897536577014178e-01   2.7281666016697159e-01  -1.8572889625181632e+00  -1.5914447495675408e-10
 -9.0749999999999993e+00  -1.5210218507027887e-01   2.7898105491744218e-01  -1.8992515747632575e+00  -1.7825506000043764e-10
 -9.0499999999999989e+00  -1.5519913768618177e-01   2.8510651771319606e-01  -1.9409486789733337e+00  -1.9906839458414301e-10
 -9.0249999999999986e+00  -1.5826532175303393e-01   2.9119163765606898e-01  -1.9823706561350265e+00  -2.2170683158265068e-10
 -9.0000000000000000e+00  -1.6129984545795731e-01   2.9723500765897087e-01  -2.0235079128685123e+00  -2.4629948574928796e-10
 -8.9749999999999996e+00  -1.6430182743055324e-01   3.0323522475495757e-01  -2.0643508835240807e+00  -2.7298243073174154e-10
 -8.9499999999999993e+00  -1.6727039712748634e-01   3.0919089040730785e-01  -2.1048900322721993e+00  -3.0189888260157173e-10
 -8.9249999999999989e+00  -1.7020469521165027e-01   3.1510061081888951e-01  -2.1451158551991876e+00  -3.3319935587030233e-10
 -8.8999999999999986e+00  -1.7310387392488572e-01   3.2096299724318134e-01  -2.1850188823959944e+00  -3.6704181307864139e-10
 -8.8750000000000000e+00  -1.7596709745512071e-01   3.2677666629258623e-01  -2.2245896800574063e+00  -4.0359175696319868e-10
 -8.8499999999999996e+00  -1.7879354229715233e-01   3.3254024024796613e-01  -2.2638188525813936e+00  -4.4302232792077490e-10
 -8.8249999999999993e+00  -1.8158239760656367e-01   3.3825234736664528e-01  -2.3026970446669863e+00  -4.8551433300557158e-10
 -8.7999999999999989e+00  -1.8433286554606687e-01   3.4391162219284133e-01  -2.3412149434020315e+00  -5.3125625476132608e-10
 -8.7749999999999986e+00  -1.8704416162473064e-01   3.4951670586624839e-01  -2.3793632803512019e+00  -5.8044419387121950e-10
 -8.7500000000000000e+00  -1.8971551503032708e-01   3.5506624642969864e-01  -2.4171328336505864e+00  -6.3328175747387012e-10
 -8.7249999999999996e+00  -1.9234616895301426e-01   3.6055889913815647e-01  -2.4545144300861819e+00  -6.8997988542572332e-10
 -8.6999999999999993e+00  -1.9493538090084683e-01   3.6599332676773255e-01  -2.4914989471656863e+00  -7.5075660596036762e-10
 -8.6749999999999989e+00  -1.9748242300779972e-01   3.7136819992237258e-01  -2.5280773151973461e+00  -8.1583669278738451e-10
 -8.6499999999999986e+00  -1.9998658233420188e-01   3.7668219733828484e-01  -2.5642405193761024e+00  -8.8545123449327453e-10
 -8.6250000000000000e+00  -2.0244716115726227e-01   3.8193400619065015e-01  -2.5999796018473340e+00  -9.5983709537563187e-10
 -8.5999999999999996e+00  -2.0486347725230350e-01   3.8712232240021077e-01  -2.6352856637582631e+00  -1.0392362640307278e-09
 -8.5749999999999993e+00  -2.0723486416546572e-01   3.9224585093800457e-01  -2.6701498673121993e+00  -1.1238950459851282e-09
 -8.5499999999999989e+00  -2.0956067147842572e-01   3.9730330612628156e-01  -2.7045634378340235e+00  -1.2140631216131723e-09
 -8.5249999999999986e+00  -2.1184026506201495e-01   4.0229341194288182e-01  -2.7385176658062487e+00  -1.3099924420171631e-09
 -8.5000000000000000e+00  -2.1407302732002903e-01   4.0721490232357493e-01  -2.7720039088950514e+00  -1.4119359090219741e-09
 -8.4749999999999996e+00  -2.1625835742375515e-01   4.1206652146355943e-01  -2.8050135939765428e+00  -1.5201458787589534e-09
 -8.4499999999999993e+00  -2.1839567153746092e-01   4.1684702411450064e-01  -2.8375382191686764e+00  -1.6348724089363416e-09
 -8.4249999999999989e+00  -2.2048440303303174e-01   4.2155517588328895e-01  -2.8695693558449986e+00  -1.7563612786728791e-09
 -8.3999999999999986e+00  -2.2252400269397765e-01   4.2618975352875188e-01  -2.9010986506346139e+00  -1.8848517011840858e-09
 -8.3750000000000000e+00  -2.2451393890874285e-01   4.3074954525871556e-01  -2.9321178274097872e+00  -2.0205737394022941e-09
 -8.3499999999999996e+00  -2.2645369785344274e-01   4.3523335102467697e-01  -2.9626186892638136e+00  -2.1637453837330510e-09
 -8.3249999999999993e+00  -2.2834278366391211e-01   4.3963998281556593e-01  -2.9925931204797753e+00  -2.3145692510628530e-09
 -8.3000000000000007e+00  -2.3018071859686492e-01   4.4396826494959657e-01  -3.0220330884883659e+00  -2.4732288643112588e-09
 -8.2749999999999986e+00  -2.3196704318130562e-01   4.4821703436177346e-01  -3.0509306458319680e+00  -2.6398844877541580e-09
 -8.2500000000000000e+00  -2.3370131635796221e-01   4.5238514089216469e-01  -3.0792779321051773e+00  -2.8146684697805132e-09
 -8.2249999999999996e+00  -2.3538311560639708e-01   4.5647144757429670e-01  -3.1070671758667947e+00  -2.9976800479835801e-09
 -8.1999999999999993e+00  -2.3701203706127905e-01   4.6047483092079239e-01  -3.1342906965460178e+00  -3.1889795441807986e-09
 -8.1750000000000007e+00  -2.3858769561769660e-01   4.6439418120644360e-01  -3.1609409063419265e+00  -3.3885819366343256e-09
 -8.1499999999999986e+00  -2.4010972502525116e-01   4.6822840274861405e-01  -3.1870103121130335e+00  -3.5964497205251806e-09
 -8.1250000000000000e+00  -2.4157777797052582e-01   4.7197641418588654e-01  -3.2124915172518524e+00  -3.8124849833830652e-09
 -8.0999999999999996e+00  -2.4299152614729513e-01   4.7563714875621660e-01  -3.2373772235355789e+00  -4.0365206776507679e-09
 -8.0749999999999993e+00  -2.4435066031516517e-01   4.7920955457243275e-01  -3.2616602329630759e+00  -4.2683109628881725e-09
 -8.0500000000000007e+00  -2.4565489034683377e-01   4.8269259489514088e-01  -3.2853334495812754e+00  -4.5075205700921368e-09
 -8.0249999999999986e+00  -2.4690394526341983e-01   4.8608524840368883e-01  -3.3083898812930617e+00  -4.7537130837984495e-09
 -8.0000000000000000e+00  -2.4809757325801235e-01   4.8938650946484513e-01  -3.3308226416485107e+00  -5.0063380851810714e-09
 -7.9749999999999996e+00  -2.4923554170732679e-01   4.9259538839939554e-01  -3.3526249516179916e+00  -5.2647170118663156e-09
 -7.9499999999999993e+00  -2.5031763717170852e-01   4.9571091174589360e-01  -3.3737901413499296e+00  -5.5280276652230669e-09
 -7.9249999999999998e+00  -2.5134366538327502e-01   4.9873212252228144e-01  -3.3943116519100420e+00  -5.7952872466816174e-09
 -7.8999999999999995e+00  -2.5231345122243015e-01   5.0165808048431781e-01  -3.4141830370044932e+00  -6.0653337932307796e-09
 -7.8750000000000000e+00  -2.5322683868222268e-01   5.0448786238267052e-01  -3.4333979646790524e+00  -6.3368058937523223e-09
 -7.8499999999999996e+00  -2.5408369082098198e-01   5.0722056221678335e-01  -3.4519502189990900e+00  -6.6081205394873350e-09
 -7.8249999999999993e+00  -2.5488388970317494e-01   5.0985529148673847e-01  -3.4698337017091538e+00  -6.8774489891620978e-09
 -7.7999999999999998e+00  -2.5562733632880397e-01   5.1239117944139190e-01  -3.4870424338751067e+00  -7.1426904352937449e-09
 -7.7749999999999995e+00  -2.5631395055138295e-01   5.1482737332371886e-01  -3.5035705575084601e+00  -7.4014433831152968e-09
 -7.7500000000000000e+00  -2.5694367098401949e-01   5.1716303861385116e-01  -3.5194123371645927e+00  -7.6509744949631834e-09
 -7.7249999999999996e+00  -2.5751645489412434e-01   5.1939735926897457e-01  -3.5345621615206890e+00  -7.8881847519311022e-09
 -7.6999999999999993e+00  -2.5803227808686113e-01   5.2152953795998847e-01  -3.5490145449335548e+00  -8.1095727163723071e-09
 -7.6749999999999998e+00  -2.5849113477699737e-01   5.2355879630586877e-01  -3.5627641289706151e+00  -8.3111946909942299e-09
 -7.6499999999999995e+00  -2.5889303744938896e-01   5.2548437510525436e-01  -3.5758056839154304e+00  -8.4886215297520249e-09
 -7.6250000000000000e+00  -2.5923801670904323e-01   5.2730553456328377e-01  -3.5881341102591300e+00  -8.6368918707394637e-09
 -7.5999999999999996e+00  -2.5952612112002349e-01   5.2902155451611266e-01  -3.5997444401654866e+00  -8.7504615364607719e-09
 -7.5749999999999993e+00  -2.5975741703327021e-01   5.3063173465226310e-01  -3.6106318389078522e+00  -8.8231488359597582e-09
 -7.5499999999999998e+00  -2.5993198840380655e-01   5.3213539473083094e-01  -3.6207916062825301e+00  -8.8480754507167116e-09
 -7.5249999999999995e+00  -2.6004993659759074e-01   5.3353187479563879e-01  -3.6302191779996584e+00  -8.8176026250620429e-09
 -7.5000000000000000e+00  -2.6011138018768520e-01   5.3482053538698027e-01  -3.6389101270444719e+00  -8.7232623542619834e-09
 -7.4749999999999996e+00  -2.6011645474019929e-01   5.3600075774951639e-01  -3.6468601650122294e+00  -8.5556831822626873e-09
 -7.4499999999999993e+00  -2.6006531259048088e-01   5.3707194403630854e-01  -3.6540651434210916e+00  -8.3045102876157182e-09
 -7.4249999999999998e+00  -2.5995812260946433e-01   5.3803351750907746e-01  -3.6605210549983789e+00  -7.9583194600531554e-09
 -7.3999999999999995e+00  -2.5979506996005652e-01   5.3888492273562461e-01  -3.6662240349355173e+00  -7.5045245861293101e-09
 -7.3750000000000000e+00  -2.5957635584395694e-01   5.3962562578360929e-01  -3.6711703621138394e+00  -6.9292782002891217e-09
 -7.3499999999999996e+00  -2.5930219723942916e-01   5.4025511441027918e-01  -3.6753564603054465e+00  -6.2173646656650182e-09
 -7.3249999999999993e+00  -2.5897282663030124e-01   5.4077289824769259e-01  -3.6787788993495489e+00  -5.3520855363489396e-09
 -7.2999999999999998e+00  -2.5858849172587228e-01   5.4117850898495434e-01  -3.6814343962961731e+00  -4.3151365953680572e-09
 -7.2749999999999995e+00  -2.5814945517211768e-01   5.4147150054651649e-01  -3.6833198165188232e+00  -3.0864760521853635e-09
 -7.2500000000000000e+00  -2.5765599425460589e-01   5.4165144926664388e-01  -3.6844321747985362e+00  -1.6441833924543096e-09
 -7.2249999999999996e+00  -2.5710840059328333e-01   5.4171795405983736e-01  -3.6847686363774357e+00   3.5691715101650568e-11
 -7.1999999999999993e+00  -2.5650697982935622e-01   5.4167063658752002e-01  -3.6843265179811913e+00   1.9792910138041311e-09
 -7.1749999999999998e+00  -2.5585205130500288e-01   5.4150914141946926e-01  -3.6831032888164890e+00   4.2151203863442667e-09
 -7.1499999999999995e+00  -2.5514394773559707e-01   5.4123313619190860e-01  -3.6810965715352109e+00   6.7742343144655768e-09
 -7.1250000000000000e+00  -2.5438301487454079e-01   5.4084231176184383e-01  -3.6783041431619150e+00   9.6904327770347548e-09
 -7.0999999999999996e+00  -2.5356961117140570e-01   5.4033638235723103e-01  -3.6747239359905262e+00   1.3000471228660923e-08
 -7.0749999999999993e+00  -2.5270410742383298e-01   5.3971508572226812e-01  -3.6703540384520523e+00   1.6744284407926206e-08
 -7.0499999999999998e+00  -2.5178688642324587e-01   5.3897818325858848e-01  -3.6651926959497496e+00   2.0965224679757133e-08
 -7.0249999999999995e+00  -2.5081834259470392e-01   5.3812546016185625e-01  -3.6592383116615439e+00   2.5710315680047811e-08
 -7.0000000000000000e+00  -2.4979888163105127e-01   5.3715672555448479e-01  -3.6524894473074134e+00   3.1030522045413713e-08
 -6.9749999999999996e+00  -2.4872892012174688e-01   5.3607181261385617e-01  -3.6449448238822115e+00   3.6981036051104459e-08
 -6.9499999999999993e+00  -2.4760888517679966e-01   5.3487057869611976e-01  -3.6366033223555121e+00   4.3621581922782456e-08
 -6.9249999999999998e+00  -2.4643921404631708e-01   5.3355290545477929e-01  -3.6274639843404155e+00   5.1016738738604626e-08
 -6.8999999999999995e+00  -2.4522035373558804e-01   5.3211869895537567e-01  -3.6175260127256386e+00   5.9236282726808193e-08
 -6.8750000000000000e+00  -2.4395276061619678e-01   5.3056788978523051e-01  -3.6067887722725027e+00   6.8355549861603501e-08
 -6.8499999999999996e+00  -2.4263690003343552e-01   5.2890043315903745e-01  -3.5952517901760186e+00   7.8455819610212107e-08
 -6.8249999999999993e+00  -2.4127324591054272e-01   5.2711630901920081e-01  -3.5829147565919910e+00   8.9624720783574827e-08
 -6.7999999999999998e+00  -2.3986228035002075e-01   5.2521552213167977e-01  -3.5697775251290680e+00   1.0195666031801834e-07
 -6.7749999999999995e+00  -2.3840449323236015e-01   5.2319810217680685e-01  -3.5558401133048352e+00   1.1555327593198799e-07
 -6.7500000000000000e+00  -2.3690038181261067e-01   5.2106410383523394e-01  -3.5411027029671809e+00   1.3052391352826802e-07
 -6.7249999999999996e+00  -2.3535045031498020e-01   5.1881360686911260e-01  -3.5255656406781308e+00   1.4698613024208396e-07
 -6.7000000000000002e+00  -2.3375520952578438e-01   5.1644671619866700e-01  -3.5092294380595184e+00   1.6506622397556992e-07
 -6.6749999999999998e+00  -2.3211517638537732e-01   5.1396356197335258e-01  -3.4920947721040876e+00   1.8489979026820112e-07
 -6.6499999999999995e+00  -2.3043087357937547e-01   5.1136429963789964e-01  -3.4741624854511968e+00   2.0663230731997966e-07
 -6.6250000000000000e+00  -2.2870282912926079e-01   5.0864910999364432e-01  -3.4554335866230326e+00   2.3041974989482322e-07
 -6.5999999999999996e+00  -2.2693157598304378e-01   5.0581819925435245e-01  -3.4359092502254476e+00   2.5642923285644581e-07
 -6.5750000000000002e+00  -2.2511765160624791e-01   5.0287179909695656e-01  -3.4155908171120677e+00   2.8483968494978045e-07
 -6.5499999999999998e+00  -2.2326159757351330e-01   4.9981016670704242e-01  -3.3944797945103278e+00   3.1584255340875899e-07
 -6.5249999999999995e+00  -2.2136395916126209e-01   4.9663358481905717e-01  -3.3725778561104516e+00   3.4964253985798746e-07
 -6.5000000000000000e+00  -2.1942528494176142e-01   4.9334236175118173e-01  -3.3498868421168067e+00   3.8645836788849520e-07
 -6.4749999999999996e+00  -2.1744612637903224e-01   4.8993683143464650e-01  -3.3264087592626388e+00   4.2652358253954538e-07
 -6.4500000000000002e+00  -2.1542703742691383e-01   4.8641735343763215e-01  -3.3021457807873436e+00   4.7008738178792675e-07
 -6.4249999999999998e+00  -2.1336857412972096e-01   4.8278431298343344e-01  -3.2771002463771102e+00   5.1741547997660881e-07
 -6.3999999999999995e+00  -2.1127129422580115e-01   4.7903812096311893e-01  -3.2512746620681323e+00   5.6879100293683213e-07
 -6.3750000000000000e+00  -2.0913575675433141e-01   4.7517921394253460e-01  -3.2246717001119443e+00   6.2451541430779104e-07
 -6.3499999999999996e+00  -2.0696252166579840e-01   4.7120805416354777e-01  -3.1972941988039771e+00   6.8490947238130178e-07
 -6.3250000000000002e+00  -2.0475214943653247e-01   4.6712512953937824e-01  -3.1691451622755218e+00   7.5031421645138412e-07
 -6.2999999999999998e+00  -2.0250520068762620e-01   4.6293095364409637e-01  -3.1402277602487061e+00   8.2109198138958157e-07
 -6.2749999999999995e+00  -2.0022223580868193e-01   4.5862606569594866e-01  -3.1105453277557271e+00   8.9762743881300657e-07
 -6.2500000000000000e+00  -1.9790381458670556e-01   4.5421103053466677e-01  -3.0801013648219131e+00   9.8032866283567885e-07
 -6.2249999999999996e+00  -1.9555049584049475e-01   4.4968643859256530e-01  -3.0488995361126383e+00   1.0696282179422641e-06
 -6.2000000000000002e+00  -1.9316283706087126e-01   4.4505290585948987e-01  -3.0169436705442685e+00   1.1659842660730670e-06
 -6.1749999999999998e+00  -1.9074139405718005e-01   4.4031107384127660e-01  -2.9842377608603172e+00   1.2698816894960450e-06
 -6.1499999999999995e+00  -1.8828672061041113e-01   4.3546160951173102e-01  -2.9507859631732689e+00   1.3818332254282829e-06
 -6.1250000000000000e+00  -1.8579936813326361e-01   4.3050520525800695e-01  -2.9165925964720163e+00   1.5023806077481557e-06
 -6.0999999999999996e+00  -1.8327988533750428e-01   4.2544257881934772e-01  -2.8816621420953976e+00   1.6320957104466692e-06
 -6.0750000000000002e+00  -1.8072881790900697e-01   4.2027447321891415e-01  -2.8459992431729746e+00   1.7715816866540809e-06
 -6.0499999999999998e+00  -1.7814670819078807e-01   4.1500165668873684e-01  -2.8096087040332400e+00   1.9214740962773027e-06
 -6.0249999999999995e+00  -1.7553409487438318e-01   4.0962492258755562e-01  -2.7724954895799945e+00   2.0824420142976638e-06
 -6.0000000000000000e+00  -1.7289151269991751e-01   4.0414508931146487e-01  -2.7346647246378497e+00   2.2551891107951578e-06
 -5.9749999999999996e+00  -1.7021949216520471e-01   3.9856300019714497e-01  -2.6961216932677061e+00   2.4404546926240995e-06
 -5.9500000000000002e+00  -1.6751855924416692e-01   3.9287952341768745e-01  -2.6568718380525644e+00   2.6390146954612544e-06
 -5.9249999999999998e+00  -1.6478923511495386e-01   3.8709555187064815e-01  -2.6169207593553860e+00   2.8516826135946248e-06
 -5.8999999999999995e+00  -1.6203203589809845e-01   3.8121200305820852e-01  -2.5762742145502964e+00   3.0793103533967236e-06
 -5.8750000000000000e+00  -1.5924747240493201e-01   3.7522981895942803e-01  -2.5349381172269427e+00   3.3227889948195186e-06
 -5.8499999999999996e+00  -1.5643604989660684e-01   3.6914996589432275e-01  -2.4929185363697233e+00   3.5830494435685130e-06
 -5.8250000000000002e+00  -1.5359826785409653e-01   3.6297343437942725e-01  -2.4502216955141347e+00   3.8610629547010691e-06
 -5.7999999999999998e+00  -1.5073461975941146e-01   3.5670123897481476e-01  -2.4068539718807522e+00   4.1578415064358228e-06
 -5.7749999999999995e+00  -1.4784559288828736e-01   3.5033441812237592e-01  -2.3628218954877851e+00   4.4744380007063320e-06
 -5.7500000000000000e+00  -1.4493166811468211e-01   3.4387403397507560e-01  -2.3181321482444748e+00   4.8119462646905908e-06
 -5.7249999999999996e+00  -1.4199331972737844e-01   3.3732117221689029e-01  -2.2727915630272508e+00   5.1715008249311365e-06
 -5.7000000000000002e+00  -1.3903101525892927e-01   3.3067694187329011e-01  -2.2268071227399142e+00   5.5542764229314378e-06
 -5.6749999999999998e+00  -1.3604521532719896e-01   3.2394247511200824e-01  -2.1801859593594903e+00   5.9614872381092919e-06
 -5.6499999999999995e+00  -1.3303637348977188e-01   3.1711892703383293e-01  -2.1329353529699402e+00   6.3943857807859795e-06
 -5.6250000000000000e+00  -1.3000493611147870e-01   3.1020747545312782e-01  -2.0850627307858147e+00   6.8542614144032027e-06
 -5.5999999999999996e+00  -1.2695134224527960e-01   3.0320932066782147e-01  -2.0365756661679812e+00   7.3424384624598493e-06
 -5.5750000000000002e+00  -1.2387602352670035e-01   2.9612568521864369e-01  -1.9874818776332368e+00   7.8602738516073142e-06
 -5.5499999999999998e+00  -1.2077940408207312e-01   2.8895781363723705e-01  -1.9377892278605713e+00   8.4091542380897805e-06
 -5.5249999999999995e+00  -1.1766190045078255e-01   2.8170697218287383e-01  -1.8875057226964838e+00   8.9904925600180687e-06
 -5.5000000000000000e+00  -1.1452392152171244e-01   2.7437444856745385e-01  -1.8366395101618374e+00   9.6057239530692544e-06
 -5.4749999999999996e+00  -1.1136586848404517e-01   2.6696155166857177e-01  -1.7851988794624638e+00   1.0256300961864047e-05
 -5.4500000000000002e+00  -1.0818813479263927e-01   2.5946961123015888e-01  -1.7331922600070244e+00   1.0943687973563713e-05
 -5.4249999999999998e+00  -1.0499110614812697e-01   2.5189997755047921e-01  -1.6806282204347662e+00   1.1669354794166991e-05
 -5.3999999999999995e+00  -1.0177516049185704e-01   2.4425402115712766e-01  -1.6275154676558268e+00   1.2434769281484121e-05
 -5.3750000000000000e+00  -9.8540668015803953e-02   2.3653313246875177e-01  -1.5738628459070589e+00   1.3241388941776451e-05
 -5.3499999999999996e+00  -9.5287991187569296e-02   2.2873872144310267e-01  -1.5196793358266669e+00   1.4090651389688227e-05
 -5.3250000000000002e+00  -9.2017484790584192e-02   2.2087221721107136e-01  -1.4649740535511029e+00   1.4983963563157414e-05
 -5.2999999999999998e+00  -8.8729495979586431e-02   2.1293506769635831e-01  -1.4097562498374754e+00   1.5922689576581205e-05
 -5.2749999999999995e+00  -8.5424364351409057e-02   2.0492873922050492e-01  -1.3540353092145632e+00   1.6908137086574593e-05
 -5.2500000000000000e+00  -8.2102422031103850e-02   1.9685471609295913e-01  -1.2978207491657108e+00   1.7941542035097616e-05
 -5.2249999999999996e+00  -7.8763993773412644e-02   1.8871450018587352e-01  -1.2411222193471032e+00   1.9024051624654366e-05
 -5.2000000000000002e+00  -7.5409397079590559e-02   1.8050961049326997e-01  -1.1839495008451877e+00   2.0156705369496951e-05
 -5.1749999999999998e+00  -7.2038942329543151e-02   1.7224158267428108e-01  -1.1263125054768353e+00   2.1340414055395472e-05
 -5.1499999999999995e+00  -6.8652932929166660e-02   1.6391196858027676e-01  -1.0682212751351874e+00   2.2575936428470892e-05
 -5.1250000000000000e+00  -6.5251665472792361e-02   1.5552233576560523e-01  -1.0096859811847498e+00   2.3863853420840915e-05
 -5.0999999999999996e+00  -6.1835429920605457e-02   1.4707426698171966e-01  -9.5071692390930562e-01   2.5204539707331369e-05
 -5.0750000000000002e+00  -5.8404509790859198e-02   1.3856935965449613e-01  -8.9132453201597894e-01   2.6598132373257709e-05
 -5.0499999999999998e+00  -5.4959182366647721e-02   1.3000922534464257e-01  -8.3151936219842859e-01   2.8044496458252236e-05
 -5.0249999999999995e+00  -5.1499718916976731e-02   1.2139548919107815e-01  -7.7131209876230511e-01   2.9543187125278334e-05
 -5.0000000000000000e+00  -4.8026384931822416e-02   1.1272978933724478e-01  -7.1071355331591946e-01   3.1093408187319335e-05
 -4.9749999999999996e+00  -4.4539440370805670e-02   1.0401377634036918e-01  -6.4973466452869078e-01   3.2693966706677144e-05
 -4.9500000000000002e+00  -4.1039139925053335e-02   9.5249112563778160e-02  -5.8838649795968634e-01   3.4343223363440252e-05
 -4.9249999999999998e+00  -3.7525733291755958e-02   8.6437471552437944e-02  -5.2668024595824336e-01   3.6039038270361691e-05
 -4.8999999999999995e+00  -3.3999465460872104e-02   7.7580537391970184e-02  -4.6462722763838438e-01   3.7778711891202729e-05
 -4.8750000000000000e+00  -3.0460577013358334e-02   6.8680004051487401e-02  -4.0223888892831766e-01   3.9558920698450784e-05
 -4.8499999999999996e+00  -2.6909304430224146e-02   5.9737574710703553e-02  -3.3952680269579383e-01   4.1375647184231251e-05
 -4.8250000000000002e+00  -2.3345880411613819e-02   5.0754961071936569e-02  -2.7650266894931275e-01   4.3224103815261683e-05
 -4.7999999999999998e+00  -1.9770534205036390e-02   4.1733882657715840e-02  -2.1317831511467888e-01   4.5098650498714086e-05
 -4.7749999999999995e+00  -1.6183491941758429e-02   3.2676066094899085e-02  -1.4956569638553482e-01   4.6992705100977219e-05
 -4.7500000000000000e+00  -1.2584976980273983e-02   2.3583244386335869e-02  -8.5676896145754286e-02   4.8898646535506710e-05
 -4.7249999999999996e+00  -8.9752102556600686e-03   1.4457156171294326e-02  -2.1524126460761288e-02   5.0807709909224454e-05
 -4.7000000000000002e+00  -5.3544106334882813e-03   5.2995449760989228e-03   4.2880271366413203e-02   5.2709873189376260e-05
 -4.6749999999999998e+00  -1.7227952668277607e-03  -3.8878415433510720e-03   1.0752382617973237e-01   5.4593734824315082e-05
 -4.6499999999999995e+00   1.9194200452618065e-03  -1.3103252365282005e-02   1.7239393630200886e-01   5.6446381722486026e-05
 -4.6250000000000000e+00   5.5720204995183178e-03  -2.2344933869755942e-02   2.3747786882228228e-01   5.8253246963998079e-05
 -4.5999999999999996e+00   9.2347919324644381e-03  -3.1611130607949352e-02   3.0276275884830245e-01   5.9997956588591191e-05
 -4.5750000000000002e+00   1.2907520468694813e-02  -4.0900086070215821e-02   3.6823560873553723e-01   6.1662164772697406e-05
 -4.5499999999999998e+00   1.6589992175767385e-02  -5.0210043449784900e-02   4.3388328730622638e-01   6.3225376676823364e-05
 -4.5250000000000004e+00   2.0281992728204308e-02  -5.9539246398588416e-02   4.9969252907407774e-01   6.4664758212594370e-05
 -4.5000000000000000e+00   2.3983307083331833e-02  -6.8885939771281463e-02   5.6564993349259318e-01   6.5954931946890928e-05
 -4.4749999999999996e+00   2.7693719171924286e-02  -7.8248370353096924e-02   6.3174196424756501e-01   6.7067758328567123e-05
 -4.4500000000000002e+00   3.1413011606865909e-02  -8.7624787566695214e-02   6.9795494861702512e-01   6.7972101391619444e-05
 -4.4249999999999998e+00   3.5140965413311402e-02  -9.7013444152672740e-02   7.6427507692493224e-01   6.8633578057522034e-05
 -4.4000000000000004e+00   3.8877359784127985e-02  -1.0641259681780225e-01   8.3068840211841133e-01   6.9014290129082800e-05
 -4.3750000000000000e+00   4.2621971864694699e-02  -1.1582050684452333e-01   8.9718083950173200e-01   6.9072538038992529e-05
 -4.3499999999999996e+00   4.6374576571478116e-02  -1.2523544065451692e-01   9.6373816666438983e-01   6.8762515388448963e-05
 -4.3250000000000002e+00   5.0134946449144485e-02  -1.3465567031854064e-01   1.0303460236447541e+00   6.8033983285438414e-05
 -4.2999999999999998e+00   5.3902851571337347e-02  -1.4407947400396065e-01   1.0969899133753265e+00   6.6831923468794338e-05
 -4.2750000000000004e+00   5.7678059490647152e-02  -1.5350513635062657e-01   1.1636552024606781e+00   6.5096169183628710e-05
 -4.2500000000000000e+00   6.1460335243715428e-02  -1.6293094876489653e-01   1.2303271223444492e+00   6.2761012756763003e-05
 -4.2249999999999996e+00   6.5249441417858906e-02  -1.7235520962072562e-01   1.2969907709275814e+00   5.9754788807992744e-05
 -4.2000000000000002e+00   6.9045138286063082e-02  -1.8177622435577948e-01   1.3636311147061266e+00   5.5999432025272846e-05
 -4.1749999999999998e+00   7.2847184017695479e-02  -1.9119230544951196e-01   1.4302329915037346e+00   5.1410008429965158e-05
 -4.1500000000000004e+00   7.6655334972809741e-02  -2.0060177226906151e-01   1.4967811138810982e+00   4.5894219063266243e-05
 -4.1250000000000000e+00   8.0469346088458821e-02  -2.1000295076768971e-01   1.5632600733123068e+00   3.9351875037739184e-05
 -4.0999999999999996e+00   8.4288971366015597e-02  -2.1939417301926251e-01   1.6296543452263310e+00   3.1674342919915766e-05
 -4.0750000000000002e+00   8.8113964469105924e-02  -2.2877377657100334e-01   1.6959482950207014e+00   2.2743959442420327e-05
 -4.0500000000000007e+00   9.1944079442398963e-02  -2.3814010359537896e-01   1.7621261851639478e+00   1.2433414588653451e-05
 -4.0250000000000004e+00   9.5779071562162671e-02  -2.4749149982056939e-01   1.8281721835133888e+00   6.0510215138866616e-07
 -4.0000000000000000e+00   9.9618698330193323e-02  -2.5682631321745636e-01   1.8940703729857495e+00  -1.2889563059434970e-05
 -3.9749999999999996e+00   1.0346272062345065e-01  -2.6614289241950206e-01   1.9598047627295068e+00  -2.8210862092711955e-05
 -3.9499999999999993e+00   1.0731090401248194e-01  -2.7543958485023928e-01   2.0253593009600488e+00  -4.5531523437060922e-05
 -3.9250000000000007e+00   1.1116302026249804e-01  -2.8471473453138679e-01   2.0907178896317107e+00  -6.5037509793180930e-05
 -3.9000000000000004e+00   1.1501884903177531e-01  -2.9396667954278427e-01   2.1558644011345844e+00  -8.6928840363859194e-05
 -3.8750000000000000e+00   1.1887817978289313e-01  -3.0319374910348207e-01   2.2207826972186679e+00  -1.1142044879869221e-04
 -3.8499999999999996e+00   1.2274081392316279e-01  -3.1239426024138733e-01   2.2854566503632672e+00  -1.3874307670870521e-04
 -3.8249999999999993e+00   1.2660656719147298e-01  -3.2156651401688696e-01   2.3498701678258951e+00  -1.6914420240775579e-04
 -3.8000000000000007e+00   1.3047527230965525e-01  -3.3070879126381197e-01   2.4140072186220167e+00  -2.0288900423809017e-04
 -3.7750000000000004e+00   1.3434678191736435e-01  -3.3981934780902440e-01   2.4778518637050748e+00  -2.4026135749204150e-04
 -3.7500000000000000e+00   1.3822097181035156e-01  -3.4889640912977110e-01   2.5413882896350901e+00  -2.8156486354474400e-04
 -3.7249999999999996e+00   1.4209774450289242e-01  -3.5793816440580667e-01   2.6046008460439394e+00  -3.2712390935803204e-04
 -3.6999999999999993e+00   1.4597703313599369e-01  -3.6694275992111214e-01   2.6674740872260752e+00  -3.7728475499640744e-04
 -3.6750000000000007e+00   1.4985880575382779e-01  -3.7590829176791518e-01   2.7299928182047446e+00  -4.3241664620461567e-04
 -3.6500000000000004e+00   1.5374306997162776e-01  -3.8483279780361235e-01   2.7921421456459230e+00  -4.9291294842446752e-04
 -3.6250000000000000e+00   1.5762987805899414e-01  -3.9371424880916484e-01   2.8539075340149029e+00  -5.5919229786683972e-04
 -3.5999999999999996e+00   1.6151933246319844e-01  -4.0255053879561475e-01   2.9152748673937707e+00  -6.3169976439281098e-04
 -3.5749999999999993e+00   1.6541159179759807e-01  -4.1133947440358531e-01   2.9762305174017341e+00  -7.1090801998420440e-04
 -3.5500000000000007e+00   1.6930687732066541e-01  -4.2007876333903699e-01   3.0367614176841551e+00  -7.9731850548557081e-04
 -3.5250000000000004e+00   1.7320547993135524e-01  -4.2876600178721969e-01   3.0968551454600761e+00  -8.9146258706267461e-04
 -3.5000000000000000e+00   1.7710776770654421e-01  -4.3739866074574096e-01   3.1565000106416798e+00  -9.9390269243112249e-04
 -3.4749999999999996e+00   1.8101419400603180e-01  -4.4597407121704280e-01   3.2156851530621808e+00  -1.1052334153452659e-03
 -3.4499999999999993e+00   1.8492530617004818e-01  -4.5448940820043376e-01   3.2744006483708334e+00  -1.2260825750826172e-03
 -3.4250000000000007e+00   1.8884175483329607e-01  -4.6294167342426662e-01   3.3326376231743606e+00  -1.3571122156910969e-03
 -3.4000000000000004e+00   1.9276430387820398e-01  -4.7132767675999715e-01   3.3903883800228813e+00  -1.4990195275614718e-03
 -3.3750000000000000e+00   1.9669384104820836e-01  -4.7964401626183295e-01   3.4476465328545545e+00  -1.6525376714188254e-03
 -3.3499999999999996e+00   2.0063138923941096e-01  -4.8788705677865346e-01   3.5044071535259720e+00  -1.8184364820652012e-03
 -3.3249999999999993e+00   2.0457811848578086e-01  -4.9605290708900907e-01   3.5606669300639600e+00  -1.9975230261178763e-03
 -3.3000000000000007e+00   2.0853535864906780e-01  -5.0413739551549908e-01   3.6164243372779015e+00  -2.1906419845376642e-03
 -3.2750000000000004e+00   2.1250461281962371e-01  -5.1213604398189438e-01   3.6716798203688001e+00  -2.3986758268887093e-03
 -3.2500000000000000e+00   2.1648757142825173e-01  -5.2004404048526742e-01   3.7264359921608454e+00  -2.6225447399704574e-03
 -3.2249999999999996e+00   2.2048612706183285e-01  -5.2785620996639204e-01   3.7806978445616495e+00  -2.8632062686641717e-03
 -3.1999999999999993e+00   2.2450238996663263e-01  -5.3556698357508969e-01   3.8344729748269928e+00  -3.1216546214849761e-03
 -3.1750000000000007e+00   2.2853870421264197e-01  -5.4317036634336746e-01   3.8877718271629069e+00  -3.3989195873645175e-03
 -3.1500000000000004e+00   2.3259766447981289e-01  -5.5065990329849290e-01   3.9406079501402331e+00  -3.6960650035409246e-03
 -3.1250000000000000e+00   2.3668213341233532e-01  -5.5802864407100061e-01   3.9929982703218747e+00  -4.0141867070259190e-03
 -3.0999999999999996e+00   2.4079525946986063e-01  -5.6526910607947245e-01   4.0449633824084401e+00  -4.3544098938699686e-03
 -3.0749999999999993e+00   2.4494049518446581e-01  -5.7237323640528082e-01   4.0965278560907201e+00  -4.7178858012621328e-03
 -3.0500000000000007e+00   2.4912161570879543e-01  -5.7933237250684677e-01   4.1477205596545206e+00  -5.1057876172785890e-03
 -3.0250000000000004e+00   2.5334273751379188e-01  -5.8613720196492491e-01   4.1985750002111510e+00  -5.5193055117185048e-03
 -3.0000000000000000e+00   2.5760833706326614e-01  -5.9277772149859698e-01   4.2491296802217153e+00  -5.9596406688115213e-03
 -2.9749999999999996e+00   2.6192326925676146e-01  -5.9924319554666194e-01   4.2994284697411835e+00  -6.4279981885074500e-03
 -2.9499999999999993e+00   2.6629278539116014e-01  -6.0552211477164530e-01   4.3495209935247461e+00  -6.9255787074113716e-03
 -2.9250000000000007e+00   2.7072255034466097e-01  -6.1160215491438885e-01   4.3994630318096002e+00  -7.4535685730351053e-03
 -2.9000000000000004e+00   2.7521865863345107e-01  -6.1747013650685467e-01   4.4493169332053109e+00  -8.0131283857105932e-03
 -2.8750000000000000e+00   2.7978764893087160e-01  -6.2311198604009210e-01   4.4991520376902825e+00  -8.6053797010443977e-03
 -2.8499999999999996e+00   2.8443651657034885e-01  -6.2851269928397768e-01   4.5490451072155240e+00  -9.2313896619568986e-03
 -2.8249999999999993e+00   2.8917272347596057e-01  -6.3365630756604596e-01   4.5990807608545783e+00  -9.8921533028944447e-03
 -2.8000000000000007e+00   2.9400420487732359e-01  -6.3852584793910039e-01   4.6493519108053052e+00  -1.0588573239453043e-02
 -2.7750000000000004e+00   2.9893937206750348e-01  -6.4310333830190569e-01   4.6999601948399423e+00  -1.1321436424108784e-02
 -2.7500000000000000e+00   3.0398711035280634e-01  -6.4736975868458635e-01   4.7510164000100437e+00  -1.2091387612686993e-02
 -2.7249999999999996e+00   3.0915677122045448e-01  -6.5130504007069534e-01   4.8026408715382010e+00  -1.2898899146266022e-02
 -2.6999999999999993e+00   3.1445815761304297e-01  -6.5488806230146279e-01   4.8549638998654148e+00  -1.3744236609021772e-02
 -2.6750000000000007e+00   3.1990150104600856e-01  -6.5809666279437196e-01   4.9081260777689435e+00  -1.4627419873667630e-02
 -2.6500000000000004e+00   3.2549742913470314e-01  -6.6090765800761286e-01   4.9622786183189884e+00  -1.5548178992197603e-02
 -2.6250000000000000e+00   3.3125692190956540e-01  -6.6329687979340957e-01   5.0175836232037589e+00  -1.6505904330141839e-02
 -2.5999999999999996e+00   3.3719125508971465e-01  -6.6523922900558852e-01   5.0742142896231934e+00  -1.7499590277018338e-02
 -2.5749999999999993e+00   3.4331192825536228e-01  -6.6670874895843135e-01   5.1323550425362727e+00  -1.8527771793627780e-02
 -2.5500000000000007e+00   3.4963057560593241e-01  -6.6767872157257102e-01   5.1922015775524812e+00  -1.9588452977805072e-02
 -2.5250000000000004e+00   3.5615885671178255e-01  -6.6812178928652133e-01   5.2539607981950560e+00  -2.0679026743742557e-02
 -2.5000000000000000e+00   3.6290832436086573e-01  -6.6801010605555877e-01   5.3178506296468990e+00  -2.1796184615605792e-02
 -2.4749999999999996e+00   3.6989026626539967e-01  -6.6731552099831692e-01   5.3840996894386306e+00  -2.2935815533509017e-02
 -2.4499999999999993e+00   3.7711551702529422e-01  -6.6600979847964359e-01   5.4529467938776000e+00  -2.4092892458750178e-02
 -2.4250000000000007e+00   3.8459423634228318e-01  -6.6406487862870456e-01   5.5246402773783982e+00  -2.5261345445429427e-02
 -2.4000000000000004e+00   3.9233564903882451e-01  -6.6145318247509477e-01   5.5994371002794887e+00  -2.6433919717330810e-02
 -2.3750000000000000e+00   4.0034774195617240e-01  -6.5814796603209491e-01   5.6776017192660015e+00  -2.7602017152699894e-02
 -2.3499999999999996e+00   4.0863691228376986e-01  -6.5412372775231442e-01   5.7594046932257212e+00  -2.8755519436215776e-02
 -2.3249999999999993e+00   4.1720756130441194e-01  -6.4935667381137341e-01   5.8451209963165152e+00  -2.9882590988559016e-02
 -2.3000000000000007e+00   4.2606162692365385e-01  -6.4382524562173848e-01   5.9350280093071079e+00  -3.0969459631858338e-02
 -2.2750000000000004e+00   4.3519804768499343e-01  -6.3751071381959123e-01   6.0294031599748132e+00  -3.2000172797382660e-02
 -2.2500000000000000e+00   4.4461215025210521e-01  -6.3039784267705123e-01   6.1285211836301228e+00  -3.2956326934981274e-02
 -2.2249999999999996e+00   4.5429495156408839e-01  -6.2247562843988846e-01   6.2326509758401700e+00  -3.3816767648680454e-02
 -2.1999999999999993e+00   4.6423236603859175e-01  -6.1373811444136295e-01   6.3420520113209893e+00  -3.4557257968659987e-02
 -2.1750000000000007e+00   4.7440430731163608e-01  -6.0418528495405244e-01   6.4569703059761947e+00  -3.5150112088835131e-02
 -2.1500000000000004e+00   4.8478367306524128e-01  -5.9382403856415988e-01   6.5776339034314182e+00  -3.5563791867770263e-02
 -2.1250000000000000e+00   4.9533520051133667e-01  -5.8266924032906231e-01   6.7042478734502531e+00  -3.5762463430121572e-02
 -2.0999999999999996e+00   5.0601417908478430e-01  -5.7074485004114739e-01   6.8369888176743068e+00  -3.5705511344299931e-02
 -2.0749999999999993e+00   5.1676500586880303e-01  -5.5808512149043088e-01   6.9759988886263598e+00  -3.5347008125938842e-02
 -2.0500000000000007e+00   5.2751956826194935e-01  -5.4473586460343448e-01   7.1213793413436282e+00  -3.4635137272926310e-02
 -2.0250000000000004e+00   5.3819543744056575e-01  -5.3075575863034197e-01   7.2731836539431116e+00  -3.3511568736232844e-02
 -2.0000000000000000e+00   5.4869385533718773e-01  -5.1621770003484568e-01   7.4314102745307657e+00  -3.1910786747908065e-02
 -1.9749999999999996e+00   5.5889749723339077e-01  -5.0121016327275636e-01   7.5959950779205405e+00  -2.9759371359955007e-02
 -1.9499999999999993e+00   5.6866799178065552e-01  -4.8583854607051724e-01   7.7668036475042319e+00  -2.6975237016482377e-02
 -1.9250000000000007e+00   5.7784318048932026e-01  -4.7022646296076637e-01   7.9436235362919581e+00  -2.3466834137480720e-02
 -1.9000000000000004e+00   5.8623409970292784e-01  -4.5451694151252964e-01   8.1261567077060022e+00  -1.9132323222040587e-02
 -1.8750000000000000e+00   5.9362167012893796e-01  -4.3887346471351663e-01   8.3140124123097383e+00  -1.3858735609390582e-02
 -1.8499999999999996e+00   5.9975308256634574e-01  -4.2348079012780004e-01   8.5067008224626637e+00  -7.5211410423016425e-03
 -1.8249999999999993e+00   6.0433787414447271e-01  -4.0854546158822153e-01   8.7036278240240339e+00   1.8150114783263170e-05
 -1.8000000000000007e+00   6.0704369794589130e-01  -3.9429591215734655e-01   8.9040914535930682e+00   8.9103123615537540e-03
 -1.7750000000000004e+00   6.0749180135751246e-01  -3.8098203785460638e-01   9.1072805718728755e+00   1.9320608309984937e-02
 -1.7500000000000000e+00   6.0525224621606755e-01  -3.6887410029146045e-01   9.3122764783513645e+00   3.1428804472358504e-02
 -1.7249999999999996e+00   5.9983892851277698e-01  -3.5826079319392207e-01   9.5180582981939228e+00   4.5429315621293355e-02
 -1.6999999999999993e+00   5.9070448929102237e-01  -3.4944628347156542e-01   9.7235131058011408e+00   6.1530971091522661e-02
 -1.6750000000000007e+00   5.7723525415594568e-01  -3.4274601315438602e-01   9.9274518849497433e+00   7.9956269469376742e-02
 -1.6500000000000004e+00   5.5874639988184560e-01  -3.3848102600062135e-01   1.0128632552964362e+01   1.0093995681633298e-01
 -1.6250000000000000e+00   5.3447762696694390e-01  -3.3697056467705200e-01   1.0325791380703551e+01   1.2472672819693528e-01
 -1.5999999999999996e+00   5.0358972125624679e-01  -3.3852267521018242e-01   1.0517684198722517e+01   1.5156781380885953e-01
 -1.5749999999999993e+00   4.6516252093378951e-01  -3.4342256064551974e-01   1.0703138760715991e+01   1.8171617147645017e-01
 -1.5500000000000007e+00   4.1819497220912261e-01  -3.5191845334034033e-01   1.0881119494275246e+01   2.1541997024978896e-01
 -1.5250000000000004e+00   3.6160816188762218e-01  -3.6420483528813646e-01   1.1050805548079651e+01   2.5291402110585043e-01
 -1.5000000000000000e+00   2.9425245930131705e-01  -3.8040294120232770e-01   1.1211682470525348e+01   2.9440879894460575e-01
 -1.4749999999999996e+00   2.1492018058938275e-01  -4.0053864513576493e-01   1.1363646939602503e+01   3.4007671755963181e-01
 -1.4499999999999993e+00   1.2236549354083698e-01  -4.2451807522783752e-01   1.1507122609934767e+01   3.9003538270201404e-01
 -1.4250000000000007e+00   1.5333586331266616e-02  -4.5210163957627020e-01   1.1643183254192589e+01   4.4432767890942038e-01
 -1.4000000000000004e+00  -1.0739861612865581e-01  -4.8287759225793292e-01   1.1773676879260258e+01   5.0289876832978586e-01
 -1.3750000000000000e+00  -2.4696776098764908e-01  -5.1623682556456296e-01   1.1901341376902863e+01   5.6557042048547568e-01
 -1.3499999999999996e+00  -4.0435305470159250e-01  -5.5135122771474832e-01   1.2029898617656999e+01   6.3201357311146855e-01
 -1.3250000000000011e+00  -5.8028703380443769e-01  -5.8715865017736191e-01   1.2164109985541220e+01   7.0172065560471908e-01
 -1.3000000000000007e+00  -7.7514723137733543e-01  -6.2235819822378757e-01   1.2309772704217016e+01   7.7397997247477390e-01
 -1.2750000000000004e+00  -9.8882961707894690e-01  -6.5542005122816460e-01   1.2473633768169371e+01   8.4785528659848131e-01
 -1.2500000000000000e+00  -1.2206073929529582e+00  -6.8461413602138987e-01   1.2663198054482333e+01   9.2217454358219908e-01
 -1.2249999999999996e+00  -1.4689824521066845e+00  -7.0806147133203079e-01   1.2886410706390848e+01   9.9553225006887802e-01
 -1.2000000000000011e+00  -1.7315414267300517e+00  -7.2381062038003985e-01   1.3151202625907963e+01   1.0663101035971378e+00
 -1.1750000000000007e+00  -2.0048333020416522e+00  -7.2993924448558101e-01   1.3464902930862150e+01   1.1327197778464249e+00
 -1.1500000000000004e+00  -2.2842901433542475e+00  -7.2467722896050712e-01   1.3833543466995780e+01   1.1928700406281871e+00
 -1.1250000000000000e+00  -2.5642152028678380e+00  -7.0654353255780245e-01   1.4261106039576280e+01   1.2448575184075752e+00
 -1.0999999999999996e+00  -2.8378618780682245e+00  -6.7448445066890872e-01   1.4748788741777524e+01   1.2868765949546528e+00
 -1.0750000000000011e+00  -3.0976211534422315e+00  -6.2799739891350315e-01   1.5294387250577323e+01   1.3173396914426685e+00
 -1.0500000000000007e+00  -3.3353235235147980e+00  -5.6722281691799892e-01   1.5891892921264567e+01   1.3349954340592167e+00
 -1.0250000000000004e+00  -3.5426447030063701e+00  -4.9298838688104740e-01   1.6531395956461203e+01   1.3390300780423581e+00
 -1.0000000000000000e+00  -3.7115853101861807e+00  -4.0679486527047815e-01   1.7199346993891805e+01   1.3291379855450651e+00
 -9.7499999999999964e-01  -3.8349774449142062e+00  -3.1074087932358468e-01   1.7879178495546046e+01   1.3055503643270263e+00
 -9.5000000000000107e-01  -3.9069605326698218e+00  -2.0739347407880557e-01   1.8552228911195588e+01   1.2690174423952665e+00
 -9.2500000000000071e-01  -3.9233687395102392e+00  -9.9619809238109827e-02   1.9198861862292393e+01   1.2207465176174397e+00
 -9.0000000000000036e-01  -3.8819837695199726e+00   9.5989294640639097e-03   1.9799642551017300e+01   1.1623051314916399e+00
 -8.7500000000000000e-01  -3.7826276324151800e+00   1.1734893267721476e-01   2.0336431440785031e+01   1.0955033267829530e+00
 -8.4999999999999964e-01  -3.6270949469119560e+00   2.2094091785304878e-01   2.0793279910217201e+01   1.0222705836230688e+00
 -8.2500000000000107e-01  -3.4189474499952985e+00   3.1802954533923328e-01   2.1157055598784378e+01   9.4454156418741531e-01
 -8.0000000000000071e-01  -3.1632096069786155e+00   4.0668905903849589e-01   2.1417774297296965e+01   8.6416105226278084e-01
 -7.7500000000000036e-01  -2.8660110871649871e+00   4.8544608087935337e-01   2.1568658887503762e+01   7.8281371164768976e-01
 -7.5000000000000000e-01  -2.5342197568424187e+00   5.5327569070489901e-01   2.1605976339531889e+01   7.0197973116578194e-01
 -7.2499999999999964e-01  -2.1751002263642487e+00   6.0956981976844082e-01   2.1528718573163768e+01   6.2291391912378258e-01
 -7.0000000000000107e-01  -1.7960212132795745e+00   6.5408771806432198e-01   2.1338193820505673e+01   5.4664370317855604e-01
 -6.7500000000000071e-01  -1.4042231023029033e+00   6.8689738342209483e-01   2.1037586192037047e+01   4.7398070752694638e-01
 -6.5000000000000036e-01  -1.0066471807353576e+00   7.0831505554070584e-01   2.0631527204716733e+01   4.0554079367758150e-01
 -6.2500000000000000e-01  -6.0982106752932430e-01   7.1884779281057054e-01   2.0125708077846937e+01   3.4176826465399635e-01
 -5.9999999999999964e-01  -2.1979088578310504e-01   7.1914219244526634e-01   1.9526548291914125e+01   2.8296099226602378e-01
 -5.7500000000000107e-01   1.5791075345093480e-01   7.0994071744934506e-01   1.8840925543047565e+01   2.2929428183842798e-01
 -5.5000000000000071e-01   5.1827160850939002e-01   6.9204593251581803e-01   1.8075965086656815e+01   1.8084219478320235e-01
 -5.2500000000000036e-01   8.5679082621349945e-01   6.6629219930691708e-01   1.7238882196128785e+01   1.3759574903111244e-01
 -5.0000000000000000e-01   1.1694616302783802e+00   6.3352396376746778e-01   1.6336869432913627e+01   9.9477909536659012e-02
 -4.7499999999999964e-01   1.4527512888931702e+00   5.9457959426423357e-01   1.5377019955660149e+01   6.6355594819563629e-02
 -4.5000000000000107e-01   1.7035822260913491e+00   5.5027971669274101e-01   1.4366278597309217e+01   3.8049100753295088e-02
 -4.2500000000000071e-01   1.9193166636201717e+00   5.0141907494643667e-01   1.3311413456061659e+01   1.4339418998854863e-02
 -4.0000000000000036e-01   2.0977460022928214e+00   4.4876107426597361e-01   1.2219001963477774e+01  -5.0260620230014813e-03
 -3.7500000000000000e-01   2.2370852591176886e+00   3.9303430912873732e-01   1.1095426612188341e+01  -2.0329015362977366e-02
 -3.4999999999999964e-01   2.3359722304237889e+00   3.3493051728712264e-01   9.9468766361280121e+00  -3.1876386343610917e-02
 -3.2500000000000107e-01   2.3934706060307325e+00   2.7510352711852032e-01   8.7793528873874767e+00  -3.9997010882446407e-02
 -3.0000000000000071e-01   2.4090759714355610e+00   2.1416887237715534e-01   7.5986739336198328e+00  -4.5038360412500138e-02
 -2.7500000000000036e-01   2.3827234663855630e+00   1.5270383611596222e-01   6.4104820178613382e+00  -4.7363194904433338e-02
 -2.5000000000000000e-01   2.3147957887280217e+00   9.1247755236698355e-02   5.2202479966346909e+00  -4.7345964101766655e-02
 -2.2499999999999964e-01   2.2061302193396113e+00   3.0302471118095628e-02   4.0332747260015998e+00  -4.5368850996956547e-02
 -2.0000000000000107e-01   2.0580233820793810e+00  -2.9667146945421944e-02   2.8546986307704016e+00  -4.1817400625019860e-02
 -1.7500000000000071e-01   1.8722325288960995e+00  -8.8232648161670091e-02   1.6894893818415286e+00  -3.7075721574764034e-02
 -1.5000000000000036e-01   1.6509722391017654e+00  -1.4500143892126185e-01   5.4244770086442062e-01  -3.1521287480178808e-02
 -1.2500000000000000e-01   1.3969055468218381e+00  -1.9961622072199570e-01  -5.8179860380423554e-01  -2.5519401561502630e-02
 -9.9999999999999645e-02   1.1131286811676142e+00  -2.5175441584214969e-01  -1.6788000486863992e+00  -1.9417419874206587e-02
 -7.5000000000001066e-02   8.0314877473289248e-01  -3.0112756952085357e-01  -2.7442921143303707e+00  -1.3538859763282386e-02
 -5.0000000000000711e-02   4.7085417083056058e-01  -3.4748074975969617e-01  -3.7742035558266647e+00  -8.1775491341242092e-03
 -2.5000000000000355e-02   1.2047818656147789e-01  -3.9059191051621583e-01  -4.7646653924650693e+00  -3.5919856259770543e-03
  0.0000000000000000e+00  -2.4344024673881878e-01  -4.3027107293801375e-01  -5.7120164103039359e+00   0.0000000000000000e+00
