# First column is time, second column is the perturbation of detonation velocity.
  0.0000000000000000e+00   1.0000000000000000e-10
  1.0000000000000000e-02   1.0010668906520158e-10
  2.0000000000000000e-02   1.0019930162117034e-10
  2.9999999999999999e-02   1.0028051050786599e-10
  4.0000000000000001e-02   1.0035264224137542e-10
  5.0000000000000003e-02   1.0041771718693565e-10
  5.9999999999999998e-02   1.0047748457895207e-10
  7.0000000000000007e-02   1.0053345309732488e-10
  8.0000000000000002e-02   1.0058691761645427e-10
  8.9999999999999997e-02   1.0063898266216421e-10
  1.0000000000000001e-01   1.0069058304087156e-10
  1.1000000000000000e-01   1.0074250204326235e-10
  1.2000000000000000e-01   1.0079538757035488e-10
  1.3000000000000000e-01   1.0084976648212544e-10
  1.4000000000000001e-01   1.0090605742699356e-10
  1.4999999999999999e-01   1.0096458237367419e-10
  1.6000000000000000e-01   1.0102557703457555e-10
  1.7000000000000001e-01   1.0108920034151516e-10
  1.7999999999999999e-01   1.0115554310957920e-10
  1.9000000000000000e-01   1.0122463600306352e-10
  2.0000000000000001e-01   1.0129645689826647e-10
  2.0999999999999999e-01   1.0137093772115667e-10
  2.2000000000000000e-01   1.0144797082335702e-10
  2.3000000000000001e-01   1.0152741494724645e-10
  2.3999999999999999e-01   1.0160910082008645e-10
  2.5000000000000000e-01   1.0169283640776010e-10
  2.6000000000000001e-01   1.0177841185081376e-10
  2.7000000000000002e-01   1.0186560409888010e-10
  2.8000000000000003e-01   1.0195418125411421e-10
  2.8999999999999998e-01   1.0204390662988006e-10
  2.9999999999999999e-01   1.0213454252748228e-10
  3.1000000000000000e-01   1.0222585373115319e-10
  3.2000000000000001e-01   1.0231761071969066e-10
  3.3000000000000002e-01   1.0240959259201657e-10
  3.4000000000000002e-01   1.0250158970341066e-10
  3.5000000000000003e-01   1.0259340600919774e-10
  3.5999999999999999e-01   1.0268486111315697e-10
  3.7000000000000000e-01   1.0277579201881402e-10
  3.8000000000000000e-01   1.0286605458300526e-10
  3.9000000000000001e-01   1.0295552467260884e-10
  4.0000000000000002e-01   1.0304409902705970e-10
  4.1000000000000003e-01   1.0313169583115003e-10
  4.1999999999999998e-01   1.0321825500461114e-10
  4.2999999999999999e-01   1.0330373821702532e-10
  4.4000000000000000e-01   1.0338812863868314e-10
  4.5000000000000001e-01   1.0347143044003641e-10
  4.6000000000000002e-01   1.0355366805436150e-10
  4.7000000000000003e-01   1.0363488522010524e-10
  4.7999999999999998e-01   1.0371514382110164e-10
  4.8999999999999999e-01   1.0379452254439539e-10
  5.0000000000000000e-01   1.0387311537676067e-10
  5.1000000000000001e-01   1.0395102996214010e-10
  5.2000000000000002e-01   1.0402838584313312e-10
  5.3000000000000003e-01   1.0410531261031968e-10
  5.4000000000000004e-01   1.0418194798360794e-10
  5.5000000000000004e-01   1.0425843584993550e-10
  5.6000000000000005e-01   1.0433492428153338e-10
  5.7000000000000006e-01   1.0441156355858169e-10
  5.7999999999999996e-01   1.0448850421945210e-10
  5.8999999999999997e-01   1.0456589516085402e-10
  5.9999999999999998e-01   1.0464388180909104e-10
  6.0999999999999999e-01   1.0472260438230781e-10
  6.2000000000000000e-01   1.0480219626208207e-10
  6.3000000000000000e-01   1.0488278249101282e-10
  6.4000000000000001e-01   1.0496447841109613e-10
  6.5000000000000002e-01   1.0504738845568838e-10
  6.6000000000000003e-01   1.0513160510575749e-10
  6.7000000000000004e-01   1.0521720801894391e-10
  6.8000000000000005e-01   1.0530426333771935e-10
  6.9000000000000006e-01   1.0539282318067108e-10
  7.0000000000000007e-01   1.0548292531867965e-10
  7.0999999999999996e-01   1.0557459303552420e-10
  7.1999999999999997e-01   1.0566783517026835e-10
  7.2999999999999998e-01   1.0576264633667576e-10
  7.3999999999999999e-01   1.0585900731290081e-10
  7.5000000000000000e-01   1.0595688559281824e-10
  7.6000000000000001e-01   1.0605623608861655e-10
  7.7000000000000002e-01   1.0615700197270045e-10
  7.8000000000000003e-01   1.0625911564554360e-10
  7.9000000000000004e-01   1.0636249981491794e-10
  8.0000000000000004e-01   1.0646706867091006e-10
  8.1000000000000005e-01   1.0657272914032663e-10
  8.2000000000000006e-01   1.0667938220349572e-10
  8.3000000000000007e-01   1.0678692425609115e-10
  8.3999999999999997e-01   1.0689524849844346e-10
  8.4999999999999998e-01   1.0700424633485067e-10
  8.5999999999999999e-01   1.0711380876566047e-10
  8.7000000000000000e-01   1.0722382775535495e-10
  8.8000000000000000e-01   1.0733419756052008e-10
  8.9000000000000001e-01   1.0744481600241263e-10
  9.0000000000000002e-01   1.0755558566983492e-10
  9.1000000000000003e-01   1.0766641503917481e-10
  9.2000000000000004e-01   1.0777721949975083e-10
  9.3000000000000005e-01   1.0788792227399890e-10
  9.4000000000000006e-01   1.0799845522353210e-10
  9.5000000000000007e-01   1.0810875953367463e-10
  9.5999999999999996e-01   1.0821878627069840e-10
  9.6999999999999997e-01   1.0832849680765288e-10
  9.7999999999999998e-01   1.0843786311635513e-10
  9.8999999999999999e-01   1.0854686792477869e-10
  1.0000000000000000e+00   1.0865550474072460e-10
