# ZND solution.
# Columns are: spatial coordinate; specific volume; density;
# flow velocity in lab frame; pressure; reaction progress variable.
 -1.7149999999999999e+01   5.5721746169784858e-01   1.7946314836455186e+00   4.4278253830215142e-01   4.6434869655261740e-01   9.9999999999900002e-01
 -1.7099999999999998e+01   5.5721746169784858e-01   1.7946314836455186e+00   4.4278253830215142e-01   4.6434869655261740e-01   9.9999999999900002e-01
 -1.7049999999999997e+01   5.5721746169784858e-01   1.7946314836455186e+00   4.4278253830215142e-01   4.6434869655261740e-01   9.9999999999900002e-01
 -1.7000000000000000e+01   5.5721746169784858e-01   1.7946314836455186e+00   4.4278253830215142e-01   4.6434869655261740e-01   9.9999999999900002e-01
 -1.6949999999999999e+01   5.5721746169784858e-01   1.7946314836455186e+00   4.4278253830215142e-01   4.6434869655261740e-01   9.9999999999900002e-01
 -1.6899999999999999e+01   5.5721746169784858e-01   1.7946314836455186e+00   4.4278253830215142e-01   4.6434869655261740e-01   9.9999999999900002e-01
 -1.6849999999999998e+01   5.5721746169784858e-01   1.7946314836455186e+00   4.4278253830215142e-01   4.6434869655261740e-01   9.9999999999900002e-01
 -1.6799999999999997e+01   5.5721746169784858e-01   1.7946314836455186e+00   4.4278253830215142e-01   4.6434869655261740e-01   9.9999999999900002e-01
 -1.6750000000000000e+01   5.5721746169784858e-01   1.7946314836455186e+00   4.4278253830215142e-01   4.6434869655261740e-01   9.9999999999900002e-01
 -1.6699999999999999e+01   5.5721746169784858e-01   1.7946314836455186e+00   4.4278253830215142e-01   4.6434869655261740e-01   9.9999999999900002e-01
 -1.6649999999999999e+01   5.5721746169784858e-01   1.7946314836455186e+00   4.4278253830215142e-01   4.6434869655261740e-01   9.9999999999900002e-01
 -1.6599999999999998e+01   5.5721746169784858e-01   1.7946314836455186e+00   4.4278253830215142e-01   4.6434869655261740e-01   9.9999999999900002e-01
 -1.6549999999999997e+01   5.5721746169784858e-01   1.7946314836455186e+00   4.4278253830215142e-01   4.6434869655261740e-01   9.9999999999900002e-01
 -1.6500000000000000e+01   5.5721746169784858e-01   1.7946314836455186e+00   4.4278253830215142e-01   4.6434869655261740e-01   9.9999999999900002e-01
 -1.6449999999999999e+01   5.5721746169784858e-01   1.7946314836455186e+00   4.4278253830215142e-01   4.6434869655261740e-01   9.9999999999900002e-01
 -1.6399999999999999e+01   5.5721746169784858e-01   1.7946314836455186e+00   4.4278253830215142e-01   4.6434869655261740e-01   9.9999999999900002e-01
 -1.6349999999999998e+01   5.5721746169784858e-01   1.7946314836455186e+00   4.4278253830215142e-01   4.6434869655261740e-01   9.9999999999900002e-01
 -1.6299999999999997e+01   5.5721746169784858e-01   1.7946314836455186e+00   4.4278253830215142e-01   4.6434869655261740e-01   9.9999999999900002e-01
 -1.6250000000000000e+01   5.5721746169784858e-01   1.7946314836455186e+00   4.4278253830215142e-01   4.6434869655261740e-01   9.9999999999900002e-01
 -1.6199999999999999e+01   5.5721746169784858e-01   1.7946314836455186e+00   4.4278253830215142e-01   4.6434869655261740e-01   9.9999999999900002e-01
 -1.6149999999999999e+01   5.5721746169784858e-01   1.7946314836455186e+00   4.4278253830215142e-01   4.6434869655261740e-01   9.9999999999900002e-01
 -1.6099999999999998e+01   5.5721746169784858e-01   1.7946314836455186e+00   4.4278253830215142e-01   4.6434869655261740e-01   9.9999999999900002e-01
 -1.6049999999999997e+01   5.5721745697428282e-01   1.7946314988587173e+00   4.4278254302571723e-01   4.6434870127618316e-01   9.9999999999897859e-01
 -1.5999999999999998e+01   5.5721743722884665e-01   1.7946315624528897e+00   4.4278256277115335e-01   4.6434872102161939e-01   9.9999999999888622e-01
 -1.5949999999999999e+01   5.5721741648008172e-01   1.7946316292784901e+00   4.4278258351991834e-01   4.6434874177038427e-01   9.9999999999878508e-01
 -1.5899999999999999e+01   5.5721739478288224e-01   1.7946316991587214e+00   4.4278260521711776e-01   4.6434876346758375e-01   9.9999999999867495e-01
 -1.5849999999999998e+01   5.5721737225322487e-01   1.7946317717200579e+00   4.4278262774677513e-01   4.6434878599724111e-01   9.9999999999855482e-01
 -1.5799999999999999e+01   5.5721734858918126e-01   1.7946318479349221e+00   4.4278265141081879e-01   4.6434880966128472e-01   9.9999999999842371e-01
 -1.5749999999999998e+01   5.5721732395913570e-01   1.7946319272609987e+00   4.4278267604086430e-01   4.6434883429133034e-01   9.9999999999828082e-01
 -1.5699999999999999e+01   5.5721729822494426e-01   1.7946320101432096e+00   4.4278270177505580e-01   4.6434886002552178e-01   9.9999999999812506e-01
 -1.5649999999999999e+01   5.5721727133068355e-01   1.7946320967616682e+00   4.4278272866931645e-01   4.6434888691978243e-01   9.9999999999795508e-01
 -1.5599999999999998e+01   5.5721724328757349e-01   1.7946321870802397e+00   4.4278275671242651e-01   4.6434891496289254e-01   9.9999999999776990e-01
 -1.5549999999999999e+01   5.5721721396100843e-01   1.7946322815324502e+00   4.4278278603899157e-01   4.6434894428945761e-01   9.9999999999756783e-01
 -1.5499999999999998e+01   5.5721718336416659e-01   1.7946323800758579e+00   4.4278281663583341e-01   4.6434897488629939e-01   9.9999999999734746e-01
 -1.5449999999999999e+01   5.5721715140011741e-01   1.7946324830226490e+00   4.4278284859988259e-01   4.6434900685034858e-01   9.9999999999710720e-01
 -1.5399999999999999e+01   5.5721711801640628e-01   1.7946325905417657e+00   4.4278288198359378e-01   4.6434904023405971e-01   9.9999999999684497e-01
 -1.5349999999999998e+01   5.5721708317629071e-01   1.7946327027515467e+00   4.4278291682370929e-01   4.6434907507417528e-01   9.9999999999655920e-01
 -1.5299999999999999e+01   5.5721704671562999e-01   1.7946328201806427e+00   4.4278295328437001e-01   4.6434911153483605e-01   9.9999999999624722e-01
 -1.5249999999999998e+01   5.5721700871685531e-01   1.7946329425635692e+00   4.4278299128314469e-01   4.6434914953361067e-01   9.9999999999590727e-01
 -1.5199999999999999e+01   5.5721696905416962e-01   1.7946330703054836e+00   4.4278303094583038e-01   4.6434918919629642e-01   9.9999999999553646e-01
 -1.5149999999999999e+01   5.5721692755972285e-01   1.7946332039469841e+00   4.4278307244027715e-01   4.6434923069074313e-01   9.9999999999513189e-01
 -1.5099999999999998e+01   5.5721688427118277e-01   1.7946333433667570e+00   4.4278311572881723e-01   4.6434927397928327e-01   9.9999999999469091e-01
 -1.5049999999999999e+01   5.5721683901897190e-01   1.7946334891109641e+00   4.4278316098102810e-01   4.6434931923149414e-01   9.9999999999420952e-01
 -1.4999999999999998e+01   5.5721679177934058e-01   1.7946336412560999e+00   4.4278320822065942e-01   4.6434936647112546e-01   9.9999999999368483e-01
 -1.4949999999999999e+01   5.5721674248318631e-01   1.7946338000247264e+00   4.4278325751681374e-01   4.6434941576727967e-01   9.9999999999311273e-01
 -1.4899999999999999e+01   5.5721669096923288e-01   1.7946339659362711e+00   4.4278330903076712e-01   4.6434946728123316e-01   9.9999999999248856e-01
 -1.4849999999999998e+01   5.5721663716792169e-01   1.7946341392147664e+00   4.4278336283207836e-01   4.6434952108254435e-01   9.9999999999180778e-01
 -1.4799999999999999e+01   5.5721658100658189e-01   1.7946343200942685e+00   4.4278341899341817e-01   4.6434957724388415e-01   9.9999999999106559e-01
 -1.4749999999999998e+01   5.5721652233643548e-01   1.7946345090539531e+00   4.4278347766356452e-01   4.6434963591403050e-01   9.9999999999025602e-01
 -1.4699999999999999e+01   5.5721646106935396e-01   1.7946347063776620e+00   4.4278353893064604e-01   4.6434969718111202e-01   9.9999999998937295e-01
 -1.4649999999999999e+01   5.5721639707605508e-01   1.7946349124817820e+00   4.4278360292394497e-01   4.6434976117441090e-01   9.9999999998840983e-01
 -1.4599999999999998e+01   5.5721633030579931e-01   1.7946351275297365e+00   4.4278366969420074e-01   4.6434982794466673e-01   9.9999999998736011e-01
 -1.4549999999999999e+01   5.5721626050981454e-01   1.7946353523227567e+00   4.4278373949018546e-01   4.6434989774065150e-01   9.9999999998621469e-01
 -1.4499999999999998e+01   5.5721618764551384e-01   1.7946355869980100e+00   4.4278381235448616e-01   4.6434997060495220e-01   9.9999999998496558e-01
 -1.4449999999999999e+01   5.5721611153902773e-01   1.7946358321154887e+00   4.4278388846097227e-01   4.6435004671143831e-01   9.9999999998360312e-01
 -1.4399999999999999e+01   5.5721603207942028e-01   1.7946360880324950e+00   4.4278396792057978e-01   4.6435012617104576e-01   9.9999999998211742e-01
 -1.4349999999999998e+01   5.5721594906726035e-01   1.7946363553913496e+00   4.4278405093273965e-01   4.6435020918320569e-01   9.9999999998049682e-01
 -1.4299999999999999e+01   5.5721586239560994e-01   1.7946366345364804e+00   4.4278413760439006e-01   4.6435029585485610e-01   9.9999999997872957e-01
 -1.4249999999999998e+01   5.5721577188024307e-01   1.7946369260612389e+00   4.4278422811975693e-01   4.6435038637022297e-01   9.9999999997680222e-01
 -1.4199999999999999e+01   5.5721567737068534e-01   1.7946372304502738e+00   4.4278432262931472e-01   4.6435048087978065e-01   9.9999999997470046e-01
 -1.4149999999999999e+01   5.5721557865724303e-01   1.7946375483789634e+00   4.4278442134275703e-01   4.6435057959322301e-01   9.9999999997240796e-01
 -1.4099999999999998e+01   5.5721547556414175e-01   1.7946378804134431e+00   4.4278452443585825e-01   4.6435068268632429e-01   9.9999999996990785e-01
 -1.4049999999999999e+01   5.5721536789832538e-01   1.7946382271755095e+00   4.4278463210167462e-01   4.6435079035214066e-01   9.9999999996718103e-01
 -1.3999999999999998e+01   5.5721525546909967e-01   1.7946385892793542e+00   4.4278474453090039e-01   4.6435090278136637e-01   9.9999999996420730e-01
 -1.3949999999999999e+01   5.5721513805350775e-01   1.7946389674430792e+00   4.4278486194649225e-01   4.6435102019695823e-01   9.9999999996096411e-01
 -1.3899999999999999e+01   5.5721501541831386e-01   1.7946393624178945e+00   4.4278498458168614e-01   4.6435114283215218e-01   9.9999999995742661e-01
 -1.3849999999999998e+01   5.5721488737165270e-01   1.7946397748217686e+00   4.4278511262834730e-01   4.6435127087881334e-01   9.9999999995356892e-01
 -1.3799999999999999e+01   5.5721475364332640e-01   1.7946402055249613e+00   4.4278524635667360e-01   4.6435140460713958e-01   9.9999999994936173e-01
 -1.3749999999999998e+01   5.5721461397272543e-01   1.7946406553668530e+00   4.4278538602727457e-01   4.6435154427774056e-01   9.9999999994477307e-01
 -1.3699999999999999e+01   5.5721446812139819e-01   1.7946411251154624e+00   4.4278553187860187e-01   4.6435169012906785e-01   9.9999999993976840e-01
 -1.3649999999999999e+01   5.5721431580071634e-01   1.7946416157004170e+00   4.4278568419928366e-01   4.6435184244974964e-01   9.9999999993431077e-01
 -1.3599999999999998e+01   5.5721415674631558e-01   1.7946421279731999e+00   4.4278584325368442e-01   4.6435200150415046e-01   9.9999999992835864e-01
 -1.3549999999999999e+01   5.5721399061653598e-01   1.7946426630342469e+00   4.4278600938346407e-01   4.6435216763393000e-01   9.9999999992186694e-01
 -1.3499999999999998e+01   5.5721381713976947e-01   1.7946432217583788e+00   4.4278618286023053e-01   4.6435234111069656e-01   9.9999999991478694e-01
 -1.3449999999999999e+01   5.5721363596406448e-01   1.7946438052791864e+00   4.4278636403593552e-01   4.6435252228640156e-01   9.9999999990706556e-01
 -1.3399999999999999e+01   5.5721344677152629e-01   1.7946444146205773e+00   4.4278655322847371e-01   4.6435271147893975e-01   9.9999999989864474e-01
 -1.3349999999999998e+01   5.5721324918818504e-01   1.7946450509870677e+00   4.4278675081181501e-01   4.6435290906228094e-01   9.9999999988946064e-01
 -1.3299999999999999e+01   5.5721304284023632e-01   1.7946457155826470e+00   4.4278695715976368e-01   4.6435311541022967e-01   9.9999999987944399e-01
 -1.3250000000000000e+01   5.5721282735353506e-01   1.7946464096124075e+00   4.4278717264646494e-01   4.6435333089693093e-01   9.9999999986851995e-01
 -1.3199999999999999e+01   5.5721260230796676e-01   1.7946471344295052e+00   4.4278739769203324e-01   4.6435355594249927e-01   9.9999999985660604e-01
 -1.3149999999999999e+01   5.5721236729396872e-01   1.7946478913531179e+00   4.4278763270603128e-01   4.6435379095649731e-01   9.9999999984361287e-01
 -1.3099999999999998e+01   5.5721212186671676e-01   1.7946486818160008e+00   4.4278787813328324e-01   4.6435403638374928e-01   9.9999999982944232e-01
 -1.3049999999999999e+01   5.5721186556050673e-01   1.7946495073181667e+00   4.4278813443949327e-01   4.6435429268995931e-01   9.9999999981398768e-01
 -1.3000000000000000e+01   5.5721159788702124e-01   1.7946503694324707e+00   4.4278840211297876e-01   4.6435456036344475e-01   9.9999999979713239e-01
 -1.2949999999999999e+01   5.5721131835060256e-01   1.7946512697554191e+00   4.4278868164939744e-01   4.6435483989986348e-01   9.9999999977875009e-01
 -1.2899999999999999e+01   5.5721102642798237e-01   1.7946522099724576e+00   4.4278897357201763e-01   4.6435513182248367e-01   9.9999999975870213e-01
 -1.2849999999999998e+01   5.5721072156570073e-01   1.7946531918662838e+00   4.4278927843429927e-01   4.6435543668476531e-01   9.9999999973683740e-01
 -1.2799999999999999e+01   5.5721040318154846e-01   1.7946542173122049e+00   4.4278959681845154e-01   4.6435575506891752e-01   9.9999999971299136e-01
 -1.2750000000000000e+01   5.5721007068880557e-01   1.7946552882000704e+00   4.4278992931119443e-01   4.6435608756166047e-01   9.9999999968698439e-01
 -1.2699999999999999e+01   5.5720972346067921e-01   1.7946564065488124e+00   4.4279027653932079e-01   4.6435643478978678e-01   9.9999999965862107e-01
 -1.2649999999999999e+01   5.5720936084062678e-01   1.7946575744731976e+00   4.4279063915937322e-01   4.6435679740983921e-01   9.9999999962768760e-01
 -1.2599999999999998e+01   5.5720898215151282e-01   1.7946587941543379e+00   4.4279101784848718e-01   4.6435717609895322e-01   9.9999999959395114e-01
 -1.2549999999999999e+01   5.5720858667406048e-01   1.7946600679090945e+00   4.4279141332593952e-01   4.6435757157640556e-01   9.9999999955715768e-01
 -1.2500000000000000e+01   5.5720817366898134e-01   1.7946613981188051e+00   4.4279182633101866e-01   4.6435798458148470e-01   9.9999999951703011e-01
 -1.2449999999999999e+01   5.5720774235434922e-01   1.7946627873021597e+00   4.4279225764565078e-01   4.6435841589611676e-01   9.9999999947326645e-01
 -1.2399999999999999e+01   5.5720729191899454e-01   1.7946642380720632e+00   4.4279270808100546e-01   4.6435886633147144e-01   9.9999999942553708e-01
 -1.2349999999999998e+01   5.5720682152013068e-01   1.7946657531432826e+00   4.4279317847986932e-01   4.6435933673033536e-01   9.9999999937348272e-01
 -1.2299999999999999e+01   5.5720633026949751e-01   1.7946673353770795e+00   4.4279366973050249e-01   4.6435982798096853e-01   9.9999999931671124e-01
 -1.2250000000000000e+01   5.5720581724438889e-01   1.7946689877456947e+00   4.4279418275561111e-01   4.6436034100607709e-01   9.9999999925479577e-01
 -1.2199999999999999e+01   5.5720528147990922e-01   1.7946707133572932e+00   4.4279471852009078e-01   4.6436087677055682e-01   9.9999999918726967e-01
 -1.2149999999999999e+01   5.5720472196733917e-01   1.7946725154612302e+00   4.4279527803266083e-01   4.6436143628312687e-01   9.9999999911362469e-01
 -1.2099999999999998e+01   5.5720413765091492e-01   1.7946743974584303e+00   4.4279586234908508e-01   4.6436202059955106e-01   9.9999999903330605e-01
 -1.2049999999999999e+01   5.5720352743324741e-01   1.7946763628839362e+00   4.4279647256675259e-01   4.6436263081721857e-01   9.9999999894570912e-01
 -1.2000000000000000e+01   5.5720289016523272e-01   1.7946784154394109e+00   4.4279710983476728e-01   4.6436326808523332e-01   9.9999999885017421e-01
 -1.1949999999999999e+01   5.5720222465135394e-01   1.7946805589760670e+00   4.4279777534864606e-01   4.6436393359911210e-01   9.9999999874598244e-01
 -1.1899999999999999e+01   5.5720152963575931e-01   1.7946827975395123e+00   4.4279847036424075e-01   4.6436462861470668e-01   9.9999999863234912e-01
 -1.1849999999999998e+01   5.5720080381406401e-01   1.7946851353317439e+00   4.4279919618593599e-01   4.6436535443640203e-01   9.9999999850841859e-01
 -1.1799999999999999e+01   5.5720004581850968e-01   1.7946875767589552e+00   4.4279995418149037e-01   4.6436611243195630e-01   9.9999999837325781e-01
 -1.1750000000000000e+01   5.5719925421921979e-01   1.7946901264274995e+00   4.4280074578078021e-01   4.6436690403124625e-01   9.9999999822584884e-01
 -1.1699999999999999e+01   5.5719842753479165e-01   1.7946927891097821e+00   4.4280157246520835e-01   4.6436773071567433e-01   9.9999999806508233e-01
 -1.1649999999999999e+01   5.5719756420210742e-01   1.7946955698415055e+00   4.4280243579789258e-01   4.6436859404835862e-01   9.9999999788974692e-01
 -1.1599999999999998e+01   5.5719666259999590e-01   1.7946984738454665e+00   4.4280333740000410e-01   4.6436949565047009e-01   9.9999999769852310e-01
 -1.1549999999999999e+01   5.5719572103198367e-01   1.7947015065871241e+00   4.4280427896801633e-01   4.6437043721848231e-01   9.9999999748997070e-01
 -1.1500000000000000e+01   5.5719473772572625e-01   1.7947046737764425e+00   4.4280526227427375e-01   4.6437142052473973e-01   9.9999999726251942e-01
 -1.1449999999999999e+01   5.5719371082999436e-01   1.7947079813776119e+00   4.4280628917000564e-01   4.6437244742047162e-01   9.9999999701445652e-01
 -1.1399999999999999e+01   5.5719263841287947e-01   1.7947114356148413e+00   4.4280736158712053e-01   4.6437351983758657e-01   9.9999999674391393e-01
 -1.1349999999999998e+01   5.5719151845592718e-01   1.7947150429912693e+00   4.4280848154407282e-01   4.6437463979453886e-01   9.9999999644885429e-01
 -1.1299999999999999e+01   5.5719034885005148e-01   1.7947188103021423e+00   4.4280965114994852e-01   4.6437580940041456e-01   9.9999999612705615e-01
 -1.1250000000000000e+01   5.5718912739671078e-01   1.7947227446310419e+00   4.4281087260328922e-01   4.6437703085375526e-01   9.9999999577609588e-01
 -1.1199999999999999e+01   5.5718785179651920e-01   1.7947268533865890e+00   4.4281214820348080e-01   4.6437830645394679e-01   9.9999999539333106e-01
 -1.1149999999999999e+01   5.5718651964897337e-01   1.7947311443033447e+00   4.4281348035102663e-01   4.6437963860149262e-01   9.9999999497587932e-01
 -1.1099999999999998e+01   5.5718512844276191e-01   1.7947356254730464e+00   4.4281487155723809e-01   4.6438102980770407e-01   9.9999999452059629e-01
 -1.1049999999999999e+01   5.5718367556589898e-01   1.7947403053119930e+00   4.4281632443410102e-01   4.6438248268456700e-01   9.9999999402405404e-01
 -1.1000000000000000e+01   5.5718215827977657e-01   1.7947451926446509e+00   4.4281784172022343e-01   4.6438399997068947e-01   9.9999999348251289e-01
 -1.0949999999999999e+01   5.5718057372730556e-01   1.7947502966774618e+00   4.4281942627269449e-01   4.6438558452316042e-01   9.9999999289189467e-01
 -1.0899999999999999e+01   5.5717891892954918e-01   1.7947556270097182e+00   4.4282108107045087e-01   4.6438723932091680e-01   9.9999999224775116e-01
 -1.0849999999999998e+01   5.5717719076834427e-01   1.7947611936895793e+00   4.4282280923165573e-01   4.6438896748212177e-01   9.9999999154523156e-01
 -1.0799999999999999e+01   5.5717538599435368e-01   1.7947670071881707e+00   4.4282461400564638e-01   4.6439077225611236e-01   9.9999999077904500e-01
 -1.0750000000000000e+01   5.5717350120581655e-01   1.7947730784680767e+00   4.4282649879418345e-01   4.6439265704464944e-01   9.9999998994342065e-01
 -1.0699999999999999e+01   5.5717153285691734e-01   1.7947794189564272e+00   4.4282846714308266e-01   4.6439462539354870e-01   9.9999998903206511e-01
 -1.0649999999999999e+01   5.5716947724289823e-01   1.7947860405929050e+00   4.4283052275710177e-01   4.6439668100756781e-01   9.9999998803811441e-01
 -1.0599999999999998e+01   5.5716733049171574e-01   1.7947929558566760e+00   4.4283266950828426e-01   4.6439882775875030e-01   9.9999998695408188e-01
 -1.0549999999999999e+01   5.5716508856447700e-01   1.7948001777650444e+00   4.4283491143552300e-01   4.6440106968598904e-01   9.9999998577180338e-01
 -1.0500000000000000e+01   5.5716274723744008e-01   1.7948077199314991e+00   4.4283725276255992e-01   4.6440341101302590e-01   9.9999998448237304e-01
 -1.0449999999999999e+01   5.5716030210406609e-01   1.7948155965591759e+00   4.4283969789593391e-01   4.6440585614639995e-01   9.9999998307607885e-01
 -1.0399999999999999e+01   5.5715774855987721e-01   1.7948238224897108e+00   4.4284225144012285e-01   4.6440840969058883e-01   9.9999998154232761e-01
 -1.0349999999999998e+01   5.5715508179700557e-01   1.7948324132208866e+00   4.4284491820299449e-01   4.6441107645346041e-01   9.9999997986956579e-01
 -1.0299999999999999e+01   5.5715229679265088e-01   1.7948413849439067e+00   4.4284770320734912e-01   4.6441386145781516e-01   9.9999997804519281e-01
 -1.0250000000000000e+01   5.5714938830325600e-01   1.7948507545622590e+00   4.4285061169674400e-01   4.6441676994721004e-01   9.9999997605546553e-01
 -1.0199999999999999e+01   5.5714635085110997e-01   1.7948605397349839e+00   4.4285364914889003e-01   4.6441980739935601e-01   9.9999997388539430e-01
 -1.0149999999999999e+01   5.5714317871606589e-01   1.7948707589034758e+00   4.4285682128393417e-01   4.6442297953440009e-01   9.9999997151863118e-01
 -1.0099999999999998e+01   5.5713986592350606e-01   1.7948814313303825e+00   4.4286013407649394e-01   4.6442629232695998e-01   9.9999996893734477e-01
 -1.0049999999999999e+01   5.5713640623415606e-01   1.7948925771325650e+00   4.4286359376584394e-01   4.6442975201630993e-01   9.9999996612208797e-01
 -1.0000000000000000e+01   5.5713279313118125e-01   1.7949042173228209e+00   4.4286720686881875e-01   4.6443336511928474e-01   9.9999996305164962e-01
 -9.9499999999999993e+00   5.5712901980735696e-01   1.7949163738513894e+00   4.4287098019264304e-01   4.6443713844310902e-01   9.9999995970289479e-01
 -9.8999999999999986e+00   5.5712507915620879e-01   1.7949290696346776e+00   4.4287492084379121e-01   4.6444107909425719e-01   9.9999995605059167e-01
 -9.8499999999999979e+00   5.5712096375288911e-01   1.7949423286170754e+00   4.4287903624711095e-01   4.6444519449757693e-01   9.9999995206721914e-01
 -9.7999999999999989e+00   5.5711666584369723e-01   1.7949561758049375e+00   4.4288333415630277e-01   4.6444949240676880e-01   9.9999994772276080e-01
 -9.7500000000000000e+00   5.5711217733106955e-01   1.7949706373151846e+00   4.4288782266893045e-01   4.6445398091939649e-01   9.9999994298447770e-01
 -9.6999999999999993e+00   5.5710748975640700e-01   1.7949857404308924e+00   4.4289251024359305e-01   4.6445866849405898e-01   9.9999993781666130e-01
 -9.6499999999999986e+00   5.5710259428709330e-01   1.7950015136434045e+00   4.4289740571290670e-01   4.6446356396337274e-01   9.9999993218036487e-01
 -9.5999999999999996e+00   5.5709748169564155e-01   1.7950179867198339e+00   4.4290251830435845e-01   4.6446867655482443e-01   9.9999992603310772e-01
 -9.5499999999999989e+00   5.5709214234757043e-01   1.7950351907424658e+00   4.4290785765242957e-01   4.6447401590289561e-01   9.9999991932855736e-01
 -9.5000000000000000e+00   5.5708656617769936e-01   1.7950531581855094e+00   4.4291343382230064e-01   4.6447959207276662e-01   9.9999991201617711e-01
 -9.4499999999999993e+00   5.5708074267468666e-01   1.7950719229653229e+00   4.4291925732531334e-01   4.6448541557577933e-01   9.9999990404084604e-01
 -9.3999999999999986e+00   5.5707466086002178e-01   1.7950915205085476e+00   4.4292533913997828e-01   4.6449149739044421e-01   9.9999989534244227e-01
 -9.3499999999999996e+00   5.5706830926648931e-01   1.7951119878219850e+00   4.4293169073351069e-01   4.6449784898397672e-01   9.9999988585538924e-01
 -9.2999999999999989e+00   5.5706167591749300e-01   1.7951333635597488e+00   4.4293832408250705e-01   4.6450448233297303e-01   9.9999987550816027e-01
 -9.2500000000000000e+00   5.5705474830313417e-01   1.7951556881009243e+00   4.4294525169686588e-01   4.6451140994733187e-01   9.9999986422273834e-01
 -9.1999999999999993e+00   5.5704751335852210e-01   1.7951790036200892e+00   4.4295248664147790e-01   4.6451864489194394e-01   9.9999985191402696e-01
 -9.1499999999999986e+00   5.5703995743641455e-01   1.7952033541761658e+00   4.4296004256358545e-01   4.6452620081405149e-01   9.9999983848920648e-01
 -9.0999999999999996e+00   5.5703206628254909e-01   1.7952287857926652e+00   4.4296793371745091e-01   4.6453409196791690e-01   9.9999982384703356e-01
 -9.0499999999999989e+00   5.5702382500869319e-01   1.7952553465453538e+00   4.4297617499130681e-01   4.6454233324177280e-01   9.9999980787707554e-01
 -9.0000000000000000e+00   5.5701521806433096e-01   1.7952830866543896e+00   4.4298478193566904e-01   4.6455094018613508e-01   9.9999979045887555e-01
 -8.9499999999999993e+00   5.5700622920583176e-01   1.7953120585846587e+00   4.4299377079416824e-01   4.6455992904463428e-01   9.9999977146104224e-01
 -8.8999999999999986e+00   5.5699684146718276e-01   1.7953423171411613e+00   4.4300315853281724e-01   4.6456931678328323e-01   9.9999975074025504e-01
 -8.8499999999999996e+00   5.5698703712662601e-01   1.7953739195776992e+00   4.4301296287337399e-01   4.6457912112384003e-01   9.9999972814018145e-01
 -8.7999999999999989e+00   5.5697679767316199e-01   1.7954069257060996e+00   4.4302320232683801e-01   4.6458936057730404e-01   9.9999970349029443e-01
 -8.7500000000000000e+00   5.5696610377086242e-01   1.7954413980126214e+00   4.4303389622913758e-01   4.6460005447960362e-01   9.9999967660457989e-01
 -8.6999999999999993e+00   5.5695493522267625e-01   1.7954774017761237e+00   4.4304506477732375e-01   4.6461122302778973e-01   9.9999964728013113e-01
 -8.6499999999999986e+00   5.5694327093108409e-01   1.7955150051965338e+00   4.4305672906891591e-01   4.6462288731938189e-01   9.9999961529561232e-01
 -8.5999999999999996e+00   5.5693108885807752e-01   1.7955542795256481e+00   4.4306891114192248e-01   4.6463506939238852e-01   9.9999958040958070e-01
 -8.5499999999999989e+00   5.5691836598326672e-01   1.7955952992041317e+00   4.4308163401673328e-01   4.6464779226719932e-01   9.9999954235866073e-01
 -8.5000000000000000e+00   5.5690507825917368e-01   1.7956381420077800e+00   4.4309492174082632e-01   4.6466107999129236e-01   9.9999950085554623e-01
 -8.4499999999999993e+00   5.5689120056559949e-01   1.7956828891969610e+00   4.4310879943440051e-01   4.6467495768486650e-01   9.9999945558682413e-01
 -8.3999999999999986e+00   5.5687670666114386e-01   1.7957296256754622e+00   4.4312329333885619e-01   4.6468945158932212e-01   9.9999940621059835e-01
 -8.3499999999999996e+00   5.5686156913282059e-01   1.7957784401557142e+00   4.4313843086717941e-01   4.6470458911764545e-01   9.9999935235389692e-01
 -8.2999999999999989e+00   5.5684575934418634e-01   1.7958294253290703e+00   4.4315424065581366e-01   4.6472039890627970e-01   9.9999929360984408e-01
 -8.2500000000000000e+00   5.5682924737893946e-01   1.7958826780509773e+00   4.4317075262106054e-01   4.6473691087152658e-01   9.9999922953457077e-01
 -8.1999999999999993e+00   5.5681200198436298e-01   1.7959382995269615e+00   4.4318799801563702e-01   4.6475415626610306e-01   9.9999915964384756e-01
 -8.1499999999999986e+00   5.5679399051022049e-01   1.7959963955136187e+00   4.4320600948977951e-01   4.6477216774024555e-01   9.9999908340940591e-01
 -8.0999999999999996e+00   5.5677517884687822e-01   1.7960570765224710e+00   4.4322482115312178e-01   4.6479097940358782e-01   9.9999900025492683e-01
 -8.0499999999999989e+00   5.5675553135839739e-01   1.7961204580404522e+00   4.4324446864160261e-01   4.6481062689206865e-01   9.9999890955166026e-01
 -8.0000000000000000e+00   5.5673501081396315e-01   1.7961866607562011e+00   4.4326498918603685e-01   4.6483114743650283e-01   9.9999881061364537e-01
 -7.9499999999999993e+00   5.5671357831625612e-01   1.7962558107967022e+00   4.4328642168374388e-01   4.6485257993420992e-01   9.9999870269249336e-01
 -7.8999999999999986e+00   5.5669119322514860e-01   1.7963280399795354e+00   4.4330880677485140e-01   4.6487496502531744e-01   9.9999858497169236e-01
 -7.8499999999999996e+00   5.5666781307957436e-01   1.7964034860715978e+00   4.4333218692042564e-01   4.6489834517089168e-01   9.9999845656039255e-01
 -7.7999999999999989e+00   5.5664339351487080e-01   1.7964822930630631e+00   4.4335660648512920e-01   4.6492276473559524e-01   9.9999831648662019e-01
 -7.7500000000000000e+00   5.5661788817597435e-01   1.7965646114554097e+00   4.4338211182402565e-01   4.6494827007449169e-01   9.9999816368987127e-01
 -7.6999999999999993e+00   5.5659124862783793e-01   1.7966505985591685e+00   4.4340875137216207e-01   4.6497490962262805e-01   9.9999799701302527e-01
 -7.6499999999999986e+00   5.5656342425994954e-01   1.7967404188115281e+00   4.4343657574005046e-01   4.6500273399051645e-01   9.9999781519351771e-01
 -7.5999999999999996e+00   5.5653436218820684e-01   1.7968342441033740e+00   4.4346563781179321e-01   4.6503179606225914e-01   9.9999761685370403e-01
 -7.5499999999999989e+00   5.5650400715089687e-01   1.7969322541263364e+00   4.4349599284910313e-01   4.6506215109956917e-01   9.9999740049033536e-01
 -7.5000000000000000e+00   5.5647230140001591e-01   1.7970346367359578e+00   4.4352769859998409e-01   4.6509385685045013e-01   9.9999716446307096e-01
 -7.4499999999999993e+00   5.5643918458859876e-01   1.7971415883289137e+00   4.4356081541140124e-01   4.6512697366186728e-01   9.9999690698193344e-01
 -7.3999999999999986e+00   5.5640459365084305e-01   1.7972533142447840e+00   4.4359540634915695e-01   4.6516156459962299e-01   9.9999662609360862e-01
 -7.3499999999999996e+00   5.5636846267848328e-01   1.7973700291813350e+00   4.4363153732151678e-01   4.6519769557198271e-01   9.9999631966648750e-01
 -7.2999999999999989e+00   5.5633072279004647e-01   1.7974919576343258e+00   4.4366927720995353e-01   4.6523543546041957e-01   9.9999598537432755e-01
 -7.2500000000000000e+00   5.5629130199429300e-01   1.7976193343577733e+00   4.4370869800570700e-01   4.6527485625617299e-01   9.9999562067840997e-01
 -7.1999999999999993e+00   5.5625012504771632e-01   1.7977524048452445e+00   4.4374987495228368e-01   4.6531603320274972e-01   9.9999522280805098e-01
 -7.1499999999999986e+00   5.5620711330401595e-01   1.7978914258390872e+00   4.4379288669598405e-01   4.6535904494645003e-01   9.9999478873931269e-01
 -7.0999999999999996e+00   5.5616218455778699e-01   1.7980366658605442e+00   4.4383781544221307e-01   4.6540397369267905e-01   9.9999431517175030e-01
 -7.0499999999999989e+00   5.5611525287982888e-01   1.7981884057693529e+00   4.4388474712017112e-01   4.6545090537063716e-01   9.9999379850300607e-01
 -7.0000000000000000e+00   5.5606622844475206e-01   1.7983469393508671e+00   4.4393377155524794e-01   4.6549992980571392e-01   9.9999323480105462e-01
 -6.9499999999999993e+00   5.5601501735025793e-01   1.7985125739329748e+00   4.4398498264974212e-01   4.6555114090020810e-01   9.9999261977387577e-01
 -6.8999999999999986e+00   5.5596152142786948e-01   1.7986856310338020e+00   4.4403847857213052e-01   4.6560463682259656e-01   9.9999194873631725e-01
 -6.8499999999999996e+00   5.5590563804431115e-01   1.7988664470431044e+00   4.4409436195568885e-01   4.6566052020615484e-01   9.9999121657388146e-01
 -6.7999999999999989e+00   5.5584725989312089e-01   1.7990553739390232e+00   4.4415274010687911e-01   4.6571889835734509e-01   9.9999041770314856e-01
 -6.7500000000000000e+00   5.5578627477619447e-01   1.7992527800415417e+00   4.4421372522380553e-01   4.6577988347427157e-01   9.9998954602851686e-01
 -6.6999999999999993e+00   5.5572256537474174e-01   1.7994590508047259e+00   4.4427743462525826e-01   4.6584359287572424e-01   9.9998859489491954e-01
 -6.6499999999999986e+00   5.5565600900878642e-01   1.7996745896509998e+00   4.4434399099121358e-01   4.6591014924167962e-01   9.9998755703613151e-01
 -6.5999999999999996e+00   5.5558647738455047e-01   1.7998998188500683e+00   4.4441352261544953e-01   4.6597968086591551e-01   9.9998642451825093e-01
 -6.5499999999999989e+00   5.5551383632983686e-01   1.8001351804426506e+00   4.4448616367016314e-01   4.6605232192062912e-01   9.9998518867790320e-01
 -6.5000000000000000e+00   5.5543794551578174e-01   1.8003811372148806e+00   4.4456205448421826e-01   4.6612821273468430e-01   9.9998384005466079e-01
 -6.4499999999999993e+00   5.5535865816469887e-01   1.8006381737249102e+00   4.4464134183530113e-01   4.6620750008576717e-01   9.9998236831712994e-01
 -6.4000000000000004e+00   5.5527582074332060e-01   1.8009067973846742e+00   4.4472417925667940e-01   4.6629033750714544e-01   9.9998076218210641e-01
 -6.3499999999999996e+00   5.5518927264058593e-01   1.8011875396003412e+00   4.4481072735941407e-01   4.6637688560988011e-01   9.9997900932613171e-01
 -6.2999999999999989e+00   5.5509884582878255e-01   1.8014809569761652e+00   4.4490115417121745e-01   4.6646731242168343e-01   9.9997709628872622e-01
 -6.2500000000000000e+00   5.5500436450747825e-01   1.8017876325845106e+00   4.4499563549252175e-01   4.6656179374298778e-01   9.9997500836650155e-01
 -6.1999999999999993e+00   5.5490564472931270e-01   1.8021081773060856e+00   4.4509435527068730e-01   4.6666051352115329e-01   9.9997272949727634e-01
 -6.1500000000000004e+00   5.5480249400627180e-01   1.8024432312459926e+00   4.4519750599372820e-01   4.6676366424419419e-01   9.9997024213322860e-01
 -6.0999999999999996e+00   5.5469471089539701e-01   1.8027934652302420e+00   4.4530528910460304e-01   4.6687144735506897e-01   9.9996752710203185e-01
 -6.0499999999999989e+00   5.5458208456316094e-01   1.8031595823866011e+00   4.4541791543683906e-01   4.6698407368730510e-01   9.9996456345480667e-01
 -6.0000000000000000e+00   5.5446439432659733e-01   1.8035423198175065e+00   4.4553560567340267e-01   4.6710176392386871e-01   9.9996132829961049e-01
 -5.9499999999999993e+00   5.5434140917038222e-01   1.8039424503693180e+00   4.4565859082961778e-01   4.6722474908008382e-01   9.9995779661905781e-01
 -5.9000000000000004e+00   5.5421288723818696e-01   1.8043607845052234e+00   4.4578711276181304e-01   4.6735327101227903e-01   9.9995394107052116e-01
 -5.8499999999999996e+00   5.5407857529653559e-01   1.8047981722895767e+00   4.4592142470346446e-01   4.6748758295393039e-01   9.9994973176720503e-01
 -5.7999999999999989e+00   5.5393820817006756e-01   1.8052555054894943e+00   4.4606179182993244e-01   4.6762795008039842e-01   9.9994513603821944e-01
 -5.7500000000000000e+00   5.5379150814596223e-01   1.8057337198035024e+00   4.4620849185403777e-01   4.6777465010450375e-01   9.9994011816557959e-01
 -5.6999999999999993e+00   5.5363818434577705e-01   1.8062337972256730e+00   4.4636181565422295e-01   4.6792797390468899e-01   9.9993463909585012e-01
 -5.6500000000000004e+00   5.5347793206270579e-01   1.8067567685547865e+00   4.4652206793729421e-01   4.6808822618776025e-01   9.9992865612392190e-01
 -5.5999999999999996e+00   5.5331043206218666e-01   1.8073037160586372e+00   4.4668956793781334e-01   4.6825572618827938e-01   9.9992212254614554e-01
 -5.5499999999999989e+00   5.5313534984325441e-01   1.8078757763057027e+00   4.4686465015674559e-01   4.6843080840721163e-01   9.9991498727975947e-01
 -5.5000000000000000e+00   5.5295233485838569e-01   1.8084741431756606e+00   4.4704766514161431e-01   4.6861382339208035e-01   9.9990719444523146e-01
 -5.4499999999999993e+00   5.5276101968905289e-01   1.8091000710624177e+00   4.4723898031094717e-01   4.6880513856141309e-01   9.9989868290778283e-01
 -5.4000000000000004e+00   5.5256101917413014e-01   1.8097548782840709e+00   4.4743898082586991e-01   4.6900513907633590e-01   9.9988938577396269e-01
 -5.3499999999999996e+00   5.5235192948796608e-01   1.8104399507158537e+00   4.4764807051203392e-01   4.6921422876249996e-01   9.9987922983871402e-01
 -5.2999999999999989e+00   5.5213332716492358e-01   1.8111567456628053e+00   4.4786667283507647e-01   4.6943283108554246e-01   9.9986813497788241e-01
 -5.2500000000000000e+00   5.5190476806669519e-01   1.8119067959912145e+00   4.4809523193330481e-01   4.6966139018377084e-01   9.9985601348057862e-01
 -5.1999999999999993e+00   5.5166578628853224e-01   1.8126917145392445e+00   4.4833421371146776e-01   4.6990037196193379e-01   9.9984276931520755e-01
 -5.1500000000000004e+00   5.5141589300018112e-01   1.8135131988291668e+00   4.4858410699981888e-01   4.7015026525028492e-01   9.9982829732230660e-01
 -5.0999999999999996e+00   5.5115457521716971e-01   1.8143730361051129e+00   4.4884542478283029e-01   4.7041158303329633e-01   9.9981248232659270e-01
 -5.0499999999999989e+00   5.5088129449735568e-01   1.8152731087237890e+00   4.4911870550264432e-01   4.7068486375311031e-01   9.9979519815977969e-01
 -5.0000000000000000e+00   5.5059548555761939e-01   1.8162153999269410e+00   4.4940451444238061e-01   4.7097067269284665e-01   9.9977630658480432e-01
 -4.9499999999999993e+00   5.5029655480506134e-01   1.8172020000274995e+00   4.4970344519493866e-01   4.7126960344540469e-01   9.9975565611106321e-01
 -4.9000000000000004e+00   5.4998387877638233e-01   1.8182351130451762e+00   4.5001612122361767e-01   4.7158227947408371e-01   9.9973308068909428e-01
 -4.8499999999999996e+00   5.4965680247896676e-01   1.8193170638295997e+00   4.5034319752103324e-01   4.7190935577149928e-01   9.9970839827184954e-01
 -4.7999999999999989e+00   5.4931463762634414e-01   1.8204503057139030e+00   4.5068536237365586e-01   4.7225152062412190e-01   9.9968140922824389e-01
 -4.7500000000000000e+00   5.4895666076033289e-01   1.8216374287451931e+00   4.5104333923966711e-01   4.7260949749013315e-01   9.9965189459303994e-01
 -4.6999999999999993e+00   5.4858211125124845e-01   1.8228811685439810e+00   4.5141788874875155e-01   4.7298404699921759e-01   9.9961961413530043e-01
 -4.6500000000000004e+00   5.4819018916712414e-01   1.8241844158490308e+00   4.5180981083287586e-01   4.7337596908334190e-01   9.9958430422559030e-01
 -4.5999999999999996e+00   5.4778005300183719e-01   1.8255502268109169e+00   4.5221994699816287e-01   4.7378610524862880e-01   9.9954567547980078e-01
 -4.5499999999999989e+00   5.4735081725143153e-01   1.8269818341033721e+00   4.5264918274856847e-01   4.7421534099903451e-01   9.9950341015488375e-01
 -4.5000000000000000e+00   5.4690154982669936e-01   1.8284826589298881e+00   4.5309845017330064e-01   4.7466460842376668e-01   9.9945715926886014e-01
 -4.4499999999999993e+00   5.4643126928932195e-01   1.8300563240104850e+00   4.5356873071067805e-01   4.7513488896114403e-01   9.9940653941418467e-01
 -4.4000000000000004e+00   5.4593894189751657e-01   1.8317066676436493e+00   4.5406105810248343e-01   4.7562721635294947e-01   9.9935112922984171e-01
 -4.3499999999999996e+00   5.4542347844605943e-01   1.8334377589484290e+00   4.5457652155394057e-01   4.7614267980440655e-01   9.9929046549336431e-01
 -4.2999999999999989e+00   5.4488373088405750e-01   1.8352539144039592e+00   4.5511626911594250e-01   4.7668242736640848e-01   9.9922403878924393e-01
 -4.2500000000000000e+00   5.4431848869252142e-01   1.8371597158164643e+00   4.5568151130747864e-01   4.7724766955794462e-01   9.9915128870486281e-01
 -4.1999999999999993e+00   5.4372647500190230e-01   1.8391600298596851e+00   4.5627352499809770e-01   4.7783968324856374e-01   9.9907159849902516e-01
 -4.1500000000000004e+00   5.4310634242826672e-01   1.8412600293506600e+00   4.5689365757173328e-01   4.7845981582219926e-01   9.9898428918132409e-01
 -4.0999999999999996e+00   5.4245666860458785e-01   1.8434652164428060e+00   4.5754333139541215e-01   4.7910948964587818e-01   9.9888861293281539e-01
 -4.0499999999999989e+00   5.4177595138158796e-01   1.8457814479396706e+00   4.5822404861841204e-01   4.7979020686887802e-01   9.9878374578965479e-01
 -4.0000000000000000e+00   5.4106260367018488e-01   1.8482149629575384e+00   4.5893739632981512e-01   4.8050355458028116e-01   9.9866877950135213e-01
 -3.9499999999999993e+00   5.4031494789506396e-01   1.8507724131930046e+00   4.5968505210493604e-01   4.8125121035540208e-01   9.9854271246391391e-01
 -3.9000000000000004e+00   5.3953121002597915e-01   1.8534608960839332e+00   4.6046878997402085e-01   4.8203494822448689e-01   9.9840443961519432e-01
 -3.8499999999999996e+00   5.3870951315043347e-01   1.8562879911882160e+00   4.6129048684956658e-01   4.8285664510003251e-01   9.9825274116503471e-01
 -3.7999999999999989e+00   5.3784787054790983e-01   1.8592618001467445e+00   4.6215212945209017e-01   4.8371828770255620e-01   9.9808627001595174e-01
 -3.7500000000000000e+00   5.3694417822225804e-01   1.8623909906442242e+00   4.6305582177774196e-01   4.8462198002820794e-01   9.9790353771096496e-01
 -3.6999999999999993e+00   5.3599620684479132e-01   1.8656848448361696e+00   4.6400379315520868e-01   4.8556995140567472e-01   9.9770289872324747e-01
 -3.6500000000000004e+00   5.3500159305633022e-01   1.8691533127728652e+00   4.6499840694366978e-01   4.8656456519413582e-01   9.9748253287727306e-01
 -3.5999999999999996e+00   5.3395783007182152e-01   1.8728070714226481e+00   4.6604216992817848e-01   4.8760832817864452e-01   9.9724042566253068e-01
 -3.5499999999999989e+00   5.3286225752593341e-01   1.8766575899801496e+00   4.6713774247406659e-01   4.8870390072453257e-01   9.9697434616813396e-01
 -3.5000000000000000e+00   5.3171205049286185e-01   1.8807172022395697e+00   4.6828794950713815e-01   4.8985410775760413e-01   9.9668182232922464e-01
 -3.4499999999999993e+00   5.3050420760750439e-01   1.8849991869241760e+00   4.6949579239249567e-01   4.9106195064296160e-01   9.9636011313313755e-01
 -3.4000000000000004e+00   5.2923553820928781e-01   1.8895178569896924e+00   4.7076446179071219e-01   4.9233062004117822e-01   9.9600617738420161e-01
 -3.3499999999999996e+00   5.2790264842326373e-01   1.8942886590677157e+00   4.7209735157673627e-01   4.9366350982720225e-01   9.9561663856971350e-01
 -3.2999999999999989e+00   5.2650192608650093e-01   1.8993282843863830e+00   4.7349807391349907e-01   4.9506423216396506e-01   9.9518774530515597e-01
 -3.2500000000000000e+00   5.2502952442090911e-01   1.9046547927051687e+00   4.7497047557909089e-01   4.9653663382955693e-01   9.9471532676284158e-01
 -3.1999999999999993e+00   5.2348134434674920e-01   1.9102877510332235e+00   4.7651865565325080e-01   4.9808481390371678e-01   9.9419474240358441e-01
 -3.1500000000000004e+00   5.2185301532444861e-01   1.9162483891719508e+00   4.7814698467555139e-01   4.9971314292601743e-01   9.9362082523423501e-01
 -3.0999999999999996e+00   5.2013987460612832e-01   1.9225597744399847e+00   4.7986012539387168e-01   5.0142628364433772e-01   9.9298781770332223e-01
 -3.0499999999999989e+00   5.1833694477298831e-01   1.9292470083103215e+00   4.8166305522701175e-01   5.0322921347747773e-01   9.9228929922088160e-01
 -3.0000000000000000e+00   5.1643890943087234e-01   1.9363374481253226e+00   4.8356109056912766e-01   5.0512724881959370e-01   9.9151810414487707e-01
 -2.9499999999999993e+00   5.1444008693471088e-01   1.9438609575674708e+00   4.8555991306528912e-01   5.0712607131575516e-01   9.9066622891355927e-01
 -2.9000000000000004e+00   5.1233440201407365e-01   1.9518501901664811e+00   4.8766559798592635e-01   5.0923175623639239e-01   9.8972472681859436e-01
 -2.8499999999999996e+00   5.1011535517824613e-01   1.9603409108329561e+00   4.8988464482175387e-01   5.1145080307221991e-01   9.8868358870619599e-01
 -2.7999999999999989e+00   5.0777598979161753e-01   1.9693723612461129e+00   4.9222401020838247e-01   5.1379016845884851e-01   9.8753160766125947e-01
 -2.7500000000000000e+00   5.0530885673142700e-01   1.9789876759106613e+00   4.9469114326857305e-01   5.1625730151903904e-01   9.8625622547201264e-01
 -2.6999999999999993e+00   5.0270597657277794e-01   1.9892343568651161e+00   4.9729402342722212e-01   5.1886018167768810e-01   9.8484335839028359e-01
 -2.6500000000000004e+00   4.9995879929482090e-01   2.0001648164018202e+00   5.0004120070517910e-01   5.2160735895564514e-01   9.8327719939761837e-01
 -2.5999999999999996e+00   4.9705816157224564e-01   2.0118369987868183e+00   5.0294183842775442e-01   5.2450799667822035e-01   9.8153999386518265e-01
 -2.5499999999999989e+00   4.9399424181484908e-01   2.0243150938888954e+00   5.0600575818515092e-01   5.2757191643561696e-01   9.7961178516531278e-01
 -2.5000000000000000e+00   4.9075651325429681e-01   2.0376703578905473e+00   5.0924348674570319e-01   5.3080964499616912e-01   9.7747012647058740e-01
 -2.4499999999999993e+00   4.8733369556311640e-01   2.0519820589144677e+00   5.1266630443688366e-01   5.3423246268734959e-01   9.7508975468762327e-01
 -2.4000000000000004e+00   4.8371370574214889e-01   2.0673385685148760e+00   5.1628629425785111e-01   5.3785245250831704e-01   9.7244222225602150e-01
 -2.3499999999999996e+00   4.7988360934923507e-01   2.0838386236114399e+00   5.2011639065076498e-01   5.4168254890123091e-01   9.6949548245565120e-01
 -2.2999999999999989e+00   4.7582957358956013e-01   2.1015927876365614e+00   5.2417042641043987e-01   5.4573658466090591e-01   9.6621342399212873e-01
 -2.2500000000000000e+00   4.7153682437987293e-01   2.1207251444574218e+00   5.2846317562012701e-01   5.5002933387059316e-01   9.6255535109281587e-01
 -2.1999999999999993e+00   4.6698961027610125e-01   2.1413752640208923e+00   5.3301038972389869e-01   5.5457654797436473e-01   9.5847540631736428e-01
 -2.1500000000000004e+00   4.6217117716869444e-01   2.1637004845825678e+00   5.3782882283130551e-01   5.5939498108177155e-01   9.5392193501191125e-01
 -2.0999999999999996e+00   4.5706375896566437e-01   2.1878785626386148e+00   5.4293624103433558e-01   5.6450239928480161e-01   9.4883679315345049e-01
 -2.0500000000000007e+00   4.5164859117581035e-01   2.2141107479082924e+00   5.4835140882418965e-01   5.6991756707465568e-01   9.4315460470522561e-01
 -2.0000000000000000e+00   4.4590595646146636e-01   2.2426253462402816e+00   5.5409404353853364e-01   5.7566020178899968e-01   9.3680198116178537e-01
 -1.9499999999999993e+00   4.3981527394669973e-01   2.2736818369822869e+00   5.6018472605330027e-01   5.8175088430376631e-01   9.2969672553220672e-01
 -1.9000000000000004e+00   4.3335524743665804e-01   2.3075756112683656e+00   5.6664475256334201e-01   5.8821091081380794e-01   9.2174705666005785e-01
 -1.8499999999999996e+00   4.2650409179921345e-01   2.3446433908323976e+00   5.7349590820078655e-01   5.9506206645125248e-01   9.1285090883759601e-01
 -1.8000000000000007e+00   4.1923986159719501e-01   2.3852693686861257e+00   5.8076013840280494e-01   6.0232629665327098e-01   9.0289538770660871e-01
 -1.7500000000000000e+00   4.1154091153729594e-01   2.4298920762568583e+00   5.8845908846270401e-01   6.1002524671317004e-01   8.9175649814172031e-01
 -1.6999999999999993e+00   4.0338652410262871e-01   2.4790119159894943e+00   5.9661347589737124e-01   6.1817963414783728e-01   8.7929930471515338e-01
 -1.6500000000000004e+00   3.9475774517385087e-01   2.5331991891877919e+00   6.0524225482614913e-01   6.2680841307661517e-01   8.6537874122958858e-01
 -1.5999999999999996e+00   3.8563847224107906e-01   2.5931022757886493e+00   6.1436152775892094e-01   6.3592768600938698e-01   8.4984135164120356e-01
 -1.5500000000000007e+00   3.7601683980043360e-01   2.6594553598470161e+00   6.2398316019956634e-01   6.4554931845003238e-01   8.3252831582832865e-01
 -1.5000000000000000e+00   3.6588693931718475e-01   2.7330847115401058e+00   6.3411306068281514e-01   6.5567921893328118e-01   8.1328017909354255e-01
 -1.4499999999999993e+00   3.5525089179531366e-01   2.8149120047140488e+00   6.4474910820468634e-01   6.6631526645515238e-01   7.9194374296087866e-01
 -1.4000000000000004e+00   3.4412125305198921e-01   2.9059524546393587e+00   6.5587874694801074e-01   6.7744490519847678e-01   7.6838155148365284e-01
 -1.3499999999999996e+00   3.3252366796631894e-01   3.0073047314673831e+00   6.6747633203368117e-01   6.8904249028414699e-01   7.4248426966112691e-01
 -1.3000000000000007e+00   3.2049959432224773e-01   3.1201287543426517e+00   6.7950040567775216e-01   7.0106656392821820e-01   7.1418593198187308e-01
 -1.2500000000000000e+00   3.0810878930607694e-01   3.2456068593570522e+00   6.9189121069392312e-01   7.1345736894438905e-01   6.8348147311478957e-01
 -1.1999999999999993e+00   2.9543110523746147e-01   3.3848839281707339e+00   7.0456889476253848e-01   7.2613505301300452e-01   6.5044510839822678e-01
 -1.1500000000000004e+00   2.8256701047648281e-01   3.5389835434565953e+00   7.1743298952351719e-01   7.3899914777398323e-01   6.1524707375700816e-01
 -1.1000000000000014e+00   2.6963619851717674e-01   3.7087008550756462e+00   7.3036380148282332e-01   7.5192995973328924e-01   5.7816519603909999e-01
 -1.0500000000000007e+00   2.5677375439074268e-01   3.8944790224870913e+00   7.4322624560925732e-01   7.6479240385972336e-01   5.3958718601917166e-01
 -1.0000000000000000e+00   2.4412368218424690e-01   4.0962842730074520e+00   7.5587631781575304e-01   7.7744247606621908e-01   4.9999999999952893e-01
 -9.4999999999999929e-01   2.3183016270893703e-01   4.3135025585756104e+00   7.6816983729106303e-01   7.8973599554152896e-01   4.5996454534807429e-01
 -8.9999999999999858e-01   2.2002758556036964e-01   4.5448846673165306e+00   7.7997241443963028e-01   8.0153857269009643e-01   4.2007732275285325e-01
 -8.5000000000000142e-01   2.0883094028449573e-01   4.7885624545753345e+00   7.9116905971550433e-01   8.1273521796597026e-01   3.8092439567379066e-01
 -8.0000000000000071e-01   1.9832828392409221e-01   5.0421451757366995e+00   8.0167171607590770e-01   8.2323787432637385e-01   3.4303581524553733e-01
 -7.5000000000000000e-01   1.8857659083619188e-01   5.3028851331216167e+00   8.1142340916380817e-01   8.3298956741427410e-01   3.0684891477724513e-01
 -6.9999999999999929e-01   1.7960145582460652e-01   5.5678835976506251e+00   8.2039854417539337e-01   8.4196470242585941e-01   2.7268640654596371e-01
 -6.4999999999999858e-01   1.7140019753792826e-01   5.8342989936094742e+00   8.2859980246207177e-01   8.5016596071253769e-01   2.4075103500320760e-01
 -6.0000000000000142e-01   1.6394725082960424e-01   6.0995228339591545e+00   8.3605274917039574e-01   8.5761890742086178e-01   2.1113447389862428e-01
 -5.5000000000000071e-01   1.5720052552262015e-01   6.3613018892618554e+00   8.4279947447737991e-01   8.6436563272784583e-01   1.8383565682707587e-01
 -5.0000000000000000e-01   1.5110759641433866e-01   6.6178009824071928e+00   8.4889240358566131e-01   8.7045856183612735e-01   1.5878322666448771e-01
 -4.4999999999999929e-01   1.4561098755556337e-01   6.8676136106721497e+00   8.5438901244443666e-01   8.7595517069490270e-01   1.3585777624367781e-01
 -3.9999999999999858e-01   1.4065222889537771e-01   7.1097344695748603e+00   8.5934777110462235e-01   8.8091392935508828e-01   1.1491116737383264e-01
 -3.5000000000000142e-01   1.3617467733751590e-01   7.3435092305851324e+00   8.6382532266248413e-01   8.8539148091295006e-01   9.5781748474555714e-02
 -3.0000000000000071e-01   1.3212527470761731e-01   7.5685746138497736e+00   8.6787472529238274e-01   8.8944088354284856e-01   7.8305389463020347e-02
 -2.5000000000000000e-01   1.2845548386258357e-01   7.7847980477794092e+00   8.7154451613741635e-01   8.9311067438788250e-01   6.2322865585890272e-02
 -1.9999999999999929e-01   1.2512164145561222e-01   7.9922225153572413e+00   8.7487835854438778e-01   8.9644451679485382e-01   4.7684357104165645e-02
 -1.4999999999999858e-01   1.2208492820809490e-01   8.1910192738573819e+00   8.7791507179190509e-01   8.9948123004237102e-01   3.4251834083341350e-02
 -1.0000000000000142e-01   1.1931110964058031e-01   8.3814491627180221e+00   8.8068889035941966e-01   9.0225504860988559e-01   2.1899985000150692e-02
 -5.0000000000000711e-02   1.1677015540397205e-01   8.5638320557204981e+00   8.8322984459602805e-01   9.0479600284649397e-01   1.0516202403513223e-02
  0.0000000000000000e+00   1.1443580900050836e-01   8.7385234458870968e+00   8.8556419099949168e-01   9.0713034924995761e-01   0.0000000000000000e+00
