# ZND solution.
# Columns are: spatial coordinate; specific volume; density;
# flow velocity in lab frame; pressure; reaction progress variable.
 -4.0374999999999996e+00   5.5721746169784858e-01   1.7946314836455186e+00   3.0151164610293830e+00   2.1531359046879963e+01   9.9999999999900002e-01
 -4.0249999999999995e+00   5.5721746169784858e-01   1.7946314836455186e+00   3.0151164610293830e+00   2.1531359046879963e+01   9.9999999999900002e-01
 -4.0124999999999993e+00   5.5721746169784858e-01   1.7946314836455186e+00   3.0151164610293830e+00   2.1531359046879963e+01   9.9999999999900002e-01
 -3.9999999999999996e+00   5.5721746169784858e-01   1.7946314836455186e+00   3.0151164610293830e+00   2.1531359046879963e+01   9.9999999999900002e-01
 -3.9874999999999998e+00   5.5721746169784858e-01   1.7946314836455186e+00   3.0151164610293830e+00   2.1531359046879963e+01   9.9999999999900002e-01
 -3.9749999999999996e+00   5.5721746169784858e-01   1.7946314836455186e+00   3.0151164610293830e+00   2.1531359046879963e+01   9.9999999999900002e-01
 -3.9624999999999995e+00   5.5721746169784858e-01   1.7946314836455186e+00   3.0151164610293830e+00   2.1531359046879963e+01   9.9999999999900002e-01
 -3.9499999999999997e+00   5.5721746169784858e-01   1.7946314836455186e+00   3.0151164610293830e+00   2.1531359046879963e+01   9.9999999999900002e-01
 -3.9374999999999996e+00   5.5721746169784858e-01   1.7946314836455186e+00   3.0151164610293830e+00   2.1531359046879963e+01   9.9999999999900002e-01
 -3.9249999999999998e+00   5.5721746169784858e-01   1.7946314836455186e+00   3.0151164610293830e+00   2.1531359046879963e+01   9.9999999999900002e-01
 -3.9124999999999996e+00   5.5721746169784858e-01   1.7946314836455186e+00   3.0151164610293830e+00   2.1531359046879963e+01   9.9999999999900002e-01
 -3.8999999999999995e+00   5.5721746169784858e-01   1.7946314836455186e+00   3.0151164610293830e+00   2.1531359046879963e+01   9.9999999999900002e-01
 -3.8874999999999997e+00   5.5721746169784858e-01   1.7946314836455186e+00   3.0151164610293830e+00   2.1531359046879963e+01   9.9999999999900002e-01
 -3.8749999999999996e+00   5.5721746169784858e-01   1.7946314836455186e+00   3.0151164610293830e+00   2.1531359046879963e+01   9.9999999999900002e-01
 -3.8624999999999998e+00   5.5721746169784858e-01   1.7946314836455186e+00   3.0151164610293830e+00   2.1531359046879963e+01   9.9999999999900002e-01
 -3.8499999999999996e+00   5.5721746169784858e-01   1.7946314836455186e+00   3.0151164610293830e+00   2.1531359046879963e+01   9.9999999999900002e-01
 -3.8374999999999995e+00   5.5721746169784858e-01   1.7946314836455186e+00   3.0151164610293830e+00   2.1531359046879963e+01   9.9999999999900002e-01
 -3.8249999999999997e+00   5.5721746169784858e-01   1.7946314836455186e+00   3.0151164610293830e+00   2.1531359046879963e+01   9.9999999999900002e-01
 -3.8124999999999996e+00   5.5721746169784858e-01   1.7946314836455186e+00   3.0151164610293830e+00   2.1531359046879963e+01   9.9999999999900002e-01
 -3.7999999999999998e+00   5.5721746169784858e-01   1.7946314836455186e+00   3.0151164610293830e+00   2.1531359046879963e+01   9.9999999999900002e-01
 -3.7874999999999996e+00   5.5721746169784858e-01   1.7946314836455186e+00   3.0151164610293830e+00   2.1531359046879963e+01   9.9999999999900002e-01
 -3.7749999999999995e+00   5.5721746169784858e-01   1.7946314836455186e+00   3.0151164610293830e+00   2.1531359046879963e+01   9.9999999999900002e-01
 -3.7624999999999997e+00   5.5721746169784858e-01   1.7946314836455186e+00   3.0151164610293830e+00   2.1531359046879963e+01   9.9999999999900002e-01
 -3.7499999999999996e+00   5.5721746169784858e-01   1.7946314836455186e+00   3.0151164610293830e+00   2.1531359046879963e+01   9.9999999999900002e-01
 -3.7374999999999998e+00   5.5721746169784858e-01   1.7946314836455186e+00   3.0151164610293830e+00   2.1531359046879963e+01   9.9999999999900002e-01
 -3.7249999999999996e+00   5.5721746169784858e-01   1.7946314836455186e+00   3.0151164610293830e+00   2.1531359046879963e+01   9.9999999999900002e-01
 -3.7124999999999995e+00   5.5721746169784858e-01   1.7946314836455186e+00   3.0151164610293830e+00   2.1531359046879963e+01   9.9999999999900002e-01
 -3.6999999999999997e+00   5.5721746169784858e-01   1.7946314836455186e+00   3.0151164610293830e+00   2.1531359046879963e+01   9.9999999999900002e-01
 -3.6874999999999996e+00   5.5721745886543639e-01   1.7946314927678748e+00   3.0151164803166219e+00   2.1531359178215929e+01   9.9999999999898681e-01
 -3.6749999999999998e+00   5.5721743052677886e-01   1.7946315840382561e+00   3.0151166732879915e+00   2.1531360492249572e+01   9.9999999999885414e-01
 -3.6624999999999996e+00   5.5721740049570556e-01   1.7946316807594147e+00   3.0151168777838233e+00   2.1531361884758752e+01   9.9999999999870415e-01
 -3.6499999999999995e+00   5.5721736847780379e-01   1.7946317838795687e+00   3.0151170958089129e+00   2.1531363369395070e+01   9.9999999999853451e-01
 -3.6374999999999997e+00   5.5721733450550215e-01   1.7946318932942773e+00   3.0151173271424390e+00   2.1531364944654847e+01   9.9999999999834277e-01
 -3.6249999999999996e+00   5.5721729833867062e-01   1.7946320097769306e+00   3.0151175734195608e+00   2.1531366621672657e+01   9.9999999999812572e-01
 -3.6124999999999998e+00   5.5721725986539750e-01   1.7946321336879658e+00   3.0151178354023380e+00   2.1531368405637732e+01   9.9999999999788025e-01
 -3.5999999999999996e+00   5.5721721894601217e-01   1.7946322654772238e+00   3.0151181140418544e+00   2.1531370303026449e+01   9.9999999999760270e-01
 -3.5874999999999995e+00   5.5721717540134874e-01   1.7946324057217484e+00   3.0151184105581352e+00   2.1531372322146542e+01   9.9999999999728861e-01
 -3.5749999999999997e+00   5.5721712916243837e-01   1.7946325546436726e+00   3.0151187254208223e+00   2.1531374466196020e+01   9.9999999999693379e-01
 -3.5624999999999996e+00   5.5721707997178616e-01   1.7946327130723154e+00   3.0151190603833204e+00   2.1531376747114656e+01   9.9999999999653233e-01
 -3.5499999999999998e+00   5.5721702763816994e-01   1.7946328816235533e+00   3.0151194167477526e+00   2.1531379173769214e+01   9.9999999999607825e-01
 -3.5374999999999996e+00   5.5721697198837417e-01   1.7946330608552679e+00   3.0151197956936251e+00   2.1531381754191518e+01   9.9999999999556466e-01
 -3.5249999999999995e+00   5.5721691283330166e-01   1.7946332513764929e+00   3.0151201985085905e+00   2.1531384497149805e+01   9.9999999999498401e-01
 -3.5124999999999997e+00   5.5721684994560605e-01   1.7946334539194519e+00   3.0151206267407580e+00   2.1531387413185886e+01   9.9999999999432732e-01
 -3.4999999999999996e+00   5.5721678300031086e-01   1.7946336695308083e+00   3.0151210826030472e+00   2.1531390517368582e+01   9.9999999999358435e-01
 -3.4874999999999998e+00   5.5721671181358656e-01   1.7946338988026329e+00   3.0151215673472405e+00   2.1531393818221865e+01   9.9999999999274425e-01
 -3.4749999999999996e+00   5.5721663609397443e-01   1.7946341426736410e+00   3.0151220829580181e+00   2.1531397329260376e+01   9.9999999999179412e-01
 -3.4624999999999995e+00   5.5721655563370476e-01   1.7946344018130109e+00   3.0151226308501831e+00   2.1531401060118174e+01   9.9999999999071942e-01
 -3.4499999999999997e+00   5.5721646999285235e-01   1.7946346776376287e+00   3.0151232140193951e+00   2.1531405031194126e+01   9.9999999998950395e-01
 -3.4374999999999996e+00   5.5721637893666920e-01   1.7946349709035665e+00   3.0151238340641640e+00   2.1531409253373248e+01   9.9999999998812938e-01
 -3.4249999999999998e+00   5.5721628214457108e-01   1.7946352826433518e+00   3.0151244931675003e+00   2.1531413741520698e+01   9.9999999998657496e-01
 -3.4124999999999996e+00   5.5721617918328958e-01   1.7946356142524389e+00   3.0151251942797348e+00   2.1531418515726667e+01   9.9999999998481703e-01
 -3.3999999999999995e+00   5.5721606968228565e-01   1.7946359669242518e+00   3.0151259399240429e+00   2.1531423593172669e+01   9.9999999998282874e-01
 -3.3874999999999997e+00   5.5721595326737394e-01   1.7946363418639613e+00   3.0151267326484308e+00   2.1531428991209275e+01   9.9999999998058031e-01
 -3.3749999999999996e+00   5.5721582942430392e-01   1.7946367407278530e+00   3.0151275759546738e+00   2.1531434733681746e+01   9.9999999997803724e-01
 -3.3624999999999998e+00   5.5721569773220525e-01   1.7946371648714650e+00   3.0151284727086787e+00   2.1531440840105390e+01   9.9999999997516098e-01
 -3.3499999999999996e+00   5.5721555769098319e-01   1.7946376159055006e+00   3.0151294263158275e+00   2.1531447333669075e+01   9.9999999997190825e-01
 -3.3374999999999995e+00   5.5721540875162157e-01   1.7946380955982311e+00   3.0151304405146320e+00   2.1531454239830101e+01   9.9999999996822964e-01
 -3.3249999999999997e+00   5.5721525036646025e-01   1.7946386057135664e+00   3.0151315190343695e+00   2.1531461583982892e+01   9.9999999996406908e-01
 -3.3124999999999996e+00   5.5721508192724789e-01   1.7946391482105715e+00   3.0151326660169127e+00   2.1531469394331424e+01   9.9999999995936395e-01
 -3.2999999999999998e+00   5.5721490278371955e-01   1.7946397251836343e+00   3.0151338858902239e+00   2.1531477701027786e+01   9.9999999995404221e-01
 -3.2874999999999996e+00   5.5721471227586628e-01   1.7946403387585346e+00   3.0151351831486175e+00   2.1531486534675906e+01   9.9999999994802358e-01
 -3.2749999999999995e+00   5.5721450970212050e-01   1.7946409911949113e+00   3.0151365625694004e+00   2.1531495927806727e+01   9.9999999994121747e-01
 -3.2624999999999997e+00   5.5721429426241698e-01   1.7946416850696503e+00   3.0151380296005956e+00   2.1531505917518434e+01   9.9999999993351962e-01
 -3.2499999999999996e+00   5.5721406513719274e-01   1.7946424230224485e+00   3.0151395898229971e+00   2.1531516541813293e+01   9.9999999992481381e-01
 -3.2374999999999998e+00   5.5721382147698506e-01   1.7946432077893164e+00   3.0151412490209997e+00   2.1531527840079995e+01   9.9999999991496791e-01
 -3.2249999999999996e+00   5.5721356236650310e-01   1.7946440423182977e+00   3.0151430134272528e+00   2.1531539854759615e+01   9.9999999990383259e-01
 -3.2124999999999995e+00   5.5721328678966342e-01   1.7946449298820821e+00   3.0151448899607511e+00   2.1531552632966864e+01   9.9999999989123889e-01
 -3.1999999999999997e+00   5.5721299373843947e-01   1.7946458737274325e+00   3.0151468854856258e+00   2.1531566221442869e+01   9.9999999987699650e-01
 -3.1874999999999996e+00   5.5721268208506658e-01   1.7946468774867825e+00   3.0151490076813614e+00   2.1531580672480892e+01   9.9999999986088872e-01
 -3.1749999999999998e+00   5.5721235065348518e-01   1.7946479449481407e+00   3.0151512645563066e+00   2.1531596040613575e+01   9.9999999984267163e-01
 -3.1624999999999996e+00   5.5721199819446887e-01   1.7946490801351995e+00   3.0151536646170363e+00   2.1531612383766220e+01   9.9999999982206889e-01
 -3.1499999999999995e+00   5.5721162335502494e-01   1.7946502874058936e+00   3.0151562170767199e+00   2.1531629764675682e+01   9.9999999979876797e-01
 -3.1374999999999997e+00   5.5721122473693585e-01   1.7946515712638569e+00   3.0151589314564844e+00   2.1531648248175824e+01   9.9999999977241583e-01
 -3.1249999999999996e+00   5.5721080081343666e-01   1.7946529366267909e+00   3.0151618181527970e+00   2.1531667905061127e+01   9.9999999974261233e-01
 -3.1124999999999998e+00   5.5721034998776142e-01   1.7946543886379067e+00   3.0151648880387949e+00   2.1531688809371946e+01   9.9999999970890630e-01
 -3.0999999999999996e+00   5.5720987054985849e-01   1.7946559328053417e+00   3.0151681527590317e+00   2.1531711040401571e+01   9.9999999967078601e-01
 -3.0874999999999995e+00   5.5720936068125571e-01   1.7946575749864992e+00   3.0151716246963467e+00   2.1531734682470631e+01   9.9999999962767350e-01
 -3.0749999999999997e+00   5.5720881845749437e-01   1.7946593213802182e+00   3.0151753169552933e+00   2.1531759824814255e+01   9.9999999957891506e-01
 -3.0625000000000000e+00   5.5720824181564299e-01   1.7946611786314144e+00   3.0151792435833507e+00   2.1531786563088392e+01   9.9999999952377150e-01
 -3.0499999999999998e+00   5.5720762857748440e-01   1.7946631537564126e+00   3.0151834194130331e+00   2.1531814998294674e+01   9.9999999946140594e-01
 -3.0374999999999996e+00   5.5720697641833628e-01   1.7946652542433827e+00   3.0151878602742070e+00   2.1531845238226172e+01   9.9999999939087314e-01
 -3.0249999999999995e+00   5.5720628287162177e-01   1.7946674880376325e+00   3.0151925829629640e+00   2.1531877397255446e+01   9.9999999931110339e-01
 -3.0124999999999997e+00   5.5720554530294453e-01   1.7946698636251270e+00   3.0151976054181593e+00   2.1531911597536677e+01   9.9999999922088711e-01
 -3.0000000000000000e+00   5.5720476092341797e-01   1.7946723899895745e+00   3.0152029466306454e+00   2.1531947968387591e+01   9.9999999911885573e-01
 -2.9874999999999998e+00   5.5720392676459429e-01   1.7946750766931991e+00   3.0152086268139922e+00   2.1531986647451983e+01   9.9999999900346248e-01
 -2.9749999999999996e+00   5.5720303966013207e-01   1.7946779339358117e+00   3.0152146675293214e+00   2.1532027781549765e+01   9.9999999887295710e-01
 -2.9624999999999995e+00   5.5720209625280237e-01   1.7946809725322721e+00   3.0152210916375988e+00   2.1532071526352095e+01   9.9999999872536061e-01
 -2.9499999999999997e+00   5.5720109296753328e-01   1.7946842039993405e+00   3.0152279234831849e+00   2.1532118047631290e+01   9.9999999855843402e-01
 -2.9375000000000000e+00   5.5720002600402307e-01   1.7946876405795067e+00   3.0152351889441382e+00   2.1532167521603323e+01   9.9999999836964626e-01
 -2.9249999999999998e+00   5.5719889132134215e-01   1.7946912952906255e+00   3.0152429155370668e+00   2.1532220135641847e+01   9.9999999815613416e-01
 -2.9124999999999996e+00   5.5719768462241293e-01   1.7946951819759511e+00   3.0152511325228111e+00   2.1532276088997804e+01   9.9999999791465954e-01
 -2.8999999999999995e+00   5.5719640132982118e-01   1.7946993153821003e+00   3.0152598710711569e+00   2.1532335593921065e+01   9.9999999764155956e-01
 -2.8874999999999997e+00   5.5719503658494385e-01   1.7947037111619191e+00   3.0152691642667753e+00   2.1532398875700856e+01   9.9999999733269274e-01
 -2.8750000000000000e+00   5.5719358521665363e-01   1.7947083859753516e+00   3.0152790473223257e+00   2.1532466174116891e+01   9.9999999698337427e-01
 -2.8624999999999998e+00   5.5719204172887304e-01   1.7947133575296024e+00   3.0152895576632091e+00   2.1532537744016484e+01   9.9999999658830607e-01
 -2.8499999999999996e+00   5.5719040026756028e-01   1.7947186446855592e+00   3.0153007351523735e+00   2.1532613856845373e+01   9.9999999614149593e-01
 -2.8374999999999995e+00   5.5718865461641354e-01   1.7947242674717272e+00   3.0153126221195699e+00   2.1532694800846919e+01   9.9999999563616659e-01
 -2.8249999999999997e+00   5.5718679816125338e-01   1.7947302471990618e+00   3.0153252636038839e+00   2.1532780882713638e+01   9.9999999506465298e-01
 -2.8125000000000000e+00   5.5718482386541246e-01   1.7947366065403627e+00   3.0153387075213240e+00   2.1532872428728371e+01   9.9999999441828591e-01
 -2.7999999999999998e+00   5.5718272424726123e-01   1.7947433696028048e+00   3.0153530048178570e+00   2.1532969785806383e+01   9.9999999368726111e-01
 -2.7874999999999996e+00   5.5718049134960124e-01   1.7947505620266826e+00   3.0153682096778232e+00   2.1533073322914571e+01   9.9999999286048924e-01
 -2.7749999999999995e+00   5.5717811671224604e-01   1.7947582110739082e+00   3.0153843797106483e+00   2.1533183432342852e+01   9.9999999192542877e-01
 -2.7624999999999997e+00   5.5717559133495820e-01   1.7947663457475982e+00   3.0154015762032200e+00   2.1533300531422743e+01   9.9999999086789448e-01
 -2.7500000000000000e+00   5.5717290564415489e-01   1.7947749968995474e+00   3.0154198643466081e+00   2.1533425064071167e+01   9.9999998967184289e-01
 -2.7374999999999998e+00   5.5717004946211246e-01   1.7947841973296879e+00   3.0154393134457638e+00   2.1533557502218439e+01   9.9999998831912895e-01
 -2.7249999999999996e+00   5.5716701196062746e-01   1.7947939819356455e+00   3.0154599972350637e+00   2.1533698347956921e+01   9.9999998678922963e-01
 -2.7124999999999995e+00   5.5716378162506819e-01   1.7948043878288722e+00   3.0154819941230997e+00   2.1533848135207933e+01   9.9999998505893306e-01
 -2.6999999999999997e+00   5.5716034621063815e-01   1.7948154544759067e+00   3.0155053874905038e+00   2.1534007431749771e+01   9.9999998310198623e-01
 -2.6875000000000000e+00   5.5715669269064572e-01   1.7948272238654368e+00   3.0155302660422012e+00   2.1534176841616379e+01   9.9999998088869535e-01
 -2.6749999999999998e+00   5.5715280721397864e-01   1.7948397406457699e+00   3.0155567240969896e+00   2.1534357007069215e+01   9.9999997838547627e-01
 -2.6624999999999996e+00   5.5714867504622401e-01   1.7948530523150481e+00   3.0155848619884806e+00   2.1534548611327452e+01   9.9999997555434328e-01
 -2.6499999999999995e+00   5.5714428051847142e-01   1.7948672093867906e+00   3.0156147864137210e+00   2.1534752380941935e+01   9.9999997235233229e-01
 -2.6374999999999997e+00   5.5713960696398712e-01   1.7948822655945889e+00   3.0156466108644122e+00   2.1534969088731518e+01   9.9999996873084918e-01
 -2.6250000000000000e+00   5.5713463665744967e-01   1.7948982780886462e+00   3.0156804560406809e+00   2.1535199556600656e+01   9.9999996463492979e-01
 -2.6124999999999998e+00   5.5712935074552661e-01   1.7949153076603177e+00   3.0157164503238154e+00   2.1535444658758475e+01   9.9999996000240665e-01
 -2.5999999999999996e+00   5.5712372917508279e-01   1.7949334189744017e+00   3.0157547302651317e+00   2.1535705325047694e+01   9.9999995476296266e-01
 -2.5874999999999995e+00   5.5711775061907376e-01   1.7949526808090244e+00   3.0157954410905972e+00   2.1535982544380854e+01   9.9999994883706333e-01
 -2.5749999999999997e+00   5.5711139239185703e-01   1.7949731663297726e+00   3.0158387372775191e+00   2.1536277368667260e+01   9.9999994213474641e-01
 -2.5625000000000000e+00   5.5710463036506974e-01   1.7949949533621747e+00   3.0158847831273725e+00   2.1536590916713639e+01   9.9999993455425595e-01
 -2.5499999999999998e+00   5.5709743887378327e-01   1.7950181246957075e+00   3.0159337534048372e+00   2.1536924378575641e+01   9.9999992598049359e-01
 -2.5374999999999996e+00   5.5708979062077901e-01   1.7950427683940773e+00   3.0159858339896308e+00   2.1537279019996493e+01   9.9999991628326867e-01
 -2.5249999999999995e+00   5.5708165656953312e-01   1.7950689781421356e+00   3.0160412226052262e+00   2.1537656187369162e+01   9.9999990531531746e-01
 -2.5124999999999997e+00   5.5707300583516084e-01   1.7950968535996559e+00   3.0161001295614622e+00   2.1538057312793164e+01   9.9999989291006219e-01
 -2.5000000000000000e+00   5.5706380556516377e-01   1.7951265007882886e+00   3.0161627785665934e+00   2.1538483919604175e+01   9.9999987887907660e-01
 -2.4874999999999998e+00   5.5705402081353639e-01   1.7951580325002836e+00   3.0162294075845577e+00   2.1538937628211606e+01   9.9999986300921706e-01
 -2.4749999999999996e+00   5.5704361440854366e-01   1.7951915687280204e+00   3.0163002697353418e+00   2.1539420162229572e+01   9.9999984505937822e-01
 -2.4624999999999995e+00   5.5703254680737213e-01   1.7952272371363083e+00   3.0163756342847305e+00   2.1539933355216611e+01   9.9999982475681892e-01
 -2.4499999999999997e+00   5.5702077594730637e-01   1.7952651735464156e+00   3.0164557876577178e+00   2.1540479157576453e+01   9.9999980179301040e-01
 -2.4375000000000000e+00   5.5700825708192636e-01   1.7953055224689733e+00   3.0165410345539150e+00   2.1541059644153364e+01   9.9999977581893129e-01
 -2.4249999999999998e+00   5.5699494260966331e-01   1.7953484376621895e+00   3.0166316991149977e+00   2.1541677022181869e+01   9.9999974643974820e-01
 -2.4124999999999996e+00   5.5698078189186517e-01   1.7953940827246435e+00   3.0167281261635823e+00   2.1542333639722816e+01   9.9999971320879766e-01
 -2.3999999999999995e+00   5.5696572105630382e-01   1.7954426317358760e+00   3.0168306825412388e+00   2.1543031994774580e+01   9.9999967562076897e-01
 -2.3874999999999997e+00   5.5694970279005951e-01   1.7954942699322114e+00   3.0169397585188409e+00   2.1543774744876767e+01   9.9999963310399476e-01
 -2.3750000000000000e+00   5.5693266611792391e-01   1.7955491944303763e+00   3.0170557693055220e+00   2.1544564717385441e+01   9.9999958501172415e-01
 -2.3624999999999998e+00   5.5691454616698022e-01   1.7956076149969498e+00   3.0171791566517641e+00   2.1545404920389299e+01   9.9999953061224411e-01
 -2.3499999999999996e+00   5.5689527391599647e-01   1.7956697548682063e+00   3.0173103905558945e+00   2.1546298554330029e+01   9.9999946907770054e-01
 -2.3374999999999995e+00   5.5687477592724044e-01   1.7957358516282607e+00   3.0174499710902878e+00   2.1547249024437775e+01   9.9999939947144079e-01
 -2.3249999999999997e+00   5.5685297406169065e-01   1.7958061581425899e+00   3.0175984303406289e+00   2.1548259953936512e+01   9.9999932073368925e-01
 -2.3125000000000000e+00   5.5682978517544568e-01   1.7958809435542684e+00   3.0177563344732041e+00   2.1549335198121206e+01   9.9999923166532778e-01
 -2.2999999999999998e+00   5.5680512079641420e-01   1.7959604943461576e+00   3.0179242859364757e+00   2.1550478859349369e+01   9.9999913090953618e-01
 -2.2874999999999996e+00   5.5677888677853482e-01   1.7960451154782409e+00   3.0181029258156595e+00   2.1551695303074517e+01   9.9999901693100124e-01
 -2.2749999999999995e+00   5.5675098293487768e-01   1.7961351315961098e+00   3.0182929363311133e+00   2.1552989174858869e+01   9.9999888799238013e-01
 -2.2624999999999997e+00   5.5672130264473862e-01   1.7962308883267781e+00   3.0184950435138163e+00   2.1554365418591960e+01   9.9999874212764239e-01
 -2.2500000000000000e+00   5.5668973243588371e-01   1.7963327536585636e+00   3.0187100200500674e+00   2.1555829295861535e+01   9.9999857711188522e-01
 -2.2374999999999998e+00   5.5665615153849513e-01   1.7964411194166885e+00   3.0189386883188765e+00   2.1557386406636603e+01   9.9999839042714500e-01
 -2.2249999999999996e+00   5.5662043140924067e-01   1.7965564028402976e+00   3.0191819236328032e+00   2.1559042711335824e+01   9.9999817922367351e-01
 -2.2124999999999995e+00   5.5658243522377682e-01   1.7966790482670278e+00   3.0194406576937434e+00   2.1560804554359631e+01   9.9999794027607380e-01
 -2.1999999999999997e+00   5.5654201733487929e-01   1.7968095289349657e+00   3.0197158822827759e+00   2.1562678689216110e+01   9.9999766993360384e-01
 -2.1875000000000000e+00   5.5649902269417284e-01   1.7969483489094205e+00   3.0200086531978783e+00   2.1564672305334803e+01   9.9999736406387463e-01
 -2.1749999999999998e+00   5.5645328623486190e-01   1.7970960451439055e+00   3.0203200944572073e+00   2.1566793056688834e+01   9.9999701798904794e-01
 -2.1624999999999996e+00   5.5640463221210035e-01   1.7972531896873245e+00   3.0206514027908331e+00   2.1569049092381260e+01   9.9999662641353304e-01
 -2.1499999999999999e+00   5.5635287349913820e-01   1.7974203920446705e+00   3.0210038524336134e+00   2.1571449089282009e+01   9.9999618334203699e-01
 -2.1374999999999997e+00   5.5629781083456797e-01   1.7975983017078245e+00   3.0213788002510462e+00   2.1574002286932267e+01   9.9999568198666566e-01
 -2.1250000000000000e+00   5.5623923201827330e-01   1.7977876108658737e+00   3.0217776912144410e+00   2.1576718524827509e+01   9.9999511466160362e-01
 -2.1124999999999998e+00   5.5617691105165634e-01   1.7979890573111592e+00   3.0222020642555156e+00   2.1579608282284223e+01   9.9999447266368813e-01
 -2.0999999999999996e+00   5.5611060721803740e-01   1.7982034275564975e+00   3.0226535585283938e+00   2.1582682721080825e+01   9.9999374613696779e-01
 -2.0874999999999999e+00   5.5604006409962026e-01   1.7984315601777210e+00   3.0231339201035530e+00   2.1585953731039943e+01   9.9999292391907446e-01
 -2.0749999999999997e+00   5.5596500852448760e-01   1.7986743494054893e+00   3.0236450091382343e+00   2.1589433978855105e+01   9.9999199336692846e-01
 -2.0625000000000000e+00   5.5588514944030121e-01   1.7989327489803613e+00   3.0241888075459502e+00   2.1593136960316102e+01   9.9999094015896517e-01
 -2.0499999999999998e+00   5.5580017670753334e-01   1.7992077762980063e+00   3.0247674272139466e+00   2.1597077056265555e+01   9.9998974807066687e-01
 -2.0374999999999996e+00   5.5570975980680504e-01   1.7995005168663125e+00   3.0253831188055496e+00   2.1601269592538273e+01   9.9998839871974898e-01
 -2.0249999999999999e+00   5.5561354645347216e-01   1.7998121291013940e+00   3.0260382811941051e+00   2.1605730904201458e+01   9.9998687127682351e-01
 -2.0124999999999997e+00   5.5551116111193011e-01   1.8001438494923592e+00   3.0267354715797858e+00   2.1610478404444802e+01   9.9998514213678757e-01
 -2.0000000000000000e+00   5.5540220340172675e-01   1.8004969981667360e+00   3.0274774163431224e+00   2.1615530658487359e+01   9.9998318454550406e-01
 -1.9874999999999998e+00   5.5528624638715007e-01   1.8008729848907368e+00   3.0282670226920145e+00   2.1620907462887565e+01   9.9998096817557958e-01
 -1.9749999999999996e+00   5.5516283474005956e-01   1.8012733155457421e+00   3.0291073911718831e+00   2.1626629930730804e+01   9.9997845864415325e-01
 -1.9624999999999999e+00   5.5503148276610281e-01   1.8016995991224023e+00   3.0300018291060988e+00   2.1632720583151659e+01   9.9997561696460535e-01
 -1.9499999999999997e+00   5.5489167228287695e-01   1.8021535552802679e+00   3.0309538650445873e+00   2.1639203447721332e+01   9.9997239892291900e-01
 -1.9375000000000000e+00   5.5474285033714921e-01   1.8026370225271806e+00   3.0319672643083586e+00   2.1646104164297707e+01   9.9996875436810251e-01
 -1.9249999999999998e+00   5.5458442674813124e-01   1.8031519670749026e+00   3.0330460457185175e+00   2.1653450098941146e+01   9.9996462640452966e-01
 -1.9124999999999996e+00   5.5441577146103993e-01   1.8037004924385927e+00   3.0341944996171257e+00   2.1661270466627062e+01   9.9995995047228126e-01
 -1.8999999999999999e+00   5.5423621169492465e-01   1.8042848498510646e+00   3.0354172072889969e+00   2.1669596463498173e+01   9.9995465329953381e-01
 -1.8874999999999997e+00   5.5404502886642759e-01   1.8049074495731752e+00   3.0367190619092761e+00   2.1678461409506486e+01   9.9994865170867286e-01
 -1.8750000000000000e+00   5.5384145526928841e-01   1.8055708731911024e+00   3.0381052911542663e+00   2.1687900902381148e+01   9.9994185125507928e-01
 -1.8624999999999998e+00   5.5362467048771302e-01   1.8062778870006908e+00   3.0395814816245026e+00   2.1697952983936784e+01   9.9993414467439745e-01
 -1.8499999999999996e+00   5.5339379751896423e-01   1.8070314565925922e+00   3.0411536052478740e+00   2.1708658319864838e+01   9.9992541011042424e-01
 -1.8374999999999999e+00   5.5314789857825108e-01   1.8078347627646911e+00   3.0428280478461227e+00   2.1720060394256450e+01   9.9991550909154048e-01
 -1.8249999999999997e+00   5.5288597055599009e-01   1.8086912189042987e+00   3.0446116400685086e+00   2.1732205720244465e+01   9.9990428421869326e-01
 -1.8125000000000000e+00   5.5260694009427780e-01   1.8096044900004231e+00   3.0465116909184435e+00   2.1745144068302178e+01   9.9989155652222828e-01
 -1.7999999999999998e+00   5.5230965824573197e-01   1.8105785134669563e+00   3.0485360241239778e+00   2.1758928713907263e+01   9.9987712243823512e-01
 -1.7874999999999996e+00   5.5199289467390433e-01   1.8116175219805331e+00   3.0506930176299418e+00   2.1773616706462487e+01   9.9986075034734867e-01
 -1.7749999999999999e+00   5.5165533134960698e-01   1.8127260685644644e+00   3.0529916465226514e+00   2.1789269161590422e+01   9.9984217660991526e-01
 -1.7624999999999997e+00   5.5129555569279798e-01   1.8139090541793457e+00   3.0554415297300652e+00   2.1805951579136959e+01   9.9982110102091970e-01
 -1.7500000000000000e+00   5.5091205310327573e-01   1.8151717581182361e+00   3.0580529808838297e+00   2.1823734189515143e+01   9.9979718159573505e-01
 -1.7374999999999998e+00   5.5050319881748833e-01   1.8165198715430826e+00   3.0608370637701312e+00   2.1842692331296309e+01   9.9977002858334441e-01
 -1.7249999999999996e+00   5.5006724902091930e-01   1.8179595345476922e+00   3.0638056528496778e+00   2.1862906863319395e+01   9.9973919758674989e-01
 -1.7124999999999999e+00   5.4960233113757240e-01   1.8194973771857736e+00   3.0669714993812081e+00   2.1884464614957285e+01   9.9970418165040931e-01
 -1.6999999999999997e+00   5.4910643320853758e-01   1.8211405649662527e+00   3.0703483037478767e+00   2.1907458878621473e+01   9.9966440215115071e-01
 -1.6875000000000000e+00   5.4857739226120372e-01   1.8228968493908559e+00   3.0739507946568034e+00   2.1931989949069422e+01   9.9961919830145585e-01
 -1.6749999999999998e+00   5.4801288155875671e-01   1.8247746241942713e+00   3.0777948159632933e+00   2.1958165714631878e+01   9.9956781504148107e-01
 -1.6624999999999996e+00   5.4741039660629631e-01   1.8267829880461901e+00   3.0818974219618305e+00   2.1986102306094448e+01   9.9950938905775299e-01
 -1.6499999999999999e+00   5.4676723977490627e-01   1.8289318145902105e+00   3.0862769820880800e+00   2.2015924809663257e+01   9.9944293262097716e-01
 -1.6374999999999997e+00   5.4608050338807235e-01   1.8312318308301689e+00   3.0909532960914965e+00   2.2047768051229895e+01   9.9936731488148089e-01
 -1.6250000000000000e+00   5.4534705109581583e-01   1.8336947050334431e+00   3.0959477208676907e+00   2.2081777460033184e+01   9.9928124019677333e-01
 -1.6124999999999998e+00   5.4456349734099296e-01   1.8363331455061214e+00   3.1012833102821395e+00   2.2118110020785210e+01   9.9918322298964035e-01
 -1.5999999999999996e+00   5.4372618469810197e-01   1.8391610118156054e+00   3.1069849694810077e+00   2.2156935324446927e+01   9.9907155854456631e-01
 -1.5874999999999999e+00   5.4283115883883071e-01   1.8421934402938447e+00   3.1130796253626141e+00   2.2198436729049295e+01   9.9894428904232735e-01
 -1.5749999999999997e+00   5.4187414084929730e-01   1.8454469859599996e+00   3.1195964150824795e+00   2.2242812643313613e+01   9.9879916400377666e-01
 -1.5625000000000000e+00   5.4085049659187057e-01   1.8489397833623638e+00   3.1265668946832341e+00   2.2290277947311584e+01   9.9863359415997521e-01
 -1.5499999999999998e+00   5.3975520276937994e-01   1.8526917292676248e+00   3.1340252701795186e+00   2.2341065566032082e+01   9.9844459758191562e-01
 -1.5374999999999996e+00   5.3858280931183522e-01   1.8567246906334285e+00   3.1420086536846603e+00   2.2395428213469273e+01   9.9822873668312573e-01
 -1.5249999999999999e+00   5.3732739766589510e-01   1.8610627419035688e+00   3.1505573474374819e+00   2.2453640326695929e+01   9.9798204444534722e-01
 -1.5124999999999997e+00   5.3598253452562450e-01   1.8657324363844388e+00   3.1597151588715326e+00   2.2516000211319401e+01   9.9769993790273437e-01
 -1.5000000000000000e+00   5.3454122050179775e-01   1.8707631173162946e+00   3.1695297501501685e+00   2.2582832421631853e+01   9.9737711654383199e-01
 -1.4874999999999998e+00   5.3299583318752941e-01   1.8761872752730502e+00   3.1800530258596926e+00   2.2654490400596877e+01   9.9700744284145892e-01
 -1.4749999999999996e+00   5.3133806404410144e-01   1.8820409597400860e+00   3.1913415627837152e+00   2.2731359406387103e+01   9.9658380158541415e-01
 -1.4624999999999999e+00   5.2955884850749602e-01   1.8883642541681462e+00   3.2034570858409448e+00   2.2813859753270489e+01   9.9609793405724723e-01
 -1.4499999999999997e+00   5.2764828871068647e-01   1.8952018255256913e+00   3.2164669943057866e+00   2.2902450394896160e+01   9.9554024233446325e-01
 -1.4375000000000000e+00   5.2559556823981124e-01   1.9026035614206973e+00   3.2304449422740160e+00   2.2997632876960662e+01   9.9489955812782926e-01
 -1.4249999999999998e+00   5.2338885840939997e-01   1.9106253102884931e+00   3.2454714768792448e+00   2.3099955683126826e+01   9.9416286952576893e-01
 -1.4124999999999996e+00   5.2101521567452680e-01   1.9193297430006160e+00   3.2616347368622640e+00   2.3210018991913959e+01   9.9331499783461630e-01
 -1.3999999999999999e+00   5.1846047002694728e-01   1.9287873575935779e+00   3.2790312125347167e+00   2.3328479851651196e+01   9.9233821536289513e-01
 -1.3874999999999997e+00   5.1570910459083075e-01   1.9390776526883522e+00   3.2977665656689030e+00   2.3456057763496347e+01   9.9121179351973043e-01
 -1.3750000000000000e+00   5.1274412720148732e-01   1.9502904995868264e+00   3.3179565039791825e+00   2.3593540636194795e+01   9.8991146903090510e-01
 -1.3624999999999998e+00   5.0954693559990349e-01   1.9625277479545093e+00   3.3397276990763616e+00   2.3741791036866630e+01   9.8840881452108398e-01
 -1.3500000000000001e+00   5.0609717911912844e-01   1.9759051053011569e+00   3.3632187283107386e+00   2.3901752604462960e+01   9.8667049834998055e-01
 -1.3374999999999999e+00   5.0237262152739348e-01   1.9905543358625721e+00   3.3885810087384027e+00   2.4074456409585714e+01   9.8465741773577597e-01
 -1.3249999999999997e+00   4.9834901222791961e-01   2.0066258294150097e+00   3.4159796741828745e+00   2.4261026926816658e+01   9.8232368936165726e-01
 -1.3125000000000000e+00   4.9399997655799827e-01   2.0242915940353181e+00   3.4455943222407335e+00   2.4462687121433259e+01   9.7961548364995188e-01
 -1.2999999999999998e+00   4.8929694080820058e-01   2.0437487272007897e+00   3.4776195248614119e+00   2.4680761926188808e+01   9.7646969394916083e-01
 -1.2875000000000001e+00   4.8420911419132395e-01   2.0652234142062706e+00   3.5122649511291932e+00   2.4916679077393365e+01   9.7281244187993454e-01
 -1.2749999999999999e+00   4.7870355876869014e-01   2.0889754874022164e+00   3.5497548911018599e+00   2.5171965872505094e+01   9.6855743774357872e-01
 -1.2624999999999997e+00   4.7274538970864233e-01   2.1153035476798832e+00   3.5903268921555402e+00   2.5448239884355072e+01   9.6360424402166600e-01
 -1.2500000000000000e+00   4.6629816247169664e-01   2.1445505911910985e+00   3.6342291224572394e+00   2.5747191007780422e+01   9.5783653567785121e-01
 -1.2374999999999998e+00   4.5932452042828598e-01   2.1771099854794915e+00   3.6817159610282442e+00   2.6070551430272914e+01   9.5112051953277199e-01
 -1.2250000000000001e+00   4.5178719496707809e-01   2.2134314808830968e+00   3.7330411875319052e+00   2.6420049258011659e+01   9.4330377333815774e-01
 -1.2124999999999999e+00   4.4365046764466132e-01   2.2540267010401145e+00   3.7884480258024449e+00   2.6797340717525127e+01   9.3421489900716392e-01
 -1.1999999999999997e+00   4.3488221492629231e-01   2.2994732037259533e+00   3.8481552202347133e+00   2.7203915343220434e+01   9.2366455422103455e-01
 -1.1875000000000000e+00   4.2545665102676228e-01   2.3504157182328256e+00   3.9123383584788969e+00   2.7640968794746801e+01   9.1144862016310368e-01
 -1.1749999999999998e+00   4.1535784843660539e-01   2.4075625482074559e+00   3.9811058985066157e+00   2.8109239613910368e+01   8.9735444393977160e-01
 -1.1625000000000001e+00   4.0458402878662447e-01   2.4716744331185523e+00   4.0544699500778005e+00   2.8608810261814156e+01   8.8117118626658397e-01
 -1.1499999999999999e+00   3.9315245676778104e-01   2.5435425438296542e+00   4.1323129497173605e+00   2.9138880192957149e+01   8.6270517952365189e-01
 -1.1374999999999997e+00   3.8110452285769308e-01   2.6239520656998514e+00   4.2143530500180457e+00   2.9697530174570243e+01   8.4180068087834392e-01
 -1.1250000000000000e+00   3.6851027942419301e-01   2.7136285087149434e+00   4.3001132311583525e+00   3.0281511952281065e+01   8.1836531067286655e-01
 -1.1124999999999998e+00   3.5547136482163605e-01   2.8131661195881907e+00   4.3889013893428972e+00   3.0886112662853851e+01   7.9239773547262027e-01
 -1.1000000000000001e+00   3.4212104861857362e-01   2.9229420523461775e+00   4.4798100288257228e+00   3.1505152737029970e+01   7.6401303115679842e-01
 -1.0874999999999999e+00   3.2862025103556913e-01   3.0430260972923491e+00   4.5717433674475023e+00   3.2131170473995837e+01   7.3345936156582747e-01
 -1.0749999999999997e+00   3.1514899677564912e-01   3.1731022793383294e+00   4.6634755315602607e+00   3.2755818318246398e+01   7.0111926775697864e-01
 -1.0625000000000000e+00   3.0189385168514388e-01   3.3124225432816581e+00   4.7537361057666514e+00   3.3370445408364255e+01   6.6749103707899926e-01
 -1.0499999999999998e+00   2.8903316192086803e-01   3.4598106091154399e+00   4.8413106464365443e+00   3.3966782021260897e+01   6.3315041627361224e-01
 -1.0375000000000001e+00   2.7672282740833976e-01   3.6137242791480038e+00   4.9251375569823566e+00   3.4537599241906221e+01   5.9869886840782760e-01
 -1.0249999999999999e+00   2.6508539022357125e-01   3.7723693454271721e+00   5.0043823902464162e+00   3.5077214923550258e+01   5.6470899732292690e-01
 -1.0124999999999997e+00   2.5420429422848378e-01   3.9338438519893000e+00   5.0784769373679683e+00   3.5581759862371356e+01   5.3167842117293684e-01
 -1.0000000000000000e+00   2.4412368218436364e-01   4.0962842730054927e+00   5.1471206093339497e+00   3.6049187205111096e+01   4.9999999999990163e-01
 -9.8749999999999982e-01   2.3485271118506360e-01   4.2579878893201339e+00   5.2102510511460896e+00   3.6479072346990719e+01   4.6995079828469727e-01
 -9.7500000000000009e-01   2.2637259720934483e-01   4.4174958114529215e+00   5.2679961721204567e+00   3.6872286283252897e+01   4.4169713634807534e-01
 -9.6249999999999991e-01   2.1864455147421000e-01   4.5736332932035308e+00   5.3206201034907865e+00   3.7230627608832656e+01   4.1531029563643701e-01
 -9.4999999999999973e-01   2.1161721639535860e-01   4.7255134389998190e+00   5.3684725634244153e+00   3.7556477720718000e+01   3.9078709497276498e-01
 -9.3750000000000000e-01   2.0523281703315147e-01   4.8725150999533815e+00   5.4119469689070456e+00   3.7852515581891964e+01   3.6807079686433641e-01
 -9.2499999999999982e-01   1.9943177091876318e-01   5.0142462025638901e+00   5.4514490452485189e+00   3.8121503968558507e+01   3.4706957314259368e-01
 -9.1250000000000009e-01   1.9415584398833974e-01   5.1505016766843044e+00   5.4873753358292303e+00   3.8366143132806009e+01   3.2767132616983696e-01
 -8.9999999999999991e-01   1.8935010835783297e-01   5.2812222220132270e+00   5.5200998706820670e+00   3.8588980022654155e+01   3.0975473121489677e-01
 -8.8749999999999973e-01   1.8496400083086820e-01   5.4064574485194221e+00   5.5499669586099385e+00   3.8792359200161115e+01   2.9319694353299103e-01
 -8.7500000000000000e-01   1.8095175520206042e-01   5.5263349000585622e+00   5.5772882434273088e+00   3.8978402795974993e+01   2.7787863369177401e-01
 -8.6249999999999982e-01   1.7727242782909908e-01   5.6410351696884193e+00   5.6023425298277392e+00   3.9149009323583215e+01   2.6368702333097871e-01
 -8.5000000000000009e-01   1.7388967874540165e-01   5.7507726002768527e+00   5.6253772738917167e+00   3.9305863828887809e+01   2.5051750224031455e-01
 -8.3749999999999991e-01   1.7077142099820103e-01   5.8557807515727962e+00   5.6466109709100518e+00   3.9450454150028250e+01   2.3827428527441705e-01
 -8.2499999999999973e-01   1.6788941236602994e-01   5.9563017459362788e+00   5.6662359355733098e+00   3.9584089849010887e+01   2.2687044985095417e-01
 -8.1250000000000000e-01   1.6521883570317170e-01   6.0525786647993129e+00   5.6844211596056322e+00   3.9707921670693850e+01   2.1622759617881879e-01
 -7.9999999999999982e-01   1.6273789496118982e-01   6.1448502835709089e+00   5.7013150626458726e+00   3.9822960274842465e+01   2.0627529608879186e-01
 -7.8750000000000009e-01   1.6042744127964390e-01   6.2333475621348491e+00   5.7170480383733873e+00   3.9930093573908195e+01   1.9695044030678738e-01
 -7.7499999999999991e-01   1.5827063551839321e-01   6.3182914298956385e+00   5.7317347524857496e+00   4.0030102381049545e+01   1.8819655435334490e-01
 -7.6249999999999973e-01   1.5625264874035330e-01   6.3998915094342541e+00   5.7454761822538218e+00   4.0123674298430622e+01   1.7996312599884984e-01
 -7.5000000000000000e-01   1.5436039936677043e-01   6.4783455089665480e+00   5.7583614063562436e+00   4.0211415905053670e+01   1.7220496894594395e-01
 -7.3749999999999982e-01   1.5258232426563909e-01   6.5538390820357684e+00   5.7704691636470455e+00   4.0293863371147587e+01   1.6488163548047871e-01
 -7.2500000000000009e-01   1.5090818039175261e-01   6.6265460056839416e+00   5.7818692038826924e+00   4.0371491655909452e+01   1.5795688324917637e-01
 -7.1249999999999991e-01   1.4932887344218063e-01   6.6966285685346367e+00   5.7926234544882647e+00   4.0444722452569202e+01   1.5139819666635088e-01
 -6.9999999999999973e-01   1.4783631011117854e-01   6.7642380904120367e+00   5.8027870266238990e+00   4.0513931039173627e+01   1.4517636073169496e-01
 -6.8750000000000000e-01   1.4642327079076500e-01   6.8295155175776241e+00   5.8124090820269814e+00   4.0579452181326197e+01   1.3926508357624057e-01
 -6.7499999999999982e-01   1.4508329988663290e-01   6.8925920542294881e+00   5.8215335799031642e+00   4.0641585218122543e+01   1.3364066338523334e-01
 -6.6250000000000009e-01   1.4381061125626907e-01   6.9535898030362313e+00   5.8301999208430964e+00   4.0700598446885081e+01   1.2828169516938698e-01
 -6.4999999999999991e-01   1.4260000660073760e-01   7.0126223962939669e+00   5.8384435025314989e+00   4.0756732907249869e+01   1.2316881296932537e-01
 -6.3749999999999973e-01   1.4144680494013481e-01   7.0697956056570854e+00   5.8462961999822669e+00   4.0810205651315343e+01   1.1828446335237111e-01
 -6.2500000000000000e-01   1.4034678156961930e-01   7.1252079229472605e+00   5.8537867812158364e+00   4.0861212574186816e+01   1.1361270641393789e-01
 -6.1249999999999982e-01   1.3929611512709056e-01   7.1789511077722672e+00   5.8609412677004809e+00   4.0909930868392323e+01   1.0913904087668606e-01
 -6.0000000000000009e-01   1.3829134160643269e-01   7.2311106999448223e+00   5.8677832474979645e+00   4.0956521156240008e+01   1.0485025025881857e-01
 -5.8749999999999991e-01   1.3732931432440870e-01   7.2817664962466173e+00   5.8743341478679580e+00   4.1001129346110972e+01   1.0073426744119389e-01
 -5.7499999999999973e-01   1.3640716899793895e-01   7.3309929921286585e+00   5.8806134730734225e+00   4.1043888251789028e+01   9.6780055292463252e-02
 -5.6250000000000000e-01   1.3552229321483913e-01   7.3788597896194990e+00   5.8866390122688497e+00   4.1084919008070372e+01   9.2977501308604243e-02
 -5.4999999999999982e-01   1.3467229968819427e-01   7.4254319731325014e+00   5.8924270216239218e+00   4.1124332310930029e+01   8.9317324487572569e-02
 -5.3750000000000009e-01   1.3385500277518955e-01   7.4707704550983971e+00   5.8979923842179351e+00   4.1162229506318873e+01   8.5790992892706627e-02
 -5.2499999999999991e-01   1.3306839781787111e-01   7.5149322934562290e+00   5.9033487507183677e+00   4.1198703548110785e+01   8.2390650562330900e-02
 -5.1249999999999973e-01   1.3231064292812905e-01   7.5579709830538615e+00   5.9085086634155743e+00   4.1233839842713728e+01   7.9109052600489380e-02
 -5.0000000000000000e-01   1.3158004289401287e-01   7.5999367229686605e+00   5.9134836658123247e+00   4.1267716995316945e+01   7.5939507437767381e-02
 -4.8749999999999982e-01   1.3087503493089300e-01   7.6408766616798847e+00   5.9182843996509051e+00   4.1300407470594557e+01   7.2875825384523182e-02
 -4.7500000000000009e-01   1.3019417604029404e-01   7.6808351219221063e+00   5.9229206909928234e+00   4.1331978178863110e+01   6.9912272714146517e-02
 -4.6249999999999991e-01   1.2953613177257275e-01   7.7198538069339993e+00   5.9274016267390719e+00   4.1362490997144363e+01   6.7043530613556224e-02
 -4.4999999999999973e-01   1.2889966621794385e-01   7.7579719896962160e+00   5.9317356227859754e+00   4.1392003233270849e+01   6.4264658424144361e-02
 -4.3750000000000000e-01   1.2828363307445401e-01   7.7952266866312883e+00   5.9359304848476055e+00   4.1420568040054484e+01   6.1571060670638687e-02
 -4.2499999999999982e-01   1.2768696766204238e-01   7.8316528171204345e+00   5.9399934628358242e+00   4.1448234785586166e+01   5.8958457439505847e-02
 -4.1250000000000009e-01   1.2710867976935708e-01   7.8672833500791075e+00   5.9439312995697104e+00   4.1475049384921348e+01   5.6422857723966519e-02
 -3.9999999999999991e-01   1.2654784723498747e-01   7.9021494387264761e+00   5.9477502744839938e+00   4.1501054597711502e+01   5.3960535400662590e-02
 -3.8749999999999973e-01   1.2600361017761316e-01   7.9362805445844931e+00   5.9514562429187103e+00   4.1526290295746065e+01   5.1568007544550376e-02
 -3.7500000000000000e-01   1.2547516580059581e-01   7.9697045516496265e+00   5.9550546714972015e+00   4.1550793703857984e+01   4.9242014824599091e-02
 -3.6249999999999982e-01   1.2496176370601332e-01   8.0024478715954519e+00   5.9585506700350805e+00   4.1574599617207035e+01   4.6979503754119085e-02
 -3.5000000000000009e-01   1.2446270166130388e-01   8.0345355407860737e+00   5.9619490203671610e+00   4.1597740597576063e+01   4.4777610596698554e-02
 -3.3749999999999991e-01   1.2397732176873215e-01   8.0659913098090996e+00   5.9652542024313799e+00   4.1620247150988803e+01   4.2633646752352032e-02
 -3.2499999999999973e-01   1.2350500699398265e-01   8.0968377261718754e+00   5.9684704179072554e+00   4.1642147888675325e+01   4.0545085469070208e-02
 -3.1250000000000000e-01   1.2304517801546407e-01   8.1270962107456342e+00   5.9716016116704642e+00   4.1663469673166482e+01   3.8509549742922380e-02
 -2.9999999999999982e-01   1.2259729036048950e-01   8.1567871284884355e+00   5.9746514912939563e+00   4.1684237751086194e+01   3.6524801285558052e-02
 -2.8750000000000009e-01   1.2216083179847785e-01   8.1859298539293359e+00   5.9776235447988766e+00   4.1704475874025974e+01   3.4588730451687227e-02
 -2.7499999999999991e-01   1.2173531996479406e-01   8.2145428318519293e+00   5.9805210568349709e+00   4.1724206408724918e+01   3.2699347031155172e-02
 -2.6250000000000018e-01   1.2132030019186854e-01   8.2426436335757156e+00   5.9833471234495184e+00   4.1743450437638444e+01   3.0854771820789516e-02
 -2.5000000000000000e-01   1.2091534352688479e-01   8.2702490091975474e+00   5.9861046655858408e+00   4.1762227850855979e+01   2.9053228900480829e-02
 -2.3749999999999982e-01   1.2052004491763850e-01   8.2973749361227362e+00   5.9887964414366479e+00   4.1780557430220803e+01   2.7293038546129099e-02
 -2.2500000000000009e-01   1.2013402155020347e-01   8.3240366641859609e+00   5.9914250577636565e+00   4.1798456926410701e+01   2.5572610719289488e-02
 -2.1249999999999991e-01   1.1975691132382441e-01   8.3502487576352546e+00   5.9939929802827736e+00   4.1815943129655587e+01   2.3890439079709822e-02
 -2.0000000000000018e-01   1.1938837145002619e-01   8.3760251342282679e+00   5.9965025432034240e+00   4.1833031934695320e+01   2.2245095472570611e-02
 -1.8750000000000000e-01   1.1902807716431432e-01   8.4013791016680290e+00   5.9989559580011944e+00   4.1849738400516792e+01   2.0635224847214279e-02
 -1.7499999999999982e-01   1.1867572054006111e-01   8.4263233915856635e+00   6.0013553214946427e+00   4.1866076805352790e+01   1.9059540568559064e-02
 -1.6250000000000009e-01   1.1833100939525429e-01   8.4508701912594812e+00   6.0037026232897688e+00   4.1882060697374882e+01   1.7516820086308470e-02
 -1.4999999999999991e-01   1.1799366628373864e-01   8.4750311732437069e+00   6.0059997526491289e+00   4.1897702941468509e+01   1.6005900930546237e-02
 -1.3750000000000018e-01   1.1766342756343198e-01   8.4988175230651262e+00   6.0082485048367920e+00   4.1913015762438818e+01   1.4525677005403565e-02
 -1.2500000000000000e-01   1.1734004253474614e-01   8.5222399651328313e+00   6.0104505869852431e+00   4.1928010784961145e+01   1.3075095155246004e-02
 -1.1249999999999982e-01   1.1702327264311771e-01   8.5453087869937576e+00   6.0126076235257297e+00   4.1942699070558859e+01   1.1653151980290165e-02
 -1.0000000000000009e-01   1.1671289074014549e-01   8.5680338620559251e+00   6.0147211612195282e+00   4.1957091151863629e+01   1.0258890880761571e-02
 -8.7499999999999911e-02   1.1640868039836579e-01   8.5904246708911121e+00   6.0167926738239608e+00   4.1971197064388555e+01   8.8913993106741439e-03
 -7.5000000000000178e-02   1.1611043527517161e-01   8.6124903212195107e+00   6.0188235664237739e+00   4.1985026376022567e+01   7.5498062240756019e-03
 -6.2500000000000000e-02   1.1581795852180478e-01   8.6342395666707628e+00   6.0208151794555933e+00   4.1998588214434861e+01   6.2332796981849382e-03
 -4.9999999999999822e-02   1.1553106223373243e-01   8.6556808244079555e+00   6.0227687924505684e+00   4.2011891292560342e+01   4.9410247192690614e-03
 -3.7500000000000089e-02   1.1524956693905787e-01   8.6768221916945159e+00   6.0246856275180267e+00   4.2024943932321456e+01   3.6722811183823264e-03
 -2.5000000000000355e-02   1.1497330112192390e-01   8.6976714614773556e+00   6.0265668525908458e+00   4.2037754086727517e+01   2.4263216452423964e-03
 -1.2500000000000178e-02   1.1470210077813940e-01   8.7182361370541344e+00   6.0284135844514042e+00   4.2050329360479793e+01   1.2024501695515012e-03
  0.0000000000000000e+00   1.1443580900050836e-01   8.7385234458870968e+00   6.0302268915552721e+00   4.2062677029199385e+01   0.0000000000000000e+00
