# First column is time, second column is the perturbation of detonation velocity.
  0.0000000000000000e+00   1.0000000000000000e-10
  5.0000000000000001e-03   1.0012566469870059e-10
  1.0000000000000000e-02   1.0024442389616001e-10
  1.4999999999999999e-02   1.0037872090623087e-10
  2.0000000000000000e-02   1.0050336698185630e-10
  2.5000000000000001e-02   1.0063116021104547e-10
  2.9999999999999999e-02   1.0076503684437108e-10
  3.5000000000000003e-02   1.0089483743437266e-10
  4.0000000000000001e-02   1.0102863769747801e-10
  4.4999999999999998e-02   1.0116448825232326e-10
  5.0000000000000003e-02   1.0129962042495201e-10
  5.5000000000000000e-02   1.0143795917954332e-10
  5.9999999999999998e-02   1.0157740158359064e-10
  6.5000000000000002e-02   1.0171773048959752e-10
  7.0000000000000007e-02   1.0186038162942217e-10
  7.4999999999999997e-02   1.0200411234198936e-10
  8.0000000000000002e-02   1.0214935575601817e-10
  8.5000000000000006e-02   1.0229649655299225e-10
  8.9999999999999997e-02   1.0244496677320257e-10
  9.5000000000000001e-02   1.0259512142415802e-10
  1.0000000000000001e-01   1.0274697447893375e-10
  1.0500000000000000e-01   1.0290035415402509e-10
  1.1000000000000000e-01   1.0305548588142598e-10
  1.1500000000000000e-01   1.0321231551747950e-10
  1.2000000000000000e-01   1.0337081163537964e-10
  1.2500000000000000e-01   1.0353107472673601e-10
  1.3000000000000000e-01   1.0369307140875882e-10
  1.3500000000000001e-01   1.0385683419889122e-10
  1.4000000000000001e-01   1.0402241466964650e-10
  1.4499999999999999e-01   1.0418980115659604e-10
  1.4999999999999999e-01   1.0435902421386903e-10
  1.5500000000000000e-01   1.0453011035139282e-10
  1.6000000000000000e-01   1.0470307229312160e-10
  1.6500000000000001e-01   1.0487794435507584e-10
  1.7000000000000001e-01   1.0505474752684949e-10
  1.7500000000000002e-01   1.0523349870682603e-10
  1.7999999999999999e-01   1.0541422436223775e-10
  1.8500000000000000e-01   1.0559694669652350e-10
  1.9000000000000000e-01   1.0578169082238397e-10
  1.9500000000000001e-01   1.0596848340206833e-10
  2.0000000000000001e-01   1.0615734650157776e-10
  2.0500000000000002e-01   1.0634830390125943e-10
  2.0999999999999999e-01   1.0654138089274262e-10
  2.1500000000000000e-01   1.0673660284164719e-10
  2.2000000000000000e-01   1.0693399637680664e-10
  2.2500000000000001e-01   1.0713358719775596e-10
  2.3000000000000001e-01   1.0733540035982232e-10
  2.3500000000000001e-01   1.0753946194003801e-10
  2.3999999999999999e-01   1.0774579866466346e-10
  2.4500000000000000e-01   1.0795443780665064e-10
  2.5000000000000000e-01   1.0816540675829674e-10
  2.5500000000000000e-01   1.0837873254021622e-10
  2.6000000000000001e-01   1.0859444240364036e-10
  2.6500000000000001e-01   1.0881256421466644e-10
  2.7000000000000002e-01   1.0903312632939192e-10
  2.7500000000000002e-01   1.0925615738663622e-10
  2.8000000000000003e-01   1.0948168602113475e-10
  2.8500000000000003e-01   1.0970974092356589e-10
  2.8999999999999998e-01   1.0994035114192658e-10
  2.9499999999999998e-01   1.1017354616208150e-10
  2.9999999999999999e-01   1.1040935579494682e-10
  3.0499999999999999e-01   1.1064781000963508e-10
  3.1000000000000000e-01   1.1088893886889658e-10
  3.1500000000000000e-01   1.1113277264597801e-10
  3.2000000000000001e-01   1.1137934194061906e-10
  3.2500000000000001e-01   1.1162867766353107e-10
  3.3000000000000002e-01   1.1188081094048639e-10
  3.3500000000000002e-01   1.1213577303660258e-10
  3.4000000000000002e-01   1.1239359537382122e-10
  3.4500000000000003e-01   1.1265430960182289e-10
  3.5000000000000003e-01   1.1291794762434302e-10
  3.5499999999999998e-01   1.1318454155749343e-10
  3.5999999999999999e-01   1.1345412367007875e-10
  3.6499999999999999e-01   1.1372672636223437e-10
  3.7000000000000000e-01   1.1400238219016133e-10
  3.7500000000000000e-01   1.1428112389151488e-10
  3.8000000000000000e-01   1.1456298437384333e-10
  3.8500000000000001e-01   1.1484799667579478e-10
  3.9000000000000001e-01   1.1513619393578016e-10
  3.9500000000000002e-01   1.1542760938783319e-10
  4.0000000000000002e-01   1.1572227637132062e-10
  4.0500000000000003e-01   1.1602022832792112e-10
  4.1000000000000003e-01   1.1632149877774285e-10
  4.1500000000000004e-01   1.1662612128939515e-10
  4.1999999999999998e-01   1.1693412946135110e-10
  4.2499999999999999e-01   1.1724555691597745e-10
  4.2999999999999999e-01   1.1756043729305486e-10
  4.3500000000000000e-01   1.1787880423194565e-10
  4.4000000000000000e-01   1.1820069134500163e-10
  4.4500000000000001e-01   1.1852613219264932e-10
  4.5000000000000001e-01   1.1885516026588792e-10
  4.5500000000000002e-01   1.1918780897208103e-10
  4.6000000000000002e-01   1.1952411161632756e-10
  4.6500000000000002e-01   1.1986410137600141e-10
  4.7000000000000003e-01   1.2020781127282433e-10
  4.7500000000000003e-01   1.2055527414760016e-10
  4.7999999999999998e-01   1.2090652263793851e-10
  4.8499999999999999e-01   1.2126158915506445e-10
  4.8999999999999999e-01   1.2162050585654900e-10
  4.9500000000000000e-01   1.2198330461572349e-10
  5.0000000000000000e-01   1.2235001699085978e-10
  5.0500000000000000e-01   1.2272067419578893e-10
  5.1000000000000001e-01   1.2309530707071609e-10
  5.1500000000000001e-01   1.2347394605097059e-10
  5.2000000000000002e-01   1.2385662113299243e-10
  5.2500000000000002e-01   1.2424336183884983e-10
  5.3000000000000003e-01   1.2463419718080679e-10
  5.3500000000000003e-01   1.2502915562602584e-10
  5.4000000000000004e-01   1.2542826506026758e-10
  5.4500000000000004e-01   1.2583155274967036e-10
  5.5000000000000004e-01   1.2623904530085756e-10
  5.5500000000000005e-01   1.2665076862029680e-10
  5.6000000000000005e-01   1.2706674787342613e-10
  5.6500000000000006e-01   1.2748700744319420e-10
  5.7000000000000006e-01   1.2791157088737797e-10
  5.7500000000000007e-01   1.2834046089451156e-10
  5.7999999999999996e-01   1.2877369923883825e-10
  5.8499999999999996e-01   1.2921130673477505e-10
  5.8999999999999997e-01   1.2965330319095293e-10
  5.9499999999999997e-01   1.3009970736354243e-10
  5.9999999999999998e-01   1.3055053690864630e-10
  6.0499999999999998e-01   1.3100580833389229e-10
  6.0999999999999999e-01   1.3146553694955789e-10
  6.1499999999999999e-01   1.3192973681943808e-10
  6.2000000000000000e-01   1.3239842071142738e-10
  6.2500000000000000e-01   1.3287160004769701e-10
  6.3000000000000000e-01   1.3334928485450183e-10
  6.3500000000000001e-01   1.3383148371182444e-10
  6.4000000000000001e-01   1.3431820370308732e-10
  6.4500000000000002e-01   1.3480945036504675e-10
  6.5000000000000002e-01   1.3530522763788406e-10
  6.5500000000000003e-01   1.3580553781553238e-10
  6.6000000000000003e-01   1.3631038149639049e-10
  6.6500000000000004e-01   1.3681975753463711e-10
  6.7000000000000004e-01   1.3733366299232667e-10
  6.7500000000000004e-01   1.3785209309237931e-10
  6.8000000000000005e-01   1.3837504117256582e-10
  6.8500000000000005e-01   1.3890249864062382e-10
  6.9000000000000006e-01   1.3943445493070798e-10
  6.9500000000000006e-01   1.3997089746138279e-10
  7.0000000000000007e-01   1.4051181159533311e-10
  7.0499999999999996e-01   1.4105718060094594e-10
  7.0999999999999996e-01   1.4160698561592310e-10
  7.1499999999999997e-01   1.4216120561312126e-10
  7.1999999999999997e-01   1.4271981736883468e-10
  7.2499999999999998e-01   1.4328279543372726e-10
  7.2999999999999998e-01   1.4385011210660043e-10
  7.3499999999999999e-01   1.4442173741117881e-10
  7.3999999999999999e-01   1.4499763907610680e-10
  7.4500000000000000e-01   1.4557778251836263e-10
  7.5000000000000000e-01   1.4616213083030016e-10
  7.5500000000000000e-01   1.4675064477051057e-10
  7.6000000000000001e-01   1.4734328275868693e-10
  7.6500000000000001e-01   1.4794000087467185e-10
  7.7000000000000002e-01   1.4854075286186784e-10
  7.7500000000000002e-01   1.4914549013519604e-10
  7.8000000000000003e-01   1.4975416179376755e-10
  7.8500000000000003e-01   1.5036671463842531e-10
  7.9000000000000004e-01   1.5098309319429498e-10
  7.9500000000000004e-01   1.5160323973848016e-10
  8.0000000000000004e-01   1.5222709433302363e-10
  8.0500000000000005e-01   1.5285459486324920e-10
  8.1000000000000005e-01   1.5348567708157134e-10
  8.1500000000000006e-01   1.5412027465684840e-10
  8.2000000000000006e-01   1.5475831922933415e-10
  8.2500000000000007e-01   1.5539974047126277e-10
  8.3000000000000007e-01   1.5604446615309228e-10
  8.3499999999999996e-01   1.5669242221539930e-10
  8.3999999999999997e-01   1.5734353284640092e-10
  8.4499999999999997e-01   1.5799772056505312e-10
  8.4999999999999998e-01   1.5865490630965193e-10
  8.5499999999999998e-01   1.5931500953184149e-10
  8.5999999999999999e-01   1.5997794829590965e-10
  8.6499999999999999e-01   1.6064363938322007e-10
  8.7000000000000000e-01   1.6131199840161093e-10
  8.7500000000000000e-01   1.6198293989955924e-10
  8.8000000000000000e-01   1.6265637748488656e-10
  8.8500000000000001e-01   1.6333222394775745e-10
  8.9000000000000001e-01   1.6401039138769775e-10
  8.9500000000000002e-01   1.6469079134433125e-10
  9.0000000000000002e-01   1.6537333493151357e-10
  9.0500000000000003e-01   1.6605793297451837e-10
  9.1000000000000003e-01   1.6674449614990844e-10
  9.1500000000000004e-01   1.6743293512770514e-10
  9.2000000000000004e-01   1.6812316071545255e-10
  9.2500000000000004e-01   1.6881508400375224e-10
  9.3000000000000005e-01   1.6950861651282791e-10
  9.3500000000000005e-01   1.7020367033967529e-10
  9.4000000000000006e-01   1.7090015830532689e-10
  9.4500000000000006e-01   1.7159799410176555e-10
  9.5000000000000007e-01   1.7229709243800495e-10
  9.5500000000000007e-01   1.7299736918485457e-10
  9.5999999999999996e-01   1.7369874151788291e-10
  9.6499999999999997e-01   1.7440112805809630e-10
  9.6999999999999997e-01   1.7510444900984611e-10
  9.7499999999999998e-01   1.7580862629549562e-10
  9.7999999999999998e-01   1.7651358368636958e-10
  9.8499999999999999e-01   1.7721924692953449e-10
  9.8999999999999999e-01   1.7792554386996200e-10
  9.9500000000000000e-01   1.7863240456764654e-10
  1.0000000000000000e+00   1.7933976140926514e-10
  1.0050000000000001e+00   1.8004754921398874e-10
  1.0100000000000000e+00   1.8075570533307363e-10
  1.0150000000000001e+00   1.8146416974288918e-10
  1.0200000000000000e+00   1.8217288513106008e-10
  1.0249999999999999e+00   1.8288179697543402e-10
  1.0300000000000000e+00   1.8359085361560715e-10
  1.0349999999999999e+00   1.8430000631677912e-10
  1.0400000000000000e+00   1.8500920932573296e-10
  1.0449999999999999e+00   1.8571841991877024e-10
  1.0500000000000000e+00   1.8642759844146724e-10
  1.0549999999999999e+00   1.8713670834014652e-10
  1.0600000000000001e+00   1.8784571618499653e-10
  1.0649999999999999e+00   1.8855459168479934e-10
  1.0700000000000001e+00   1.8926330769327052e-10
  1.0750000000000000e+00   1.8997184020703299e-10
  1.0800000000000001e+00   1.9068016835529514e-10
  1.0850000000000000e+00   1.9138827438132519e-10
  1.0900000000000001e+00   1.9209614361584513e-10
  1.0950000000000000e+00   1.9280376444250169e-10
  1.1000000000000001e+00   1.9351112825559919e-10
  1.1050000000000000e+00   1.9421822941029873e-10
  1.1100000000000001e+00   1.9492506516552839e-10
  1.1150000000000000e+00   1.9563163561985544e-10
  1.1200000000000001e+00   1.9633794364060827e-10
  1.1250000000000000e+00   1.9704399478654732e-10
  1.1300000000000001e+00   1.9774979722440849e-10
  1.1350000000000000e+00   1.9845536163964815e-10
  1.1400000000000001e+00   1.9916070114175345e-10
  1.1450000000000000e+00   1.9986583116447009e-10
  1.1500000000000001e+00   2.0057076936132700e-10
  1.1550000000000000e+00   2.0127553549684160e-10
  1.1599999999999999e+00   2.0198015133379183e-10
  1.1650000000000000e+00   2.0268464051695111e-10
  1.1699999999999999e+00   2.0338902845368022e-10
  1.1750000000000000e+00   2.0409334219177649e-10
  1.1799999999999999e+00   2.0479761029497373e-10
  1.1850000000000001e+00   2.0550186271648892e-10
  1.1899999999999999e+00   2.0620613067100357e-10
  1.1950000000000001e+00   2.0691044650546332e-10
  1.2000000000000000e+00   2.0761484356907687e-10
  1.2050000000000001e+00   2.0831935608287437e-10
  1.2100000000000000e+00   2.0902401900919227e-10
  1.2150000000000001e+00   2.0972886792142604e-10
  1.2200000000000000e+00   2.1043393887439169e-10
  1.2250000000000001e+00   2.1113926827561438e-10
  1.2300000000000000e+00   2.1184489275785892e-10
  1.2350000000000001e+00   2.1255084905319340e-10
  1.2400000000000000e+00   2.1325717386886970e-10
  1.2450000000000001e+00   2.1396390376528500e-10
  1.2500000000000000e+00   2.1467107503627510e-10
  1.2550000000000001e+00   2.1537872359197315e-10
  1.2600000000000000e+00   2.1608688484445047e-10
  1.2650000000000001e+00   2.1679559359634560e-10
  1.2700000000000000e+00   2.1750488393265961e-10
  1.2750000000000001e+00   2.1821478911589675e-10
  1.2800000000000000e+00   2.1892534148469259e-10
  1.2849999999999999e+00   2.1963657235607707e-10
  1.2900000000000000e+00   2.2034851193148981e-10
  1.2949999999999999e+00   2.2106118920664982e-10
  1.3000000000000000e+00   2.2177463188538150e-10
  1.3049999999999999e+00   2.2248886629746516e-10
  1.3100000000000001e+00   2.2320391732057707e-10
  1.3149999999999999e+00   2.2391980830637258e-10
  1.3200000000000001e+00   2.2463656101074149e-10
  1.3250000000000000e+00   2.2535419552826525e-10
  1.3300000000000001e+00   2.2607273023088693e-10
  1.3350000000000000e+00   2.2679218171078933e-10
  1.3400000000000001e+00   2.2751256472747873e-10
  1.3450000000000000e+00   2.2823389215904576e-10
  1.3500000000000001e+00   2.2895617495758042e-10
  1.3550000000000000e+00   2.2967942210869491e-10
  1.3600000000000001e+00   2.3040364059511386e-10
  1.3650000000000000e+00   2.3112883536426934e-10
  1.3700000000000001e+00   2.3185500929984526e-10
  1.3750000000000000e+00   2.3258216319719725e-10
  1.3800000000000001e+00   2.3331029574257246e-10
  1.3850000000000000e+00   2.3403940349605489e-10
  1.3900000000000001e+00   2.3476948087814199e-10
  1.3950000000000000e+00   2.3550052015987070e-10
  1.4000000000000001e+00   2.3623251145639538e-10
  1.4050000000000000e+00   2.3696544272391973e-10
  1.4099999999999999e+00   2.3769929975988596e-10
  1.4150000000000000e+00   2.3843406620631749e-10
  1.4199999999999999e+00   2.3916972355621169e-10
  1.4250000000000000e+00   2.3990625116287325e-10
  1.4299999999999999e+00   2.4064362625209024e-10
  1.4350000000000001e+00   2.4138182393703312e-10
  1.4399999999999999e+00   2.4212081723578022e-10
  1.4450000000000001e+00   2.4286057709135289e-10
  1.4500000000000000e+00   2.4360107239415732e-10
  1.4550000000000001e+00   2.4434227000672434e-10
  1.4600000000000000e+00   2.4508413479063879e-10
  1.4650000000000001e+00   2.4582662963555642e-10
  1.4700000000000000e+00   2.4656971549019905e-10
  1.4750000000000001e+00   2.4731335139523059e-10
  1.4800000000000000e+00   2.4805749451790666e-10
  1.4850000000000001e+00   2.4880210018840507e-10
  1.4900000000000000e+00   2.4954712193773042e-10
  1.4950000000000001e+00   2.5029251153710918e-10
  1.5000000000000000e+00   2.5103821903876952e-10
  1.5050000000000001e+00   2.5178419281802463e-10
  1.5100000000000000e+00   2.5253037961656642e-10
  1.5150000000000001e+00   2.5327672458688358e-10
  1.5200000000000000e+00   2.5402317133772272e-10
  1.5250000000000001e+00   2.5476966198050792e-10
  1.5300000000000000e+00   2.5551613717664711e-10
  1.5350000000000001e+00   2.5626253618564137e-10
  1.5400000000000000e+00   2.5700879691392909e-10
  1.5449999999999999e+00   2.5775485596439621e-10
  1.5500000000000000e+00   2.5850064868648163e-10
  1.5549999999999999e+00   2.5924610922681334e-10
  1.5600000000000001e+00   2.5999117058031486e-10
  1.5649999999999999e+00   2.6073576464172334e-10
  1.5700000000000001e+00   2.6147982225745668e-10
  1.5750000000000000e+00   2.6222327327778407e-10
  1.5800000000000001e+00   2.6296604660923975e-10
  1.5850000000000000e+00   2.6370807026723729e-10
  1.5900000000000001e+00   2.6444927142883282e-10
  1.5950000000000000e+00   2.6518957648559488e-10
  1.6000000000000001e+00   2.6592891109653837e-10
  1.6050000000000000e+00   2.6666720024108355e-10
  1.6100000000000001e+00   2.6740436827199866e-10
  1.6150000000000000e+00   2.6814033896829591e-10
  1.6200000000000001e+00   2.6887503558804220e-10
  1.6250000000000000e+00   2.6960838092105582e-10
  1.6300000000000001e+00   2.7034029734145652e-10
  1.6350000000000000e+00   2.7107070686004616e-10
  1.6400000000000001e+00   2.7179953117648581e-10
  1.6450000000000000e+00   2.7252669173125152e-10
  1.6500000000000001e+00   2.7325210975734052e-10
  1.6550000000000000e+00   2.7397570633171133e-10
  1.6600000000000001e+00   2.7469740242643133e-10
  1.6650000000000000e+00   2.7541711895951640e-10
  1.6699999999999999e+00   2.7613477684544752e-10
  1.6750000000000000e+00   2.7685029704533947e-10
  1.6799999999999999e+00   2.7756360061675417e-10
  1.6850000000000001e+00   2.7827460876314095e-10
  1.6899999999999999e+00   2.7898324288288849e-10
  1.6950000000000001e+00   2.7968942461797683e-10
  1.7000000000000000e+00   2.8039307590222202e-10
  1.7050000000000001e+00   2.8109411900908970e-10
  1.7100000000000000e+00   2.8179247659908445e-10
  1.7150000000000001e+00   2.8248807176668605e-10
  1.7200000000000000e+00   2.8318082808683839e-10
  1.7250000000000001e+00   2.8387066966097285e-10
  1.7300000000000000e+00   2.8455752116255837e-10
  1.7350000000000001e+00   2.8524130788217365e-10
  1.7400000000000000e+00   2.8592195577208687e-10
  1.7450000000000001e+00   2.8659939149034206e-10
  1.7500000000000000e+00   2.8727354244433503e-10
  1.7550000000000001e+00   2.8794433683388084e-10
  1.7600000000000000e+00   2.8861170369375349e-10
  1.7650000000000001e+00   2.8927557293570212e-10
  1.7700000000000000e+00   2.8993587538992292e-10
  1.7750000000000001e+00   2.9059254284599123e-10
  1.7800000000000000e+00   2.9124550809323139e-10
  1.7850000000000001e+00   2.9189470496052992e-10
  1.7900000000000000e+00   2.9254006835556996e-10
  1.7949999999999999e+00   2.9318153430349007e-10
  1.8000000000000000e+00   2.9381903998494623e-10
  1.8049999999999999e+00   2.9445252377357615e-10
  1.8100000000000001e+00   2.9508192527285211e-10
  1.8149999999999999e+00   2.9570718535231011e-10
  1.8200000000000001e+00   2.9632824618314728e-10
  1.8250000000000000e+00   2.9694505127317806e-10
  1.8300000000000001e+00   2.9755754550112776e-10
  1.8350000000000000e+00   2.9816567515026540e-10
  1.8400000000000001e+00   2.9876938794135240e-10
  1.8450000000000000e+00   2.9936863306489661e-10
  1.8500000000000001e+00   2.9996336121270204e-10
  1.8550000000000000e+00   3.0055352460869466e-10
  1.8600000000000001e+00   3.0113907703901667e-10
  1.8650000000000000e+00   3.0171997388136453e-10
  1.8700000000000001e+00   3.0229617213357046e-10
  1.8750000000000000e+00   3.0286763044139303e-10
  1.8800000000000001e+00   3.0343430912552066e-10
  1.8850000000000000e+00   3.0399617020775425e-10
  1.8900000000000001e+00   3.0455317743636638e-10
  1.8950000000000000e+00   3.0510529631061016e-10
  1.9000000000000001e+00   3.0565249410436711e-10
  1.9050000000000000e+00   3.0619473988891034e-10
  1.9100000000000001e+00   3.0673200455477585e-10
  1.9150000000000000e+00   3.0726426083270983e-10
  1.9199999999999999e+00   3.0779148331368787e-10
  1.9250000000000000e+00   3.0831364846797793e-10
  1.9299999999999999e+00   3.0883073466323546e-10
  1.9350000000000001e+00   3.0934272218161019e-10
  1.9399999999999999e+00   3.0984959323584407e-10
  1.9450000000000001e+00   3.1035133198434885e-10
  1.9500000000000000e+00   3.1084792454523903e-10
  1.9550000000000001e+00   3.1133935900930566e-10
  1.9600000000000000e+00   3.1182562545191332e-10
  1.9650000000000001e+00   3.1230671594380592e-10
  1.9700000000000000e+00   3.1278262456079500e-10
  1.9750000000000001e+00   3.1325334739233050e-10
  1.9800000000000000e+00   3.1371888254892061e-10
  1.9850000000000001e+00   3.1417923016839746e-10
  1.9900000000000000e+00   3.1463439242101004e-10
  1.9950000000000001e+00   3.1508437351333058e-10
  2.0000000000000000e+00   3.1552917969095737e-10
  2.0049999999999999e+00   3.1596881924000968e-10
  2.0100000000000002e+00   3.1640330248739443e-10
  2.0150000000000001e+00   3.1683264179983841e-10
  2.0200000000000000e+00   3.1725685158167348e-10
  2.0249999999999999e+00   3.1767594827136957e-10
  2.0300000000000002e+00   3.1808995033680020e-10
  2.0350000000000001e+00   3.1849887826924318e-10
  2.0400000000000000e+00   3.1890275457610036e-10
  2.0449999999999999e+00   3.1930160377233957e-10
  2.0499999999999998e+00   3.1969545237065036e-10
  2.0550000000000002e+00   3.2008432887031525e-10
  2.0600000000000001e+00   3.2046826374478879e-10
  2.0649999999999999e+00   3.2084728942799474e-10
  2.0699999999999998e+00   3.2122144029933248e-10
  2.0750000000000002e+00   3.2159075266740291e-10
  2.0800000000000001e+00   3.2195526475245405e-10
  2.0850000000000000e+00   3.2231501666755636e-10
  2.0899999999999999e+00   3.2267005039850832e-10
  2.0950000000000002e+00   3.2302040978249214e-10
  2.1000000000000001e+00   3.2336614048547340e-10
  2.1050000000000000e+00   3.2370728997837562e-10
  2.1099999999999999e+00   3.2404390751202786e-10
  2.1150000000000002e+00   3.2437604409090347e-10
  2.1200000000000001e+00   3.2470375244567723e-10
  2.1250000000000000e+00   3.2502708700459814e-10
  2.1299999999999999e+00   3.2534610386371801e-10
  2.1350000000000002e+00   3.2566086075598383e-10
  2.1400000000000001e+00   3.2597141701921597e-10
  2.1450000000000000e+00   3.2627783356300618e-10
  2.1499999999999999e+00   3.2658017283454841e-10
  2.1550000000000002e+00   3.2687849878343554e-10
  2.1600000000000001e+00   3.2717287682544937e-10
  2.1650000000000000e+00   3.2746337380536949e-10
  2.1699999999999999e+00   3.2775005795883660e-10
  2.1750000000000003e+00   3.2803299887329582e-10
  2.1800000000000002e+00   3.2831226744805988e-10
  2.1850000000000001e+00   3.2858793585351799e-10
  2.1899999999999999e+00   3.2886007748953226e-10
  2.1949999999999998e+00   3.2912876694305688e-10
  2.2000000000000002e+00   3.2939407994500967e-10
  2.2050000000000001e+00   3.2965609332644617e-10
  2.2100000000000000e+00   3.2991488497406370e-10
  2.2149999999999999e+00   3.3017053378508288e-10
  2.2200000000000002e+00   3.3042311962154127e-10
  2.2250000000000001e+00   3.3067272326404537e-10
  2.2300000000000000e+00   3.3091942636501805e-10
  2.2349999999999999e+00   3.3116331140148687e-10
  2.2400000000000002e+00   3.3140446162745069e-10
  2.2450000000000001e+00   3.3164296102587571e-10
  2.2500000000000000e+00   3.3187889426035736e-10
  2.2549999999999999e+00   3.3211234662649067e-10
  2.2600000000000002e+00   3.3234340400300157e-10
  2.2650000000000001e+00   3.3257215280267158e-10
  2.2700000000000000e+00   3.3279867992310668e-10
  2.2749999999999999e+00   3.3302307269739346e-10
  2.2800000000000002e+00   3.3324541884468111e-10
  2.2850000000000001e+00   3.3346580642074181e-10
  2.2900000000000000e+00   3.3368432376853917e-10
  2.2949999999999999e+00   3.3390105946886311e-10
  2.3000000000000003e+00   3.3411610229105985e-10
  2.3050000000000002e+00   3.3432954114390480e-10
  2.3100000000000001e+00   3.3454146502666306e-10
  2.3149999999999999e+00   3.3475196298036840e-10
  2.3199999999999998e+00   3.3496112403936997e-10
  2.3250000000000002e+00   3.3516903718318139e-10
  2.3300000000000001e+00   3.3537579128867150e-10
  2.3350000000000000e+00   3.3558147508263110e-10
  2.3399999999999999e+00   3.3578617709476248e-10
  2.3450000000000002e+00   3.3598998561111223e-10
  2.3500000000000001e+00   3.3619298862799733e-10
  2.3550000000000000e+00   3.3639527380644744e-10
  2.3599999999999999e+00   3.3659692842720031e-10
  2.3650000000000002e+00   3.3679803934628699e-10
  2.3700000000000001e+00   3.3699869295122422e-10
  2.3750000000000000e+00   3.3719897511786204e-10
  2.3799999999999999e+00   3.3739897116789549e-10
  2.3850000000000002e+00   3.3759876582708521e-10
  2.3900000000000001e+00   3.3779844318420095e-10
  2.3950000000000000e+00   3.3799808665071865e-10
  2.3999999999999999e+00   3.3819777892129399e-10
  2.4050000000000002e+00   3.3839760193503126e-10
  2.4100000000000001e+00   3.3859763683757838e-10
  2.4150000000000000e+00   3.3879796394405203e-10
  2.4199999999999999e+00   3.3899866270283012e-10
  2.4250000000000003e+00   3.3919981166021085e-10
  2.4300000000000002e+00   3.3940148842596944e-10
  2.4350000000000001e+00   3.3960376963981799e-10
  2.4399999999999999e+00   3.3980673093878242e-10
  2.4449999999999998e+00   3.4001044692551404e-10
  2.4500000000000002e+00   3.4021499113754225e-10
  2.4550000000000001e+00   3.4042043601747493e-10
  2.4600000000000000e+00   3.4062685288416530e-10
  2.4649999999999999e+00   3.4083431190484089e-10
  2.4700000000000002e+00   3.4104288206820863e-10
  2.4750000000000001e+00   3.4125263115853771e-10
  2.4800000000000000e+00   3.4146362573072525e-10
  2.4849999999999999e+00   3.4167593108634966e-10
  2.4900000000000002e+00   3.4188961125070910e-10
  2.4950000000000001e+00   3.4210472895085195e-10
  2.5000000000000000e+00   3.4232134559459703e-10
  2.5049999999999999e+00   3.4253952125054263e-10
  2.5100000000000002e+00   3.4275931462906296e-10
  2.5150000000000001e+00   3.4298078306429265e-10
  2.5200000000000000e+00   3.4320398249709248e-10
  2.5249999999999999e+00   3.4342896745899539e-10
  2.5300000000000002e+00   3.4365579105712477e-10
  2.5350000000000001e+00   3.4388450496008721e-10
  2.5400000000000000e+00   3.4411515938481879e-10
  2.5449999999999999e+00   3.4434780308439802e-10
  2.5500000000000003e+00   3.4458248333679567e-10
  2.5550000000000002e+00   3.4481924593457234e-10
  2.5600000000000001e+00   3.4505813517549796e-10
  2.5649999999999999e+00   3.4529919385409602e-10
  2.5699999999999998e+00   3.4554246325409268e-10
  2.5750000000000002e+00   3.4578798314176266e-10
  2.5800000000000001e+00   3.4603579176016041e-10
  2.5850000000000000e+00   3.4628592582422002e-10
  2.5899999999999999e+00   3.4653842051671493e-10
  2.5950000000000002e+00   3.4679330948506224e-10
  2.6000000000000001e+00   3.4705062483895310e-10
  2.6050000000000000e+00   3.4731039714880163e-10
  2.6099999999999999e+00   3.4757265544499505e-10
  2.6150000000000002e+00   3.4783742721792332e-10
  2.6200000000000001e+00   3.4810473841878717e-10
  2.6250000000000000e+00   3.4837461346115604e-10
  2.6299999999999999e+00   3.4864707522326828e-10
  2.6350000000000002e+00   3.4892214505105882e-10
  2.6400000000000001e+00   3.4919984276189181e-10
  2.6450000000000000e+00   3.4948018664899620e-10
  2.6499999999999999e+00   3.4976319348657635e-10
  2.6550000000000002e+00   3.5004887853559224e-10
  2.6600000000000001e+00   3.5033725555019265e-10
  2.6650000000000000e+00   3.5062833678478360e-10
  2.6699999999999999e+00   3.5092213300172299e-10
  2.6750000000000003e+00   3.5121865347962441e-10
  2.6800000000000002e+00   3.5151790602225474e-10
  2.6850000000000001e+00   3.5181989696801594e-10
  2.6899999999999999e+00   3.5212463119999217e-10
  2.6949999999999998e+00   3.5243211215654917e-10
  2.7000000000000002e+00   3.5274234184247409e-10
  2.7050000000000001e+00   3.5305532084063683e-10
  2.7100000000000000e+00   3.5337104832416130e-10
  2.7149999999999999e+00   3.5368952206908862e-10
  2.7200000000000002e+00   3.5401073846752000e-10
  2.7250000000000001e+00   3.5433469254121957e-10
  2.7300000000000000e+00   3.5466137795566529e-10
  2.7349999999999999e+00   3.5499078703452724e-10
  2.7400000000000002e+00   3.5532291077456195e-10
  2.7450000000000001e+00   3.5565773886089656e-10
  2.7500000000000000e+00   3.5599525968270116e-10
  2.7549999999999999e+00   3.5633546034921474e-10
  2.7600000000000002e+00   3.5667832670611888e-10
  2.7650000000000001e+00   3.5702384335223749e-10
  2.7700000000000000e+00   3.5737199365655045e-10
  2.7749999999999999e+00   3.5772275977549380e-10
  2.7800000000000002e+00   3.5807612267053824e-10
  2.7850000000000001e+00   3.5843206212603186e-10
  2.7900000000000000e+00   3.5879055676727458e-10
  2.7949999999999999e+00   3.5915158407883091e-10
  2.8000000000000003e+00   3.5951512042304719e-10
  2.8050000000000002e+00   3.5988114105876700e-10
  2.8100000000000001e+00   3.6024962016022926e-10
  2.8149999999999999e+00   3.6062053083613368e-10
  2.8199999999999998e+00   3.6099384514886095e-10
  2.8250000000000002e+00   3.6136953413383619e-10
  2.8300000000000001e+00   3.6174756781902220e-10
  2.8350000000000000e+00   3.6212791524452936e-10
  2.8399999999999999e+00   3.6251054448234062e-10
  2.8450000000000002e+00   3.6289542265612495e-10
  2.8500000000000001e+00   3.6328251596114592e-10
  2.8550000000000000e+00   3.6367178968424821e-10
  2.8599999999999999e+00   3.6406320822391032e-10
  2.8650000000000002e+00   3.6445673511036439e-10
  2.8700000000000001e+00   3.6485233302576606e-10
  2.8750000000000000e+00   3.6524996382440937e-10
  2.8799999999999999e+00   3.6564958855298205e-10
  2.8850000000000002e+00   3.6605116747084842e-10
  2.8900000000000001e+00   3.6645466007035315e-10
  2.8950000000000000e+00   3.6686002509714380e-10
  2.8999999999999999e+00   3.6726722057049229e-10
  2.9050000000000002e+00   3.6767620380362047e-10
  2.9100000000000001e+00   3.6808693142401256e-10
  2.9150000000000000e+00   3.6849935939370599e-10
  2.9199999999999999e+00   3.6891344302955803e-10
  2.9250000000000003e+00   3.6932913702347111e-10
  2.9300000000000002e+00   3.6974639546257202e-10
  2.9350000000000001e+00   3.7016517184933149e-10
  2.9399999999999999e+00   3.7058541912161968e-10
  2.9449999999999998e+00   3.7100708967267590e-10
  2.9500000000000002e+00   3.7143013537099703e-10
  2.9550000000000001e+00   3.7185450758011299e-10
  2.9600000000000000e+00   3.7228015717826113e-10
  2.9649999999999999e+00   3.7270703457792553e-10
  2.9700000000000002e+00   3.7313508974524348e-10
  2.9750000000000001e+00   3.7356427221926644e-10
  2.9800000000000000e+00   3.7399453113105160e-10
  2.9849999999999999e+00   3.7442581522258623e-10
  2.9900000000000002e+00   3.7485807286552742e-10
  2.9950000000000001e+00   3.7529125207973926e-10
  3.0000000000000000e+00   3.7572530055163083e-10
  3.0049999999999999e+00   3.7616016565226612e-10
  3.0100000000000002e+00   3.7659579445524993e-10
  3.0150000000000001e+00   3.7703213375437135e-10
  3.0200000000000000e+00   3.7746913008099747e-10
  3.0249999999999999e+00   3.7790672972121093e-10
  3.0300000000000002e+00   3.7834487873267408e-10
  3.0350000000000001e+00   3.7878352296122504e-10
  3.0400000000000000e+00   3.7922260805718503e-10
  3.0449999999999999e+00   3.7966207949138279e-10
  3.0500000000000003e+00   3.8010188257087792e-10
  3.0550000000000002e+00   3.8054196245439078e-10
  3.0600000000000001e+00   3.8098226416742624e-10
  3.0649999999999999e+00   3.8142273261708812e-10
  3.0700000000000003e+00   3.8186331260659017e-10
  3.0750000000000002e+00   3.8230394884944913e-10
  3.0800000000000001e+00   3.8274458598336929e-10
  3.0850000000000000e+00   3.8318516858381343e-10
  3.0899999999999999e+00   3.8362564117726021e-10
  3.0950000000000002e+00   3.8406594825415094e-10
  3.1000000000000001e+00   3.8450603428152546e-10
  3.1050000000000000e+00   3.8494584371534978e-10
  3.1099999999999999e+00   3.8538532101253978e-10
  3.1150000000000002e+00   3.8582441064268006e-10
  3.1200000000000001e+00   3.8626305709944683e-10
  3.1250000000000000e+00   3.8670120491173239e-10
  3.1299999999999999e+00   3.8713879865448304e-10
  3.1350000000000002e+00   3.8757578295924576e-10
  3.1400000000000001e+00   3.8801210252443796e-10
  3.1450000000000000e+00   3.8844770212533670e-10
  3.1499999999999999e+00   3.8888252662379911e-10
  3.1550000000000002e+00   3.8931652097771426e-10
  3.1600000000000001e+00   3.8974963025019492e-10
  3.1650000000000000e+00   3.9018179961851019e-10
  3.1699999999999999e+00   3.9061297438277098e-10
  3.1750000000000003e+00   3.9104309997436772e-10
  3.1800000000000002e+00   3.9147212196416330e-10
  3.1850000000000001e+00   3.9189998607045836e-10
  3.1899999999999999e+00   3.9232663816671465e-10
  3.1950000000000003e+00   3.9275202428906172e-10
  3.2000000000000002e+00   3.9317609064357540e-10
  3.2050000000000001e+00   3.9359878361333854e-10
  3.2100000000000000e+00   3.9402004976529413e-10
  3.2149999999999999e+00   3.9443983585688335e-10
  3.2200000000000002e+00   3.9485808884247891e-10
  3.2250000000000001e+00   3.9527475587962284e-10
  3.2300000000000000e+00   3.9568978433505957e-10
  3.2349999999999999e+00   3.9610312179058128e-10
  3.2400000000000002e+00   3.9651471604867960e-10
  3.2450000000000001e+00   3.9692451513801236e-10
  3.2500000000000000e+00   3.9733246731868728e-10
  3.2549999999999999e+00   3.9773852108736757e-10
  3.2600000000000002e+00   3.9814262518219717e-10
  3.2650000000000001e+00   3.9854472858756096e-10
  3.2700000000000000e+00   3.9894478053866825e-10
  3.2749999999999999e+00   3.9934273052597722e-10
  3.2800000000000002e+00   3.9973852829945513e-10
  3.2850000000000001e+00   4.0013212387267850e-10
  3.2900000000000000e+00   4.0052346752678563e-10
  3.2949999999999999e+00   4.0091250981427167e-10
  3.3000000000000003e+00   4.0129920156264303e-10
  3.3050000000000002e+00   4.0168349387792796e-10
  3.3100000000000001e+00   4.0206533814804974e-10
  3.3149999999999999e+00   4.0244468604606759e-10
  3.3200000000000003e+00   4.0282148953328860e-10
  3.3250000000000002e+00   4.0319570086225818e-10
  3.3300000000000001e+00   4.0356727257962966e-10
  3.3350000000000000e+00   4.0393615752892418e-10
  3.3399999999999999e+00   4.0430230885317942e-10
  3.3450000000000002e+00   4.0466567999750005e-10
  3.3500000000000001e+00   4.0502622471150746e-10
  3.3550000000000000e+00   4.0538389705170506e-10
  3.3599999999999999e+00   4.0573865138375273e-10
  3.3650000000000002e+00   4.0609044238466951e-10
  3.3700000000000001e+00   4.0643922504495913e-10
  3.3750000000000000e+00   4.0678495467067511e-10
  3.3799999999999999e+00   4.0712758688542510e-10
  3.3850000000000002e+00   4.0746707763232284e-10
  3.3900000000000001e+00   4.0780338317589683e-10
  3.3950000000000000e+00   4.0813646010396352e-10
  3.3999999999999999e+00   4.0846626532946247e-10
  3.4050000000000002e+00   4.0879275609227624e-10
  3.4100000000000001e+00   4.0911588996103160e-10
  3.4150000000000000e+00   4.0943562483488393e-10
  3.4199999999999999e+00   4.0975191894531373e-10
  3.4250000000000003e+00   4.1006473085791483e-10
  3.4300000000000002e+00   4.1037401947420654e-10
  3.4350000000000001e+00   4.1067974403345395e-10
  3.4399999999999999e+00   4.1098186411452838e-10
  3.4450000000000003e+00   4.1128033963779008e-10
  3.4500000000000002e+00   4.1157513086701769e-10
  3.4550000000000001e+00   4.1186619841138865e-10
  3.4600000000000000e+00   4.1215350322750680e-10
  3.4649999999999999e+00   4.1243700662149829e-10
  3.4700000000000002e+00   4.1271667025117396e-10
  3.4750000000000001e+00   4.1299245612826403e-10
  3.4800000000000000e+00   4.1326432662073810e-10
  3.4849999999999999e+00   4.1353224445520871e-10
  3.4900000000000002e+00   4.1379617271942762e-10
  3.4950000000000001e+00   4.1405607486488589e-10
  3.5000000000000000e+00   4.1431191470951070e-10
  3.5049999999999999e+00   4.1456365644047751e-10
  3.5100000000000002e+00   4.1481126461713334e-10
  3.5150000000000001e+00   4.1505470417403839e-10
  3.5200000000000000e+00   4.1529394042413437e-10
  3.5249999999999999e+00   4.1552893906203601e-10
  3.5300000000000002e+00   4.1575966616745545e-10
  3.5350000000000001e+00   4.1598608820876332e-10
  3.5400000000000000e+00   4.1620817204668324e-10
  3.5449999999999999e+00   4.1642588493812932e-10
  3.5500000000000003e+00   4.1663919454018690e-10
  3.5550000000000002e+00   4.1684806891423704e-10
  3.5600000000000001e+00   4.1705247653022771e-10
  3.5649999999999999e+00   4.1725238627109438e-10
  3.5700000000000003e+00   4.1744776743732889e-10
  3.5750000000000002e+00   4.1763858975169604e-10
  3.5800000000000001e+00   4.1782482336410408e-10
  3.5850000000000000e+00   4.1800643885662117e-10
  3.5899999999999999e+00   4.1818340724864414e-10
  3.5950000000000002e+00   4.1835570000221324e-10
  3.6000000000000001e+00   4.1852328902747522e-10
  3.6050000000000000e+00   4.1868614668829002e-10
  3.6099999999999999e+00   4.1884424580798528e-10
  3.6150000000000002e+00   4.1899755967524490e-10
  3.6200000000000001e+00   4.1914606205014416e-10
  3.6250000000000000e+00   4.1928972717031061e-10
  3.6299999999999999e+00   4.1942852975722630e-10
  3.6350000000000002e+00   4.1956244502264782e-10
  3.6400000000000001e+00   4.1969144867515886e-10
  3.6450000000000000e+00   4.1981551692683569e-10
  3.6499999999999999e+00   4.1993462650002984e-10
  3.6550000000000002e+00   4.2004875463425909e-10
  3.6600000000000001e+00   4.2015787909320133e-10
  3.6650000000000000e+00   4.2026197817178726e-10
  3.6699999999999999e+00   4.2036103070338561e-10
  3.6750000000000003e+00   4.2045501606707083e-10
  3.6800000000000002e+00   4.2054391419497417e-10
  3.6850000000000001e+00   4.2062770557970326e-10
  3.6899999999999999e+00   4.2070637128182891e-10
  3.6950000000000003e+00   4.2077989293742831e-10
  3.7000000000000002e+00   4.2084825276568040e-10
  3.7050000000000001e+00   4.2091143357650305e-10
  3.7100000000000000e+00   4.2096941877822290e-10
  3.7149999999999999e+00   4.2102219238527745e-10
  3.7200000000000002e+00   4.2106973902593078e-10
  3.7250000000000001e+00   4.2111204395000042e-10
  3.7300000000000000e+00   4.2114909303659059e-10
  3.7349999999999999e+00   4.2118087280181178e-10
  3.7400000000000002e+00   4.2120737040648943e-10
  3.7450000000000001e+00   4.2122857366385052e-10
  3.7500000000000000e+00   4.2124447104716888e-10
  3.7549999999999999e+00   4.2125505169737883e-10
  3.7600000000000002e+00   4.2126030543063071e-10
  3.7650000000000001e+00   4.2126022274578908e-10
  3.7700000000000000e+00   4.2125479483186254e-10
  3.7749999999999999e+00   4.2124401357535493e-10
  3.7800000000000002e+00   4.2122787156752921e-10
  3.7850000000000001e+00   4.2120636211157544e-10
  3.7900000000000000e+00   4.2117947922967492e-10
  3.7949999999999999e+00   4.2114721766994772e-10
  3.8000000000000003e+00   4.2110957291327884e-10
  3.8050000000000002e+00   4.2106654118001235e-10
  3.8100000000000001e+00   4.2101811943650462e-10
  3.8149999999999999e+00   4.2096430540152521e-10
  3.8200000000000003e+00   4.2090509755250428e-10
  3.8250000000000002e+00   4.2084049513160883e-10
  3.8300000000000001e+00   4.2077049815164475e-10
  3.8350000000000000e+00   4.2069510740177259e-10
  3.8399999999999999e+00   4.2061432445303663e-10
  3.8450000000000002e+00   4.2052815166368647e-10
  3.8500000000000001e+00   4.2043659218429268e-10
  3.8550000000000000e+00   4.2033964996264764e-10
  3.8599999999999999e+00   4.2023732974843782e-10
  3.8650000000000002e+00   4.2012963709768821e-10
  3.8700000000000001e+00   4.2001657837696186e-10
  3.8750000000000000e+00   4.1989816076731790e-10
  3.8799999999999999e+00   4.1977439226801033e-10
  3.8850000000000002e+00   4.1964528169992762e-10
  3.8900000000000001e+00   4.1951083870876688e-10
  3.8950000000000000e+00   4.1937107376792730e-10
  3.8999999999999999e+00   4.1922599818112742e-10
  3.9050000000000002e+00   4.1907562408473247e-10
  3.9100000000000001e+00   4.1891996444978984e-10
  3.9150000000000000e+00   4.1875903308376348e-10
  3.9199999999999999e+00   4.1859284463196414e-10
  3.9250000000000003e+00   4.1842141457867068e-10
  3.9300000000000002e+00   4.1824475924793292e-10
  3.9350000000000001e+00   4.1806289580405520e-10
  3.9399999999999999e+00   4.1787584225175736e-10
  3.9450000000000003e+00   4.1768361743600143e-10
  3.9500000000000002e+00   4.1748624104148669e-10
  3.9550000000000001e+00   4.1728373359180780e-10
  3.9600000000000000e+00   4.1707611644826719e-10
  3.9650000000000003e+00   4.1686341180834698e-10
  3.9700000000000002e+00   4.1664564270382736e-10
  3.9750000000000001e+00   4.1642283299855618e-10
  3.9800000000000000e+00   4.1619500738586434e-10
  3.9849999999999999e+00   4.1596219138561822e-10
  3.9900000000000002e+00   4.1572441134092278e-10
  3.9950000000000001e+00   4.1548169441445197e-10
  4.0000000000000000e+00   4.1523406858442484e-10
