# Columns: x, rho, u, p, lamdatime_step 2000
# time   1.0000000000000000e+01
 -1.5074999999999999e+01  -1.4295677553672213e-10   9.6362923968891636e-11  -1.4995910708386267e-09   7.6368538013257329e-21
 -1.5049999999999999e+01  -1.4295677553672213e-10   9.6362923968891636e-11  -1.4995910708386267e-09   7.6368538013257329e-21
 -1.5024999999999999e+01  -1.4295677553672213e-10   9.6362923968891636e-11  -1.4995910708386267e-09   7.6368538013257329e-21
 -1.5000000000000000e+01  -1.4295677553672213e-10   9.6362923968891636e-11  -1.4995910708386267e-09   7.6368538013257329e-21
 -1.4975000000000000e+01  -1.4303821729035774e-10   9.6501578911522128e-11  -1.5005351559318577e-09   8.0912050422916595e-21
 -1.4949999999999999e+01  -1.4308483320991993e-10   9.6577440901225775e-11  -1.5010515287035066e-09   8.4449982183323884e-21
 -1.4924999999999999e+01  -1.4315147991583240e-10   9.6694574723856120e-11  -1.5018488864406759e-09   8.8382311608380051e-21
 -1.4899999999999999e+01  -1.4320861366826672e-10   9.6792150696129208e-11  -1.5025132035171718e-09   9.2561172047349835e-21
 -1.4875000000000000e+01  -1.4327244300375706e-10   9.6904966239264971e-11  -1.5032816896302468e-09   9.6915442409972513e-21
 -1.4850000000000000e+01  -1.4333372651611511e-10   9.7013038476626709e-11  -1.5040184723950433e-09   1.0150114997589555e-20
 -1.4824999999999999e+01  -1.4339783382455271e-10   9.7127839772861321e-11  -1.5048016864475032e-09   1.0630624113762564e-20
 -1.4799999999999999e+01  -1.4346166590558036e-10   9.7242819191369227e-11  -1.5055865479415483e-09   1.1133694614044510e-20
 -1.4774999999999999e+01  -1.4352700909622403e-10   9.7361775401369214e-11  -1.5063986848745799e-09   1.1660648970842789e-20
 -1.4750000000000000e+01  -1.4359284057936167e-10   9.7482569792413215e-11  -1.5072233458992591e-09   1.2212520435292595e-20
 -1.4725000000000000e+01  -1.4365975241117384e-10   9.7606457687387079e-11  -1.5080689916731304e-09   1.2790507220721656e-20
 -1.4699999999999999e+01  -1.4372741648006783e-10   9.7732736704239315e-11  -1.5089308448780095e-09   1.3395853023735118e-20
 -1.4674999999999999e+01  -1.4379603501840549e-10   9.7861817978081796e-11  -1.5098117624843718e-09   1.4029833735977462e-20
 -1.4649999999999999e+01  -1.4386550730841516e-10   9.7993470822427583e-11  -1.5107102389345317e-09   1.4693820043748103e-20
 -1.4625000000000000e+01  -1.4393590522255166e-10   9.8127832637081768e-11  -1.5116272536568627e-09   1.5389230902438004e-20
 -1.4600000000000000e+01  -1.4400719987407570e-10   9.8264832127998641e-11  -1.5125623351808862e-09   1.6117551534602855e-20
 -1.4574999999999999e+01  -1.4407941826459504e-10   9.8404519588684365e-11  -1.5135158165876940e-09   1.6880345331268294e-20
 -1.4549999999999999e+01  -1.4415255413987498e-10   9.8546876497777458e-11  -1.5144875521400571e-09   1.7679249275346191e-20
 -1.4524999999999999e+01  -1.4422661965852073e-10   9.8691923218864431e-11  -1.5154776612084149e-09   1.8515966067870540e-20
 -1.4500000000000000e+01  -1.4430161624256793e-10   9.8839656411310713e-11  -1.5164861086654258e-09   1.9392286835764432e-20
 -1.4475000000000000e+01  -1.4437755146663020e-10   9.8990084407049875e-11  -1.5175129480965995e-09   2.0310091871890744e-20
 -1.4449999999999999e+01  -1.4445442939428005e-10   9.9143206945022270e-11  -1.5185581827289887e-09   2.1271347194836746e-20
 -1.4424999999999999e+01  -1.4453225590974361e-10   9.9299027172428186e-11  -1.5196218422459309e-09   2.2278109565918478e-20
 -1.4399999999999999e+01  -1.4461103544684735e-10   9.9457545227960078e-11  -1.5207039357539356e-09   2.3332535860650812e-20
 -1.4375000000000000e+01  -1.4469077271382704e-10   9.9618762207076301e-11  -1.5218044766691206e-09   2.4436879577480266e-20
 -1.4350000000000000e+01  -1.4477147163313811e-10   9.9782678037089911e-11  -1.5229234675108538e-09   2.5593509579074633e-20
 -1.4324999999999999e+01  -1.4485313594936757e-10   9.9949292673840552e-11  -1.5240609087106305e-09   2.6804901431143363e-20
 -1.4299999999999999e+01  -1.4493576894644773e-10   1.0011860526647347e-10  -1.5252167945979823e-09   2.8073647129769617e-20
 -1.4274999999999999e+01  -1.4501937366467964e-10   1.0029061450547942e-10  -1.5263911165803487e-09   2.9402462465366234e-20
 -1.4250000000000000e+01  -1.4510395278297425e-10   1.0046531839900351e-10  -1.5275838615037584e-09   3.0794188186794113e-20
 -1.4225000000000000e+01  -1.4518950870297215e-10   1.0064271434946455e-10  -1.5287950129221975e-09   3.2251806466178484e-20
 -1.4199999999999999e+01  -1.4527604349352277e-10   1.0082279911718891e-10  -1.5300245503509647e-09   3.3778436565248983e-20
 -1.4174999999999999e+01  -1.4536355890635780e-10   1.0100556886134389e-10  -1.5312724495504234e-09   3.5377341816076953e-20
 -1.4149999999999999e+01  -1.4545205635605692e-10   1.0119101913029417e-10  -1.5325386822911607e-09   3.7051949663248103e-20
 -1.4125000000000000e+01  -1.4554153692592039e-10   1.0137914486767085e-10  -1.5338232164941911e-09   3.8805836506059260e-20
 -1.4100000000000000e+01  -1.4563200135891820e-10   1.0156994041151509e-10  -1.5351260161544579e-09   4.0642750813169718e-20
 -1.4074999999999999e+01  -1.4572345005294432e-10   1.0176339950594834e-10  -1.5364470413267330e-09   4.2566623674476689e-20
 -1.4049999999999999e+01  -1.4581588305189716e-10   1.0195951530988675e-10  -1.5377862480506093e-09   4.4581569009819901e-20
 -1.4024999999999999e+01  -1.4590930002826753e-10   1.0215828043190933e-10  -1.5391435881520901e-09   4.6691894052427922e-20
 -1.4000000000000000e+01  -1.4600370028162998e-10   1.0235968692571505e-10  -1.5405190092748686e-09   4.8902106030942059e-20
 -1.3975000000000000e+01  -1.4609908274758727e-10   1.0256372626830042e-10  -1.5419124550602954e-09   5.1216933923103399e-20
 -1.3949999999999999e+01  -1.4619544600638138e-10   1.0277038933682013e-10  -1.5433238653220902e-09   5.3641314494641531e-20
 -1.3924999999999999e+01  -1.4629278829649803e-10   1.0297966637482646e-10  -1.5447531762932963e-09   5.6180431543457680e-20
 -1.3899999999999999e+01  -1.4639110748467619e-10   1.0319154705562886e-10  -1.5462003202415395e-09   5.8839699273440146e-20
 -1.3875000000000000e+01  -1.4649040106852863e-10   1.0340602046854893e-10  -1.5476652255580351e-09   6.1624802287410303e-20
 -1.3850000000000000e+01  -1.4659066617918546e-10   1.0362307511431048e-10  -1.5491478168415889e-09   6.4541677202644090e-20
 -1.3824999999999999e+01  -1.4669189956587230e-10   1.0384269893390133e-10  -1.5506480147230975e-09   6.7596546626991086e-20
 -1.3799999999999999e+01  -1.4679409760021445e-10   1.0406487929656815e-10  -1.5521657359743556e-09   7.0795924299708674e-20
 -1.3774999999999999e+01  -1.4689725627552065e-10   1.0428960300075498e-10  -1.5537008935414497e-09   7.4146627854915510e-20
 -1.3750000000000000e+01  -1.4700137119743489e-10   1.0451685629235844e-10  -1.5552533964537543e-09   7.7655796594025118e-20
 -1.3725000000000000e+01  -1.4710643759107982e-10   1.0474662484751577e-10  -1.5568231499700974e-09   8.1330908478056939e-20
 -1.3699999999999999e+01  -1.4721245029732168e-10   1.0497889378175821e-10  -1.5584100555651792e-09   8.5179779793451370e-20
 -1.3674999999999999e+01  -1.4731940377076272e-10   1.0521364765275647e-10  -1.5600140109413544e-09   8.9210603189942629e-20
 -1.3649999999999999e+01  -1.4742729208733881e-10   1.0545087044496107e-10  -1.5616349101768887e-09   9.3431952461212629e-20
 -1.3625000000000000e+01  -1.4753610894732189e-10   1.0569054556384279e-10  -1.5632726438065147e-09   9.7852801354362500e-20
 -1.3600000000000000e+01  -1.4764584766377924e-10   1.0593265586225762e-10  -1.5649270986910469e-09   1.0248255319927182e-19
 -1.3574999999999999e+01  -1.4775650116512769e-10   1.0617718363446392e-10  -1.5665981580901014e-09   1.0733103055378149e-19
 -1.3549999999999999e+01  -1.4786806197311669e-10   1.0642411066847880e-10  -1.5682857013764098e-09   1.1240852940782417e-19
 -1.3524999999999999e+01  -1.4798052221978659e-10   1.0667341820728898e-10  -1.5699896043145604e-09   1.1772581835722337e-19
 -1.3500000000000000e+01  -1.4809387364437115e-10   1.0692508696363063e-10  -1.5717097390443595e-09   1.2329417371815777e-19
 -1.3475000000000000e+01  -1.4820810758744276e-10   1.0717909713217980e-10  -1.5734459740263877e-09   1.2912539726764358e-19
 -1.3449999999999999e+01  -1.4832321500414825e-10   1.0743542836632498e-10  -1.5751981742601545e-09   1.3523183754707210e-19
 -1.3424999999999999e+01  -1.4843918646381125e-10   1.0769405978410220e-10  -1.5769662013028233e-09   1.4162642153028650e-19
 -1.3399999999999999e+01  -1.4855601216022781e-10   1.0795496994930011e-10  -1.5787499134426117e-09   1.4832267742285729e-19
 -1.3375000000000000e+01  -1.4867368190845668e-10   1.0821813688524176e-10  -1.5805491656738594e-09   1.5533476109105893e-19
 -1.3350000000000000e+01  -1.4879218513256774e-10   1.0848353810505332e-10  -1.5823638095415218e-09   1.6267748338706994e-19
 -1.3324999999999999e+01  -1.4891151085197224e-10   1.0875115064786018e-10  -1.5841936929627142e-09   1.7036634033843932e-19
 -1.3299999999999999e+01  -1.4903164769190626e-10   1.0902095106135714e-10  -1.5860386603953994e-09   1.7841755782270495e-19
 -1.3274999999999999e+01  -1.4915258389408140e-10   1.0929291538801714e-10  -1.5878985530061245e-09   1.8684810794108976e-19
 -1.3250000000000000e+01  -1.4927430732087523e-10   1.0956701916262487e-10  -1.5897732087439203e-09   1.9567575378187602e-19
 -1.3225000000000000e+01  -1.4939680545132505e-10   1.0984323742996161e-10  -1.5916624622936073e-09   2.0491907196316372e-19
 -1.3199999999999999e+01  -1.4952006539237325e-10   1.1012154472748017e-10  -1.5935661452481246e-09   2.1459750616263001e-19
 -1.3174999999999999e+01  -1.4964407387620741e-10   1.1040191510224847e-10  -1.5954840860767235e-09   2.2473139825937215e-19
 -1.3149999999999999e+01  -1.4976881725795327e-10   1.1068432212335919e-10  -1.5974161100981047e-09   2.3534202868582309e-19
 -1.3125000000000000e+01  -1.4989428151737014e-10   1.1096873888905362e-10  -1.5993620395084735e-09   2.4645165450210755e-19
 -1.3100000000000000e+01  -1.5002045225098807e-10   1.1125513805433666e-10  -1.6013216932693936e-09   2.5808356409791815e-19
 -1.3074999999999999e+01  -1.5014731468698984e-10   1.1154349180857195e-10  -1.6032948873229569e-09   2.7026213341650493e-19
 -1.3049999999999999e+01  -1.5027485369536544e-10   1.1183377186734659e-10  -1.6052814347347260e-09   2.8301284103959290e-19
 -1.3024999999999999e+01  -1.5040305379357828e-10   1.1212594947053652e-10  -1.6072811457717495e-09   2.9636235402730376e-19
 -1.3000000000000000e+01  -1.5053189913408012e-10   1.1241999542318662e-10  -1.6092938277156626e-09   3.1033855013848057e-19
 -1.2975000000000000e+01  -1.5066137350730437e-10   1.1271588009954023e-10  -1.6113192848985165e-09   3.2497059878347498e-19
 -1.2949999999999999e+01  -1.5079146035050576e-10   1.1301357343929199e-10  -1.6133573188192240e-09   3.4028900964353920e-19
 -1.2924999999999999e+01  -1.5092214275181522e-10   1.1331304495193674e-10  -1.6154077281896554e-09   3.5632568841133533e-19
 -1.2899999999999999e+01  -1.5105340345118364e-10   1.1361426372952829e-10  -1.6174703089338669e-09   3.7311400072036142e-19
 -1.2875000000000000e+01  -1.5118522484534592e-10   1.1391719845052688e-10  -1.6195448542432441e-09   3.9068884237335122e-19
 -1.2850000000000000e+01  -1.5131758900329952e-10   1.1422181736166328e-10  -1.6216311547813950e-09   4.0908672239294877e-19
 -1.2824999999999999e+01  -1.5145047766545821e-10   1.1452808829677577e-10  -1.6237289986507657e-09   4.2834580248020636e-19
 -1.2799999999999999e+01  -1.5158387224502811e-10   1.1483597868851110e-10  -1.6258381713907797e-09   4.4850599655926320e-19
 -1.2774999999999999e+01  -1.5171775383424821e-10   1.1514545557227138e-10  -1.6279584560432336e-09   4.6960903751665110e-19
 -1.2750000000000000e+01  -1.5185210320321228e-10   1.1545648560607102e-10  -1.6300896331085978e-09   4.9169855655799968e-19
 -1.2725000000000000e+01  -1.5198690081115270e-10   1.1576903506278902e-10  -1.6322314806810300e-09   5.1482018987983245e-19
 -1.2699999999999999e+01  -1.5212212681013174e-10   1.1608306984158835e-10  -1.6343837744706673e-09   5.3902165064025685e-19
 -1.2674999999999999e+01  -1.5225776104309129e-10   1.1639855548987468e-10  -1.6365462877434909e-09   5.6435281010143489e-19
 -1.2649999999999999e+01  -1.5239378305972197e-10   1.1671545718769314e-10  -1.6387187915164606e-09   5.9086580753207170e-19
 -1.2625000000000000e+01  -1.5253017212931768e-10   1.1703373974054764e-10  -1.6409010547062380e-09   6.1861517900347167e-19
 -1.2600000000000000e+01  -1.5266690724338319e-10   1.1735336759312825e-10  -1.6430928441291311e-09   6.4765791720381199e-19
 -1.2574999999999999e+01  -1.5280396711676624e-10   1.1767430484674265e-10  -1.6452939244781252e-09   6.7805360297958366e-19
 -1.2549999999999999e+01  -1.5294133018834052e-10   1.1799651527850576e-10  -1.6475040582912978e-09   7.0986451394231711e-19
 -1.2524999999999999e+01  -1.5307897463053113e-10   1.1831996234126295e-10  -1.6497230060463601e-09   7.4315574997983913e-19
 -1.2500000000000000e+01  -1.5321687835666455e-10   1.1864460917000294e-10  -1.6519505262214577e-09   7.7799536059865225e-19
 -1.2475000000000000e+01  -1.5335501903231753e-10   1.1897041857829797e-10  -1.6541863754127006e-09   8.1445447779745767e-19
 -1.2449999999999999e+01  -1.5349337407923530e-10   1.1929735307309959e-10  -1.6564303083421623e-09   8.5260743334844646e-19
 -1.2424999999999999e+01  -1.5363192068494635e-10   1.1962537485534674e-10  -1.6586820779473026e-09   8.9253192279440492e-19
 -1.2399999999999999e+01  -1.5377063581387659e-10   1.1995444581977159e-10  -1.6609414354897833e-09   9.3430915476479574e-19
 -1.2375000000000000e+01  -1.5390949621324040e-10   1.2028452756496411e-10  -1.6632081305877708e-09   9.7802398799781235e-19
 -1.2350000000000000e+01  -1.5404847841432617e-10   1.2061558141415309e-10  -1.6654819111804851e-09   1.0237651006717176e-18
 -1.2324999999999999e+01  -1.5418755873718735e-10   1.2094756842836755e-10  -1.6677625235405716e-09   1.0716251621102177e-18
 -1.2299999999999999e+01  -1.5432671329803926e-10   1.2128044941496566e-10  -1.6700497123238243e-09   1.1217010129804256e-18
 -1.2274999999999999e+01  -1.5446591802113567e-10   1.2161418492629887e-10  -1.6723432206823480e-09   1.1740938326042465e-18
 -1.2250000000000000e+01  -1.5460514865201939e-10   1.2194873525627304e-10  -1.6746427903961314e-09   1.2289093449543497e-18
 -1.2225000000000000e+01  -1.5474438076887278e-10   1.2228406044078809e-10  -1.6769481619761843e-09   1.2862580201016875e-18
 -1.2199999999999999e+01  -1.5488358978697264e-10   1.2262012027364091e-10  -1.6792590746670563e-09   1.3462552768290169e-18
 -1.2174999999999999e+01  -1.5502275096499363e-10   1.2295687431780403e-10  -1.6815752664753101e-09   1.4090216901395726e-18
 -1.2149999999999999e+01  -1.5516183941137821e-10   1.2329428191770768e-10  -1.6838964741976163e-09   1.4746832393434522e-18
 -1.2125000000000000e+01  -1.5530083008926460e-10   1.2363230221439967e-10  -1.6862224334271961e-09   1.5433715245234534e-18
 -1.2100000000000000e+01  -1.5543969782690271e-10   1.2397089414911647e-10  -1.6885528786386275e-09   1.6152240328219405e-18
 -1.2074999999999999e+01  -1.5557841733080969e-10   1.2431001646156044e-10  -1.6908875433110755e-09   1.6903843869484495e-18
 -1.2049999999999999e+01  -1.5571696319484218e-10   1.2464962769711884e-10  -1.6932261599919038e-09   1.7690025896591313e-18
 -1.2024999999999999e+01  -1.5585530990927810e-10   1.2498968621375809e-10  -1.6955684603599924e-09   1.8512353572980781e-18
 -1.2000000000000000e+01  -1.5599343187084196e-10   1.2533015018752181e-10  -1.6979141753018420e-09   1.9372463592655420e-18
 -1.1975000000000000e+01  -1.5613130339249119e-10   1.2567097761840217e-10  -1.7002630349837348e-09   2.0272065553809878e-18
 -1.1949999999999999e+01  -1.5626889871129661e-10   1.2601212634056418e-10  -1.7026147688959580e-09   2.1212944931086236e-18
 -1.1924999999999999e+01  -1.5640619199371757e-10   1.2635355403810361e-10  -1.7049691058590740e-09   2.2196966600606230e-18
 -1.1899999999999999e+01  -1.5654315734067363e-10   1.2669521826145471e-10  -1.7073257740269046e-09   2.3226077923024460e-18
 -1.1875000000000000e+01  -1.5667976879841966e-10   1.2703707643116239e-10  -1.7096845009729698e-09   2.4302312772852444e-18
 -1.1850000000000000e+01  -1.5681600036884578e-10   1.2737908584387137e-10  -1.7120450137680215e-09   2.5427795112561427e-18
 -1.1824999999999999e+01  -1.5695182602459287e-10   1.2772120366704615e-10  -1.7144070391272268e-09   2.6604742893522620e-18
 -1.1799999999999999e+01  -1.5708721972450418e-10   1.2806338693388228e-10  -1.7167703035618448e-09   2.7835472315225895e-18
 -1.1774999999999999e+01  -1.5722215541950223e-10   1.2840559255847674e-10  -1.7191345333928860e-09   2.9122401686238205e-18
 -1.1750000000000000e+01  -1.5735660705674493e-10   1.2874777735399551e-10  -1.7214994547404690e-09   3.0468056237744102e-18
 -1.1725000000000000e+01  -1.5749054858208195e-10   1.2908989805543144e-10  -1.7238647934883781e-09   3.1875072526843278e-18
 -1.1699999999999999e+01  -1.5762395395072450e-10   1.2943191132370729e-10  -1.7262302753675627e-09   3.3346203419587465e-18
 -1.1674999999999999e+01  -1.5775679713895550e-10   1.2977377374905690e-10  -1.7285956260543301e-09   3.4884323179620756e-18
 -1.1649999999999999e+01  -1.5788905215901261e-10   1.3011544184616173e-10  -1.7309605713150565e-09   3.6492432527232787e-18
 -1.1625000000000000e+01  -1.5802069306894609e-10   1.3045687206134070e-10  -1.7333248370784583e-09   3.8173664333530344e-18
 -1.1600000000000000e+01  -1.5815169398012507e-10   1.3079802078352029e-10  -1.7356881494747863e-09   3.9931288979519330e-18
 -1.1574999999999999e+01  -1.5828202906781025e-10   1.3113884434905373e-10  -1.7380502349197003e-09   4.1768720717019684e-18
 -1.1549999999999999e+01  -1.5841167257849722e-10   1.3147929905359857e-10  -1.7404108201519559e-09   4.3689523720968674e-18
 -1.1524999999999999e+01  -1.5854059883796022e-10   1.3181934116179337e-10  -1.7427696322821574e-09   4.5697418405707965e-18
 -1.1500000000000000e+01  -1.5866878225900195e-10   1.3215892691805227e-10  -1.7451263988377581e-09   4.7796288350655521e-18
 -1.1475000000000000e+01  -1.5879619734999801e-10   1.3249801255512117e-10  -1.7474808478204022e-09   4.9990187243100773e-18
 -1.1449999999999999e+01  -1.5892281872535245e-10   1.3283655429865340e-10  -1.7498327077916038e-09   5.2283346322992564e-18
 -1.1424999999999999e+01  -1.5904862111535939e-10   1.3317450837299335e-10  -1.7521817079506795e-09   5.4680182034807642e-18
 -1.1399999999999999e+01  -1.5917357937798763e-10   1.3351183100234045e-10  -1.7545275782415279e-09   5.7185303907524780e-18
 -1.1375000000000000e+01  -1.5929766850717611e-10   1.3384847841981254e-10  -1.7568700494098945e-09   5.9803522803090035e-18
 -1.1350000000000000e+01  -1.5942086364154424e-10   1.3418440687459568e-10  -1.7592088530679980e-09   6.2539859797687283e-18
 -1.1324999999999999e+01  -1.5954314007140058e-10   1.3451957264333430e-10  -1.7615437217355305e-09   6.5399555065374768e-18
 -1.1300000000000001e+01  -1.5966447324605595e-10   1.3485393203993044e-10  -1.7638743888864184e-09   6.8388077392291858e-18
 -1.1274999999999999e+01  -1.5978483877994157e-10   1.3518744142846308e-10  -1.7662005889793874e-09   7.1511133748422231e-18
 -1.1250000000000000e+01  -1.5990421246477344e-10   1.3552005722197504e-10  -1.7685220575772259e-09   7.4774680035198842e-18
 -1.1225000000000000e+01  -1.6002257027974861e-10   1.3585173588651756e-10  -1.7708385314386229e-09   7.8184931282822331e-18
 -1.1199999999999999e+01  -1.6013988839993685e-10   1.3618243394771661e-10  -1.7731497485856743e-09   8.1748373064054080e-18
 -1.1175000000000001e+01  -1.6025614320638896e-10   1.3651210799383298e-10  -1.7754554483975669e-09   8.5471773018121140e-18
 -1.1149999999999999e+01  -1.6037131129218751e-10   1.3684071468741878e-10  -1.7777553716470563e-09   8.9362192811359583e-18
 -1.1125000000000000e+01  -1.6048536946954172e-10   1.3716821077383797e-10  -1.7800492605538279e-09   9.3427000875309988e-18
 -1.1100000000000000e+01  -1.6059829477687793e-10   1.3749455309015120e-10  -1.7823368588391169e-09   9.7673885605117339e-18
 -1.1074999999999999e+01  -1.6071006448603460e-10   1.3781969857303921e-10  -1.7846179117835503e-09   1.0211086899547119e-17
 -1.1050000000000001e+01  -1.6082065611014878e-10   1.3814360426519867e-10  -1.7868921662965583e-09   1.0674632099935337e-17
 -1.1024999999999999e+01  -1.6093004741185301e-10   1.3846622732063623e-10  -1.7891593709919367e-09   1.1158897428607968e-17
 -1.1000000000000000e+01  -1.6103821641094004e-10   1.3878752501096284e-10  -1.7914192762574061e-09   1.1664793982080411e-17
 -1.0975000000000000e+01  -1.6114514139479734e-10   1.3910745472504404e-10  -1.7936716343659634e-09   1.2193272327725483e-17
 -1.0949999999999999e+01  -1.6125080092601601e-10   1.3942597397493696e-10  -1.7959161995480957e-09   1.2745324172435498e-17
 -1.0925000000000001e+01  -1.6135517384685329e-10   1.3974304040769401e-10  -1.7981527280206182e-09   1.3321984110762265e-17
 -1.0899999999999999e+01  -1.6145823928617441e-10   1.4005861181152419e-10  -1.8003809780531369e-09   1.3924331482286016e-17
 -1.0875000000000000e+01  -1.6155997666626213e-10   1.4037264612223467e-10  -1.8026007100342769e-09   1.4553492268415448e-17
 -1.0850000000000000e+01  -1.6166036571016711e-10   1.4068510142777696e-10  -1.8048116865477216e-09   1.5210641092463547e-17
 -1.0824999999999999e+01  -1.6175938644924542e-10   1.4099593597223463e-10  -1.8070136724528136e-09   1.5897003305928306e-17
 -1.0800000000000001e+01  -1.6185701922822057e-10   1.4130510816474395e-10  -1.8092064349313659e-09   1.6613857121924765e-17
 -1.0774999999999999e+01  -1.6195324471139798e-10   1.4161257658525063e-10  -1.8113897435531574e-09   1.7362535911562521e-17
 -1.0750000000000000e+01  -1.6204804388890215e-10   1.4191829999027309e-10  -1.8135633703435653e-09   1.8144430528703421e-17
 -1.0725000000000000e+01  -1.6214139808445172e-10   1.4222223731451544e-10  -1.8157270898754468e-09   1.8960991793719080e-17
 -1.0699999999999999e+01  -1.6223328896125450e-10   1.4252434767663304e-10  -1.8178806793357951e-09   1.9813733009990654e-17
 -1.0675000000000001e+01  -1.6232369852787261e-10   1.4282459038405063e-10  -1.8200239185941087e-09   2.0704232658625480e-17
 -1.0649999999999999e+01  -1.6241260914293850e-10   1.4312292494036829e-10  -1.8221565902560773e-09   2.1634137173580140e-17
 -1.0625000000000000e+01  -1.6250000352095614e-10   1.4341931104951374e-10  -1.8242784797350502e-09   2.2605163823319343e-17
 -1.0600000000000000e+01  -1.6258586473773904e-10   1.4371370862075625e-10  -1.8263893753201505e-09   2.3619103734895348e-17
 -1.0574999999999999e+01  -1.6267017623647948e-10   1.4400607777148774e-10  -1.8284890682556169e-09   2.4677825045911626e-17
 -1.0550000000000001e+01  -1.6275292183270810e-10   1.4429637883235600e-10  -1.8305773528060844e-09   2.5783276174206936e-17
 -1.0524999999999999e+01  -1.6283408571867540e-10   1.4458457235287117e-10  -1.8326540263156315e-09   2.6937489232233435e-17
 -1.0500000000000000e+01  -1.6291365246849393e-10   1.4487061910511203e-10  -1.8347188892797822e-09   2.8142583596917853e-17
 -1.0475000000000000e+01  -1.6299160704314794e-10   1.4515448008727760e-10  -1.8367717454175846e-09   2.9400769613518638e-17
 -1.0449999999999999e+01  -1.6306793479546557e-10   1.4543611652681714e-10  -1.8388124017451876e-09   3.0714352474347658e-17
 -1.0425000000000001e+01  -1.6314262147413271e-10   1.4571548988529051e-10  -1.8408406686375704e-09   3.2085736230276744e-17
 -1.0399999999999999e+01  -1.6321565322855385e-10   1.4599256186072964e-10  -1.8428563599045393e-09   3.3517428005194827e-17
 -1.0375000000000000e+01  -1.6328701661229247e-10   1.4626729439293468e-10  -1.8448592928481354e-09   3.5012042366590953e-17
 -1.0350000000000000e+01  -1.6335669858631106e-10   1.4653964966843552e-10  -1.8468492883192011e-09   3.6572305876985198e-17
 -1.0324999999999999e+01  -1.6342468652398047e-10   1.4680959012137804e-10  -1.8488261708013676e-09   3.8201061863998746e-17
 -1.0300000000000001e+01  -1.6349096821597860e-10   1.4707707843427326e-10  -1.8507897684953252e-09   3.9901275373462348e-17
 -1.0274999999999999e+01  -1.6355553187465622e-10   1.4734207753929605e-10  -1.8527399133973999e-09   4.1676038309074448e-17
 -1.0250000000000000e+01  -1.6361836613650295e-10   1.4760455062336283e-10  -1.8546764413525953e-09   4.3528574811680832e-17
 -1.0225000000000000e+01  -1.6367946006494608e-10   1.4786446113180500e-10  -1.8565991921143726e-09   4.5462246884928559e-17
 -1.0199999999999999e+01  -1.6373880315397841e-10   1.4812177277005135e-10  -1.8585080094181821e-09   4.7480560187384547e-17
 -1.0175000000000001e+01  -1.6379638533185622e-10   1.4837644950460333e-10  -1.8604027410578380e-09   4.9587170147687728e-17
 -1.0149999999999999e+01  -1.6385219696382308e-10   1.4862845556575995e-10  -1.8622832389496385e-09   5.1785888275520035e-17
 -1.0125000000000000e+01  -1.6390622885500999e-10   1.4887775544934654e-10  -1.8641493592008576e-09   5.4080688774433199e-17
 -1.0100000000000000e+01  -1.6395847225280621e-10   1.4912431391937090e-10  -1.8660009621722889e-09   5.6475715394364068e-17
 -1.0074999999999999e+01  -1.6400891885035045e-10   1.4936809600757776e-10  -1.8678379125587166e-09   5.8975288603515133e-17
 -1.0050000000000001e+01  -1.6405756078972356e-10   1.4960906701351724e-10  -1.8696600794666971e-09   6.1583913040273015e-17
 -1.0024999999999999e+01  -1.6410439066480978e-10   1.4984719250461842e-10  -1.8714673364892756e-09   6.4306285273254670e-17
 -1.0000000000000000e+01  -1.6414940152320743e-10   1.5008243831808167e-10  -1.8732595617686064e-09   6.7147301880612570e-17
 -9.9749999999999996e+00  -1.6419258686843690e-10   1.5031477056150979e-10  -1.8750366380644496e-09   7.0112067884785831e-17
 -9.9499999999999993e+00  -1.6423394066287086e-10   1.5054415561171726e-10  -1.8767984528346271e-09   7.3205905513632890e-17
 -9.9250000000000007e+00  -1.6427345733029367e-10   1.5077056011384960e-10  -1.8785448983116428e-09   7.6434363333771923e-17
 -9.8999999999999986e+00  -1.6431113175680312e-10   1.5099395098373031e-10  -1.8802758715568797e-09   7.9803225734614364e-17
 -9.8750000000000000e+00  -1.6434695929284359e-10   1.5121429540714736e-10  -1.8819912745325983e-09   8.3318522839114489e-17
 -9.8499999999999996e+00  -1.6438093575621455e-10   1.5143156083688673e-10  -1.8836910141893202e-09   8.6986540847789558e-17
 -9.8249999999999993e+00  -1.6441305743407702e-10   1.5164571499144160e-10  -1.8853750025401505e-09   9.0813832679525258e-17
 -9.8000000000000007e+00  -1.6444332108458299e-10   1.5185672585406191e-10  -1.8870431567309923e-09   9.4807229200437642e-17
 -9.7749999999999986e+00  -1.6447172393860615e-10   1.5206456167124777e-10  -1.8886953991135019e-09   9.8973850822766806e-17
 -9.7500000000000000e+00  -1.6449826370172501e-10   1.5226919095027989e-10  -1.8903316573229011e-09   1.0332111959646334e-16
 -9.7249999999999996e+00  -1.6452293855587808e-10   1.5247058245711275e-10  -1.8919518643522570e-09   1.0785677179278969e-16
 -9.6999999999999993e+00  -1.6454574716068560e-10   1.5266870521456799e-10  -1.8935559586230925e-09   1.1258887099409173e-16
 -9.6750000000000007e+00  -1.6456668865546855e-10   1.5286352849861790e-10  -1.8951438840671656e-09   1.1752582173720096e-16
 -9.6499999999999986e+00  -1.6458576266079351e-10   1.5305502183543507e-10  -1.8967155902024298e-09   1.2267638367186073e-16
 -9.6250000000000000e+00  -1.6460296927969205e-10   1.5324315499865343e-10  -1.8982710322053451e-09   1.2804968631729663e-16
 -9.5999999999999996e+00  -1.6461830909940358e-10   1.5342789800519999e-10  -1.8998101709916882e-09   1.3365524437835811e-16
 -9.5749999999999993e+00  -1.6463178319343283e-10   1.5360922111011127e-10  -1.9013329733027840e-09   1.3950297372236776e-16
 -9.5500000000000007e+00  -1.6464339312339294e-10   1.5378709480145574e-10  -1.9028394117895218e-09   1.4560320797983574e-16
 -9.5249999999999986e+00  -1.6465314094023844e-10   1.5396148979622480e-10  -1.9043294650884080e-09   1.5196671576347246e-16
 -9.5000000000000000e+00  -1.6466102918556147e-10   1.5413237703570635e-10  -1.9058031178992950e-09   1.5860471860291722e-16
 -9.4749999999999996e+00  -1.6466706089321767e-10   1.5429972767985587e-10  -1.9072603610685637e-09   1.6552890964088991e-16
 -9.4499999999999993e+00  -1.6467123959064657e-10   1.5446351310202103e-10  -1.9087011916685862e-09   1.7275147295998610e-16
 -9.4250000000000007e+00  -1.6467356930026845e-10   1.5462370488314096e-10  -1.9101256130789002e-09   1.8028510376334862e-16
 -9.3999999999999986e+00  -1.6467405454152329e-10   1.5478027480427740e-10  -1.9115336350772149e-09   1.8814302929310722e-16
 -9.3750000000000000e+00  -1.6467270033291677e-10   1.5493319483886645e-10  -1.9129252739310093e-09   1.9633903062430475e-16
 -9.3499999999999996e+00  -1.6466951219379760e-10   1.5508243714520654e-10  -1.9143005524857506e-09   2.0488746520175791e-16
 -9.3249999999999993e+00  -1.6466449614594316e-10   1.5522797405907959e-10  -1.9156595002507559e-09   2.1380329038280170e-16
 -9.3000000000000007e+00  -1.6465765871536788e-10   1.5536977808557252e-10  -1.9170021534886452e-09   2.2310208779567417e-16
 -9.2749999999999986e+00  -1.6464900693375278e-10   1.5550782189151525e-10  -1.9183285552996311e-09   2.3280008864178819e-16
 -9.2500000000000000e+00  -1.6463854834041013e-10   1.5564207829638539e-10  -1.9196387557138041e-09   2.4291420004376134e-16
 -9.2249999999999996e+00  -1.6462629098463930e-10   1.5577252026223776e-10  -1.9209328117892473e-09   2.5346203230942467e-16
 -9.1999999999999993e+00  -1.6461224342823021e-10   1.5589912088297227e-10  -1.9222107877124508e-09   2.6446192728572976e-16
 -9.1750000000000007e+00  -1.6459641474744859e-10   1.5602185337454911e-10  -1.9234727548913591e-09   2.7593298776087983e-16
 -9.1499999999999986e+00  -1.6457881453530597e-10   1.5614069106423043e-10  -1.9247187920526058e-09   2.8789510797754109e-16
 -9.1250000000000000e+00  -1.6455945290400702e-10   1.5625560737932586e-10  -1.9259489853413012e-09   3.0036900528176102e-16
 -9.0999999999999996e+00  -1.6453834048758529e-10   1.5636657583523153e-10  -1.9271634284234884e-09   3.1337625299039396e-16
 -9.0749999999999993e+00  -1.6451548844487477e-10   1.5647357002256997e-10  -1.9283622225933569e-09   3.2693931442358853e-16
 -9.0500000000000007e+00  -1.6449090846250455e-10   1.5657656359405568e-10  -1.9295454768806431e-09   3.4108157820083899e-16
 -9.0249999999999986e+00  -1.6446461275765013e-10   1.5667553025168592e-10  -1.9307133081543354e-09   3.5582739486187739e-16
 -9.0000000000000000e+00  -1.6443661408102500e-10   1.5677044373318164e-10  -1.9318658412296163e-09   3.7120211477999735e-16
 -8.9749999999999996e+00  -1.6440692572028084e-10   1.5686127779739611e-10  -1.9330032089803840e-09   3.8723212750167578e-16
 -8.9499999999999993e+00  -1.6437556150352290e-10   1.5694800620929664e-10  -1.9341255524531100e-09   4.0394490243227636e-16
 -8.9250000000000007e+00  -1.6434253580306612e-10   1.5703060272423530e-10  -1.9352330209837696e-09   4.2136903100581364e-16
 -8.8999999999999986e+00  -1.6430786353940237e-10   1.5710904107162422e-10  -1.9363257723173846e-09   4.3953427038059283e-16
 -8.8750000000000000e+00  -1.6427156018550959e-10   1.5718329493769848e-10  -1.9374039727320130e-09   4.5847158860920790e-16
 -8.8499999999999996e+00  -1.6423364177146929e-10   1.5725333794747667e-10  -1.9384677971666479e-09   4.7821321142893983e-16
 -8.8249999999999993e+00  -1.6419412488897057e-10   1.5731914364683423e-10  -1.9395174293469048e-09   4.9879267065279086e-16
 -8.8000000000000007e+00  -1.6415302669612571e-10   1.5738068548372073e-10  -1.9405530619145905e-09   5.2024485424283342e-16
 -8.7749999999999986e+00  -1.6411036492251705e-10   1.5743793678880336e-10  -1.9415748965599265e-09   5.4260605806535440e-16
 -8.7500000000000000e+00  -1.6406615787445128e-10   1.5749087075550819e-10  -1.9425831441560553e-09   5.6591403940304097e-16
 -8.7249999999999996e+00  -1.6402042444057457e-10   1.5753946041918686e-10  -1.9435780248979927e-09   5.9020807223415046e-16
 -8.6999999999999993e+00  -1.6397318409782962e-10   1.5758367863545031e-10  -1.9445597684456881e-09   6.1552900438268631e-16
 -8.6750000000000007e+00  -1.6392445691793701e-10   1.5762349805726487e-10  -1.9455286140738197e-09   6.4191931650170018e-16
 -8.6499999999999986e+00  -1.6387426357420338e-10   1.5765889111127519e-10  -1.9464848108253995e-09   6.6942318299476415e-16
 -8.6250000000000000e+00  -1.6382262534842142e-10   1.5768982997383748e-10  -1.9474286176657830e-09   6.9808653483128050e-16
 -8.5999999999999996e+00  -1.6376956413806919e-10   1.5771628654631499e-10  -1.9483603036400138e-09   7.2795712443844397e-16
 -8.5749999999999993e+00  -1.6371510246379958e-10   1.5773823242969766e-10  -1.9492801480333650e-09   7.5908459252502411e-16
 -8.5500000000000007e+00  -1.6365926347729340e-10   1.5775563889836786e-10  -1.9501884405360543e-09   7.9152053702725182e-16
 -8.5249999999999986e+00  -1.6360207096966410e-10   1.5776847687263795e-10  -1.9510854814148253e-09   8.2531858413419136e-16
 -8.5000000000000000e+00  -1.6354354938054662e-10   1.5777671688976524e-10  -1.9519715816932716e-09   8.6053446143091469e-16
 -8.4749999999999996e+00  -1.6348372380742211e-10   1.5778032907445329e-10  -1.9528470633343887e-09   8.9722607319017885e-16
 -8.4499999999999993e+00  -1.6342262001532022e-10   1.5777928310846117e-10  -1.9537122594273888e-09   9.3545357786497458e-16
 -8.4250000000000007e+00  -1.6336026444696435e-10   1.5777354819927114e-10  -1.9545675143796596e-09   9.7527946777245564e-16
 -8.3999999999999986e+00  -1.6329668423336434e-10   1.5776309304775433e-10  -1.9554131841139146e-09   1.0167686510096268e-15
 -8.3750000000000000e+00  -1.6323190720480797e-10   1.5774788581498648e-10  -1.9562496362697978e-09   1.0599885356055255e-15
 -8.3499999999999996e+00  -1.6316596190240587e-10   1.5772789408785050e-10  -1.9570772504121316e-09   1.1050091159596098e-15
 -8.3249999999999993e+00  -1.6309887759018797e-10   1.5770308484347776e-10  -1.9578964182457656e-09   1.1519030615056756e-15
 -8.3000000000000007e+00  -1.6303068426772524e-10   1.5767342441256369e-10  -1.9587075438365989e-09   1.2007458076564004e-15
 -8.2749999999999986e+00  -1.6296141268340844e-10   1.5763887844128907e-10  -1.9595110438406712e-09   1.2516156490339412e-15
 -8.2500000000000000e+00  -1.6289109434836842e-10   1.5759941185189621e-10  -1.9603073477410428e-09   1.3045938349453920e-15
 -8.2249999999999996e+00  -1.6281976155097182e-10   1.5755498880205603e-10  -1.9610968980915215e-09   1.3597646671009898e-15
 -8.1999999999999993e+00  -1.6274744737187914e-10   1.5750557264306079e-10  -1.9618801507669920e-09   1.4172155995430754e-15
 -8.1750000000000007e+00  -1.6267418569952470e-10   1.5745112587716593e-10  -1.9626575752183194e-09   1.4770373407669425e-15
 -8.1499999999999986e+00  -1.6260001124642346e-10   1.5739161011317276e-10  -1.9634296547376410e-09   1.5393239580349609e-15
 -8.1250000000000000e+00  -1.6252495956611672e-10   1.5732698602074837e-10  -1.9641968867313076e-09   1.6041729837258080e-15
 -8.0999999999999996e+00  -1.6244906707097401e-10   1.5725721328291980e-10  -1.9649597830035921e-09   1.6716855237813933e-15
 -8.0749999999999993e+00  -1.6237237105076269e-10   1.5718225054703699e-10  -1.9657188700498735e-09   1.7419663681042714e-15
 -8.0500000000000007e+00  -1.6229490969180584e-10   1.5710205537452089e-10  -1.9664746893567001e-09   1.8151241028297559e-15
 -8.0249999999999986e+00  -1.6221672209685777e-10   1.5701658418915848e-10  -1.9672277977105793e-09   1.8912712244297962e-15
 -8.0000000000000000e+00  -1.6213784830592853e-10   1.5692579222344076e-10  -1.9679787675188086e-09   1.9705242554669705e-15
 -7.9749999999999996e+00  -1.6205832931790846e-10   1.5682963346330175e-10  -1.9687281871402101e-09   2.0530038619128375e-15
 -7.9500000000000002e+00  -1.6197820711308802e-10   1.5672806059100933e-10  -1.9694766612271015e-09   2.1388349718964378e-15
 -7.9249999999999998e+00  -1.6189752467649048e-10   1.5662102492644393e-10  -1.9702248110773374e-09   2.2281468956717611e-15
 -7.8999999999999995e+00  -1.6181632602213952e-10   1.5650847636645565e-10  -1.9709732749981654e-09   2.3210734467009145e-15
 -7.8750000000000000e+00  -1.6173465621822577e-10   1.5639036332243234e-10  -1.9717227086813721e-09   2.4177530635552199e-15
 -7.8499999999999996e+00  -1.6165256141320159e-10   1.5626663265598192e-10  -1.9724737855901348e-09   2.5183289325012951e-15
 -7.8250000000000002e+00  -1.6157008886287650e-10   1.5613722961260729e-10  -1.9732271973586445e-09   2.6229491104353431e-15
 -7.7999999999999998e+00  -1.6148728695864621e-10   1.5600209775307652e-10  -1.9739836542063898e-09   2.7317666480093257e-15
 -7.7749999999999995e+00  -1.6140420525684813e-10   1.5586117888252503e-10  -1.9747438853670229e-09   2.8449397124935598e-15
 -7.7500000000000000e+00  -1.6132089450912985e-10   1.5571441297752812e-10  -1.9755086395301743e-09   2.9626317101267852e-15
 -7.7249999999999996e+00  -1.6123740669388291e-10   1.5556173811103151e-10  -1.9762786852969748e-09   3.0850114076370884e-15
 -7.7000000000000002e+00  -1.6115379504881491e-10   1.5540309037499738e-10  -1.9770548116503606e-09   3.2122530523956881e-15
 -7.6749999999999998e+00  -1.6107011410468267e-10   1.5523840380072207e-10  -1.9778378284404902e-09   3.3445364908680002e-15
 -7.6499999999999995e+00  -1.6098641972033709e-10   1.5506761027649780e-10  -1.9786285668874640e-09   3.4820472848684578e-15
 -7.6250000000000000e+00  -1.6090276911901270e-10   1.5489063946279314e-10  -1.9794278801003938e-09   3.6249768250263020e-15
 -7.5999999999999996e+00  -1.6081922092596579e-10   1.5470741870469576e-10  -1.9802366436143521e-09   3.7735224409997978e-15
 -7.5750000000000002e+00  -1.6073583520741780e-10   1.5451787294175494e-10  -1.9810557559445923e-09   3.9278875077284952e-15
 -7.5499999999999998e+00  -1.6065267351083420e-10   1.5432192461513246e-10  -1.9818861391585049e-09   4.0882815470623506e-15
 -7.5250000000000004e+00  -1.6056979890668861e-10   1.5411949357175987e-10  -1.9827287394674839e-09   4.2549203241335137e-15
 -7.5000000000000000e+00  -1.6048727603167304e-10   1.5391049696559589e-10  -1.9835845278381986e-09   4.4280259375366550e-15
 -7.4749999999999996e+00  -1.6040517113338236e-10   1.5369484915591423e-10  -1.9844545006236833e-09   4.6078269025739872e-15
 -7.4500000000000002e+00  -1.6032355211649544e-10   1.5347246160258958e-10  -1.9853396802146202e-09   4.7945582265873095e-15
 -7.4249999999999998e+00  -1.6024248859055745e-10   1.5324324275815206e-10  -1.9862411157123597e-09   4.9884614754296873e-15
 -7.4000000000000004e+00  -1.6016205191940445e-10   1.5300709795654057e-10  -1.9871598836243124e-09   5.1897848299461567e-15
 -7.3750000000000000e+00  -1.6008231527224688e-10   1.5276392929851251e-10  -1.9880970885819993e-09   5.3987831313639121e-15
 -7.3499999999999996e+00  -1.6000335367647586e-10   1.5251363553358129e-10  -1.9890538640827353e-09   5.6157179142895488e-15
 -7.3250000000000002e+00  -1.5992524407224149e-10   1.5225611193838288e-10  -1.9900313732557081e-09   5.8408574260329097e-15
 -7.2999999999999998e+00  -1.5984806536885789e-10   1.5199125019135432e-10  -1.9910308096532943e-09   6.0744766307775958e-15
 -7.2750000000000004e+00  -1.5977189850308709e-10   1.5171893824361892e-10  -1.9920533980684429e-09   6.3168571970522520e-15
 -7.2500000000000000e+00  -1.5969682649925245e-10   1.5143906018619435e-10  -1.9931003953774519e-09   6.5682874668604880e-15
 -7.2249999999999996e+00  -1.5962293453132619e-10   1.5115149611319817e-10  -1.9941730914103172e-09   6.8290624047011623e-15
 -7.2000000000000002e+00  -1.5955030998699728e-10   1.5085612198107117e-10  -1.9952728098488114e-09   7.0994835245052478e-15
 -7.1749999999999998e+00  -1.5947904253377976e-10   1.5055280946366531e-10  -1.9964009091532255e-09   7.3798587924977160e-15
 -7.1500000000000004e+00  -1.5940922418724555e-10   1.5024142580304194e-10  -1.9975587835190855e-09   7.6705025037722554e-15
 -7.1250000000000000e+00  -1.5934094938139565e-10   1.4992183365594720e-10  -1.9987478638641158e-09   7.9717351302592242e-15
 -7.0999999999999996e+00  -1.5927431504126882e-10   1.4959389093575141e-10  -1.9999696188469847e-09   8.2838831374921972e-15
 -7.0750000000000002e+00  -1.5920942065778257e-10   1.4925745064988006e-10  -2.0012255559178469e-09   8.6072787675864895e-15
 -7.0500000000000007e+00  -1.5914636836481840e-10   1.4891236073270358e-10  -2.0025172224009619e-09   8.9422597854718717e-15
 -7.0250000000000004e+00  -1.5908526301864517e-10   1.4855846387369425e-10  -2.0038462066108439e-09   9.2891691853642104e-15
 -7.0000000000000000e+00  -1.5902621227978382e-10   1.4819559734063318e-10  -2.0052141390035606e-09   9.6483548541562902e-15
 -6.9749999999999996e+00  -1.5896932669736134e-10   1.4782359279777464e-10  -2.0066226933639769e-09   1.0020169188247226e-14
 -6.9499999999999993e+00  -1.5891471979596200e-10   1.4744227611894964e-10  -2.0080735880291815e-09   1.0404968660093832e-14
 -6.9250000000000007e+00  -1.5886250816498837e-10   1.4705146719558598e-10  -2.0095685871484394e-09   1.0803113330403651e-14
 -6.9000000000000004e+00  -1.5881281155058557e-10   1.4665097973953489e-10  -2.0111095019805615e-09   1.1214966301853505e-14
 -6.8750000000000000e+00  -1.5876575295015333e-10   1.4624062108066298e-10  -2.0126981922291867e-09   1.1640893109642786e-14
 -6.8499999999999996e+00  -1.5872145870959042e-10   1.4582019195889326e-10  -2.0143365674182305e-09   1.2081261044204420e-14
 -6.8249999999999993e+00  -1.5868005862328838e-10   1.4538948631068178e-10  -2.0160265883078945e-09   1.2536438400799990e-14
 -6.8000000000000007e+00  -1.5864168603689813e-10   1.4494829104986834e-10  -2.0177702683517685e-09   1.3006793650584058e-14
 -6.7750000000000004e+00  -1.5860647795290194e-10   1.4449638584284565e-10  -2.0195696751956528e-09   1.3492694527223552e-14
 -6.7500000000000000e+00  -1.5857457513900919e-10   1.4403354287800940e-10  -2.0214269322185665e-09   1.3994507022970650e-14
 -6.7249999999999996e+00  -1.5854612223941588e-10   1.4355952662941255e-10  -2.0233442201167143e-09   1.4512594287436440e-14
 -6.6999999999999993e+00  -1.5852126788899608e-10   1.4307409361447891e-10  -2.0253237785316023e-09   1.5047315422153379e-14
 -6.6750000000000007e+00  -1.5850016483045476e-10   1.4257699214572395e-10  -2.0273679077229639e-09   1.5599024163329198e-14
 -6.6500000000000004e+00  -1.5848297003443517e-10   1.4206796207650173e-10  -2.0294789702865929e-09   1.6168067444910473e-14
 -6.6250000000000000e+00  -1.5846984482260859e-10   1.4154673454072322e-10  -2.0316593929177609e-09   1.6754783833447120e-14
 -6.5999999999999996e+00  -1.5846095499372835e-10   1.4101303168659448e-10  -2.0339116682201888e-09   1.7359501825782050e-14
 -6.5749999999999993e+00  -1.5845647095268713e-10   1.4046656640428884e-10  -2.0362383565614227e-09   1.7982537999991843e-14
 -6.5500000000000007e+00  -1.5845656784257920e-10   1.3990704204756932e-10  -2.0386420879748984e-09   1.8624195009443819e-14
 -6.5250000000000004e+00  -1.5846142567981865e-10   1.3933415214924566e-10  -2.0411255641097456e-09   1.9284759409203750e-14
 -6.5000000000000000e+00  -1.5847122949229985e-10   1.3874758013051807e-10  -2.0436915602284126e-09   1.9964499303252889e-14
 -6.4749999999999996e+00  -1.5848616946055997e-10   1.3814699900428646e-10  -2.0463429272518866e-09   2.0663661800461314e-14
 -6.4499999999999993e+00  -1.5850644106190691e-10   1.3753207107251779e-10  -2.0490825938523173e-09   2.1382470266371187e-14
 -6.4250000000000007e+00  -1.5853224521746570e-10   1.3690244761777820e-10  -2.0519135685927075e-09   2.2121121357037848e-14
 -6.4000000000000004e+00  -1.5856378844214842e-10   1.3625776858892295e-10  -2.0548389421141307e-09   2.2879781820521804e-14
 -6.3750000000000000e+00  -1.5860128299746921e-10   1.3559766228112716e-10  -2.0578618893697489e-09   2.3658585050467963e-14
 -6.3499999999999996e+00  -1.5864494704714562e-10   1.3492174501038342e-10  -2.0609856719051883e-09   2.4457627375494615e-14
 -6.3249999999999993e+00  -1.5869500481545330e-10   1.3422962078254770e-10  -2.0642136401852350e-09   2.5276964067079700e-14
 -6.3000000000000007e+00  -1.5875168674825230e-10   1.3352088095712018e-10  -2.0675492359661238e-09   2.6116605047481528e-14
 -6.2750000000000004e+00  -1.5881522967655990e-10   1.3279510390603077e-10  -2.0709959947121213e-09   2.6976510278181145e-14
 -6.2500000000000000e+00  -1.5888587698259431e-10   1.3205185466759927e-10  -2.0745575480557926e-09   2.7856584808290966e-14
 -6.2249999999999996e+00  -1.5896387876814550e-10   1.3129068459599325e-10  -2.0782376263004261e-09   2.8756673460843120e-14
 -6.1999999999999993e+00  -1.5904949202513050e-10   1.3051113100648542e-10  -2.0820400609631185e-09   2.9676555133906552e-14
 -6.1750000000000007e+00  -1.5914298080816613e-10   1.2971271681688449e-10  -2.0859687873566949e-09   3.0615936691794309e-14
 -6.1500000000000004e+00  -1.5924461640901355e-10   1.2889495018545116e-10  -2.0900278472089882e-09   3.1574446420354952e-14
 -6.1250000000000000e+00  -1.5935467753267764e-10   1.2805732414577991e-10  -2.0942213913169927e-09   3.2551627018711018e-14
 -6.0999999999999996e+00  -1.5947345047497769e-10   1.2719931623903390e-10  -2.0985536822339429e-09   3.3546928098174046e-14
 -6.0749999999999993e+00  -1.5960122930134880e-10   1.2632038814406801e-10  -2.1030290969865480e-09   3.4559698157358178e-14
 -6.0500000000000007e+00  -1.5973831602661768e-10   1.2541998530598334e-10  -2.1076521298194650e-09   3.5589176000645143e-14
 -6.0250000000000004e+00  -1.5988502079547333e-10   1.2449753656372254e-10  -2.1124273949637649e-09   3.6634481565284313e-14
 -6.0000000000000000e+00  -1.6004166206334359e-10   1.2355245377732570e-10  -2.1173596294260624e-09   3.7694606120277703e-14
 -5.9749999999999996e+00  -1.6020856677731767e-10   1.2258413145562645e-10  -2.1224536957939923e-09   3.8768401798074737e-14
 -5.9499999999999993e+00  -1.6038607055677252e-10   1.2159194638511378e-10  -2.1277145850540583e-09   3.9854570417879765e-14
 -5.9250000000000007e+00  -1.6057451787332738e-10   1.2057525726077330e-10  -2.1331474194173752e-09   4.0951651556840035e-14
 -5.9000000000000004e+00  -1.6077426222968737e-10   1.1953340431984440e-10  -2.1387574551480299e-09   4.2058009822887459e-14
 -5.8750000000000000e+00  -1.6098566633696174e-10   1.1846570897937989e-10  -2.1445500853891391e-09   4.3171821280324109e-14
 -5.8499999999999996e+00  -1.6120910228993659e-10   1.1737147347872271e-10  -2.1505308429802635e-09   4.4291058976320357e-14
 -5.8249999999999993e+00  -1.6144495173981251e-10   1.1624998052793108e-10  -2.1567054032603099e-09   4.5413477513552770e-14
 -5.8000000000000007e+00  -1.6169360606385606e-10   1.1510049296333937e-10  -2.1630795868492376e-09   4.6536596610926939e-14
 -5.7750000000000004e+00  -1.6195546653136238e-10   1.1392225341152575e-10  -2.1696593624011992e-09   4.7657683590989343e-14
 -5.7500000000000000e+00  -1.6223094446529690e-10   1.1271448396303119e-10  -2.1764508493214101e-09   4.8773734729102817e-14
 -5.7249999999999996e+00  -1.6252046139895301e-10   1.1147638585723329e-10  -2.1834603204386497e-09   4.9881455395625982e-14
 -5.6999999999999993e+00  -1.6282444922691538e-10   1.1020713917987785e-10  -2.1906942046247020e-09   5.0977238918341473e-14
 -5.6750000000000007e+00  -1.6314335034956014e-10   1.0890590257489288e-10  -2.1981590893512890e-09   5.2057144088166589e-14
 -5.6500000000000004e+00  -1.6347761781031308e-10   1.0757181297212143e-10  -2.2058617231749846e-09   5.3116871226740769e-14
 -5.6250000000000000e+00  -1.6382771542479568e-10   1.0620398533281349e-10  -2.2138090181393635e-09   5.4151736729721472e-14
 -5.5999999999999996e+00  -1.6419411790095506e-10   1.0480151241476831e-10  -2.2220080520832702e-09   5.5156645994568339e-14
 -5.5749999999999993e+00  -1.6457731094924654e-10   1.0336346455908413e-10  -2.2304660708437930e-09   5.6126064636448319e-14
 -5.5500000000000007e+00  -1.6497779138187747e-10   1.0188888950058799e-10  -2.2391904903417504e-09   5.7053987890203520e-14
 -5.5250000000000004e+00  -1.6539606720005661e-10   1.0037681220415627e-10  -2.2481888985367096e-09   5.7933908090344518e-14
 -5.5000000000000000e+00  -1.6583265766812530e-10   9.8826234729262869e-11  -2.2574690572376982e-09   5.8758780114887354e-14
 -5.4749999999999996e+00  -1.6628809337343206e-10   9.7236136125128074e-11  -2.2670389037556350e-09   5.9520984672199240e-14
 -5.4499999999999993e+00  -1.6676291627071926e-10   9.5605472359025780e-11  -2.2769065523823909e-09   6.0212289302916934e-14
 -5.4250000000000007e+00  -1.6725767970975393e-10   9.3933176280370274e-11  -2.2870802956809075e-09   6.0823806961661627e-14
 -5.4000000000000004e+00  -1.6777294844487384e-10   9.2218157623333462e-11  -2.2975686055701461e-09   6.1345952035398317e-14
 -5.3750000000000000e+00  -1.6830929862506136e-10   9.0459303050851789e-11  -2.3083801341878941e-09   6.1768393646930077e-14
 -5.3499999999999996e+00  -1.6886731776308870e-10   8.8655476243017980e-11  -2.3195237145136935e-09   6.2080006083229961e-14
 -5.3249999999999993e+00  -1.6944760468222231e-10   8.6805518032956433e-11  -2.3310083607334614e-09   6.2268816179007642e-14
 -5.3000000000000007e+00  -1.7005076943892129e-10   8.4908246593381117e-11  -2.3428432683268494e-09   6.2321947475936056e-14
 -5.2750000000000004e+00  -1.7067743321989259e-10   8.2962457677174608e-11  -2.3550378138575164e-09   6.2225560967622764e-14
 -5.2500000000000000e+00  -1.7132822821181157e-10   8.0966924915421837e-11  -2.3676015544459275e-09   6.1964792229213120e-14
 -5.2249999999999996e+00  -1.7200379744195737e-10   7.8920400176440955e-11  -2.3805442269036646e-09   6.1523684718793464e-14
 -5.1999999999999993e+00  -1.7270479458792955e-10   7.6821613989510523e-11  -2.3938757465072537e-09   6.0885119025362290e-14
 -5.1750000000000007e+00  -1.7343188375457517e-10   7.4669276037045925e-11  -2.4076062053892651e-09   6.0030737824809534e-14
 -5.1500000000000004e+00  -1.7418573921618905e-10   7.2462075719101921e-11  -2.4217458705236957e-09   5.8940866291512927e-14
 -5.1250000000000000e+00  -1.7496704512198165e-10   7.0198682794190222e-11  -2.4363051812819689e-09   5.7594427698174290e-14
 -5.0999999999999996e+00  -1.7577649516275193e-10   6.7877748100497696e-11  -2.4512947465353813e-09   5.5968853920887423e-14
 -5.0749999999999993e+00  -1.7661479219664497e-10   6.5497904361683687e-11  -2.4667253412792428e-09   5.4039990549688179e-14
 -5.0500000000000007e+00  -1.7748264783183539e-10   6.3057767081479058e-11  -2.4826079027538018e-09   5.1781996287151783e-14
 -5.0250000000000004e+00  -1.7838078196388874e-10   6.0555935531468424e-11  -2.4989535260360832e-09   4.9167236298778417e-14
 -5.0000000000000000e+00  -1.7930992226550713e-10   5.7990993836488071e-11  -2.5157734590764917e-09   4.6166169158997878e-14
 -4.9749999999999996e+00  -1.8027080362632908e-10   5.5361512162114737e-11  -2.5330790971538943e-09   4.2747227015465355e-14
 -4.9499999999999993e+00  -1.8126416754037764e-10   5.2666048008827397e-11  -2.5508819767222500e-09   3.8876688571808033e-14
 -4.9250000000000007e+00  -1.8229076143871710e-10   4.9903147617452637e-11  -2.5691937686218149e-09   3.4518544465110766e-14
 -4.9000000000000004e+00  -1.8335133796482557e-10   4.7071347490556335e-11  -2.5880262706276480e-09   2.9634354589097318e-14
 -4.8750000000000000e+00  -1.8444665419014495e-10   4.4169176034488265e-11  -2.6073913993080238e-09   2.4183096886994304e-14
 -4.8499999999999996e+00  -1.8557747076721787e-10   4.1195155326833140e-11  -2.6273011811651233e-09   1.8121007109401576e-14
 -4.8249999999999993e+00  -1.8674455101778983e-10   3.8147803014014408e-11  -2.6477677430305529e-09   1.1401409002104518e-14
 -4.8000000000000007e+00  -1.8794865995322323e-10   3.5025634343797298e-11  -2.6688033016883372e-09   3.9745343563656952e-15
 -4.7750000000000004e+00  -1.8919056322451051e-10   3.1827164337476028e-11  -2.6904201526979132e-09  -4.2126676802590291e-15
 -4.7500000000000000e+00  -1.9047102599913280e-10   2.8550910106537706e-11  -2.7126306583897192e-09  -1.3216732671113317e-14
 -4.7249999999999996e+00  -1.9179081176200098e-10   2.5195393318516620e-11  -2.7354472350065983e-09  -2.3097895013142291e-14
 -4.6999999999999993e+00  -1.9315068103768092e-10   2.1759142816732811e-11  -2.7588823389645543e-09  -3.3920314834137049e-14
 -4.6750000000000007e+00  -1.9455139003105916e-10   1.8240697398589869e-11  -2.7829484522065925e-09  -4.5752318427772668e-14
 -4.6500000000000004e+00  -1.9599368918359187e-10   1.4638608757018463e-11  -2.8076580666241102e-09  -5.8666653036702449e-14
 -4.6250000000000000e+00  -1.9747832164224490e-10   1.0951444589609780e-11  -2.8330236675207766e-09  -7.2740756844137301e-14
 -4.5999999999999996e+00  -1.9900602163819333e-10   7.1777918799164705e-12  -2.8590577160943448e-09  -8.8057045087758013e-14
 -4.5749999999999993e+00  -2.0057751277234118e-10   3.3162603552749441e-12  -2.8857726309128533e-09  -1.0470321326677593e-13
 -4.5500000000000007e+00  -2.0219350620468527e-10  -6.3451387457939442e-13  -2.9131807683623664e-09  -1.2277255847370282e-13
 -4.5250000000000004e+00  -2.0385469874453233e-10  -4.6758644939726637e-12  -2.9412944020444708e-09  -1.4236431994711115e-13
 -4.5000000000000000e+00  -2.0556177083853249e-10  -8.8090909687844333e-12  -2.9701257011025261e-09  -1.6358404001088199e-13
 -4.4749999999999996e+00  -2.0731538445347012e-10  -1.3035454341083567e-11  -2.9996867074567944e-09  -1.8654394663910914e-13
 -4.4499999999999993e+00  -2.0911618085071720e-10  -1.7356172827154733e-11  -3.0299893119297142e-09  -2.1136335896460044e-13
 -4.4250000000000007e+00  -2.1096477824921824e-10  -2.1772417215321743e-11  -3.0610452292437815e-09  -2.3816911713304838e-13
 -4.4000000000000004e+00  -2.1286176937382244e-10  -2.6285306060111055e-11  -3.0928659718755985e-09  -2.6709603799474703e-13
 -4.3750000000000000e+00  -2.1480771888574220e-10  -3.0895900669496733e-11  -3.1254628227511252e-09  -2.9828739822160894e-13
 -4.3499999999999996e+00  -2.1680316069185325e-10  -3.5605199882116535e-11  -3.1588468067684127e-09  -3.3189544654010946e-13
 -4.3250000000000011e+00  -2.1884859512949171e-10  -4.0414134631548166e-11  -3.1930286611355865e-09  -3.6808194688016094e-13
 -4.3000000000000007e+00  -2.2094448602332348e-10  -4.5323562294899426e-11  -3.2280188045131365e-09  -4.0701875435746443e-13
 -4.2750000000000004e+00  -2.2309125761076966e-10  -5.0334260823146420e-11  -3.2638273049510352e-09  -4.4888842613234419e-13
 -4.2500000000000000e+00  -2.2528929133237225e-10  -5.5446922650839335e-11  -3.3004638466126387e-09  -4.9388486932239292e-13
 -4.2249999999999996e+00  -2.2753892248336396e-10  -6.0662148382972513e-11  -3.3379376952787366e-09  -5.4221402829003553e-13
 -4.2000000000000011e+00  -2.2984043672258005e-10  -6.5980440257013776e-11  -3.3762576626267319e-09  -5.9409461378013226e-13
 -4.1750000000000007e+00  -2.3219406643468047e-10  -7.1402195378235677e-11  -3.4154320692811151e-09  -6.4975887654775308e-13
 -4.1500000000000004e+00  -2.3459998694147503e-10  -7.6927698726665711e-11  -3.4554687066328948e-09  -7.0945342829287529e-13
 -4.1250000000000000e+00  -2.3705831255794394e-10  -8.2557115934137579e-11  -3.4963747974269859e-09  -7.7344011290823519e-13
 -4.0999999999999996e+00  -2.3956909248831082e-10  -8.8290485830067992e-11  -3.5381569551178620e-09  -8.4199693124971706e-13
 -4.0750000000000011e+00  -2.4213230655726113e-10  -9.4127712754719474e-11  -3.5808211419949605e-09  -9.1541902285627359e-13
 -4.0500000000000007e+00  -2.4474786077109543e-10  -1.0006855863881713e-10  -3.6243726260804128e-09  -9.9401970828024420e-13
 -4.0250000000000004e+00  -2.4741558270327713e-10  -1.0611263484850630e-10  -3.6688159368028235e-09  -1.0781315959393907e-12
 -4.0000000000000000e+00  -2.5013521669845389e-10  -1.1225939379471627e-10  -3.7141548194517108e-09  -1.1681077576712000e-12
 -3.9749999999999996e+00  -2.5290641888860001e-10  -1.1850812030604317e-10  -3.7603921884179597e-09  -1.2643229774588383e-12
 -3.9500000000000011e+00  -2.5572875201446042e-10  -1.2485792276431367e-10  -3.8075300792263697e-09  -1.3671750781082887e-12
 -3.9250000000000007e+00  -2.5860168004494419e-10  -1.3130772400200523e-10  -3.8555695993669496e-09  -1.4770863309895393e-12
 -3.9000000000000004e+00  -2.6152456258652656e-10  -1.3785625196067520e-10  -3.9045108779319310e-09  -1.5945049543126101e-12
 -3.8750000000000000e+00  -2.6449664907406497e-10  -1.4450203010951232e-10  -3.9543530140656945e-09  -1.7199067057941144e-12
 -3.8499999999999996e+00  -2.6751707273371116e-10  -1.5124336762304779e-10  -4.0050940242348843e-09  -1.8537965759835013e-12
 -3.8250000000000011e+00  -2.7058484430779462e-10  -1.5807834931693873e-10  -4.0567307883256846e-09  -1.9967105889629269e-12
 -3.8000000000000007e+00  -2.7369884553066963e-10  -1.6500482534060078e-10  -4.1092589945749662e-09  -2.1492177176128715e-12
 -3.7750000000000004e+00  -2.7685782234354869e-10  -1.7202040062529239e-10  -4.1626730833414723e-09  -2.3119219211500870e-12
 -3.7500000000000000e+00  -2.8006037783526529e-10  -1.7912242408602314e-10  -4.2169661897224006e-09  -2.4854643131977865e-12
 -3.7249999999999996e+00  -2.8330496489474053e-10  -1.8630797757541580e-10  -4.2721300850198222e-09  -2.6705254692434136e-12
 -3.7000000000000011e+00  -2.8658987855962220e-10  -1.9357386458734553e-10  -4.3281551170601383e-09  -2.8678278829803000e-12
 -3.6750000000000007e+00  -2.8991324804415567e-10  -2.0091659870785265e-10  -4.3850301493683638e-09  -3.0781385817191332e-12
 -3.6500000000000004e+00  -2.9327302842779008e-10  -2.0833239181044908e-10  -4.4427424991974887e-09  -3.3022719117976285e-12
 -3.6250000000000000e+00  -2.9666699198432776e-10  -2.1581714199253904e-10  -4.5012778744113532e-09  -3.5410925057162313e-12
 -3.5999999999999996e+00  -3.0009271912956928e-10  -2.2336642124923200e-10  -4.5606203092175432e-09  -3.7955184435882479e-12
 -3.5750000000000011e+00  -3.0354758896337769e-10  -2.3097546288033908e-10  -4.6207520987446153e-09  -4.0665246224195832e-12
 -3.5500000000000007e+00  -3.0702876937986960e-10  -2.3863914862583458e-10  -4.6816537324556578e-09  -4.3551463477310117e-12
 -3.5250000000000004e+00  -3.1053320671703450e-10  -2.4635199552454214e-10  -4.7433038263878936e-09  -4.6624831631104851e-12
 -3.5000000000000000e+00  -3.1405761491444442e-10  -2.5410814249021943e-10  -4.8056790542054363e-09  -4.9897029344400494e-12
 -3.4749999999999996e+00  -3.1759846414484523e-10  -2.6190133659865102e-10  -4.8687540770497356e-09  -5.3380462067876212e-12
 -3.4500000000000011e+00  -3.2115196888229863e-10  -2.6972491907876587e-10  -4.9325014721698228e-09  -5.7088308532953221e-12
 -3.4250000000000007e+00  -3.2471407536613140e-10  -2.7757181100018865e-10  -4.9968916603118289e-09  -6.1034570368399335e-12
 -3.4000000000000004e+00  -3.2828044841623535e-10  -2.8543449864904459e-10  -5.0618928318448876e-09  -6.5234125067952550e-12
 -3.3750000000000000e+00  -3.3184645755121410e-10  -2.9330501858324722e-10  -5.1274708715982555e-09  -6.9702782548986891e-12
 -3.3499999999999996e+00  -3.3540716235646970e-10  -3.0117494235795380e-10  -5.1935892823825913e-09  -7.4457345560236252e-12
 -3.3250000000000011e+00  -3.3895729704451356e-10  -3.0903536091135152e-10  -5.2602091071666309e-09  -7.9515674215945281e-12
 -3.3000000000000007e+00  -3.4249125414455879e-10  -3.1687686860047493e-10  -5.3272888498794109e-09  -8.4896754954620577e-12
 -3.2750000000000004e+00  -3.4600306725274523e-10  -3.2468954687637674e-10  -5.3947843948076264e-09  -9.0620774242913052e-12
 -3.2500000000000000e+00  -3.4948639276813340e-10  -3.3246294758768803e-10  -5.4626489245579175e-09  -9.6709197369174504e-12
 -3.2249999999999996e+00  -3.5293449053282367e-10  -3.4018607590143360e-10  -5.5308328365549589e-09  -1.0318485269700569e-11
 -3.2000000000000011e+00  -3.5634020328717041e-10  -3.4784737282997054e-10  -5.5992836580485034e-09  -1.1007202177675776e-11
 -3.1750000000000007e+00  -3.5969593484299408e-10  -3.5543469735308623e-10  -5.6679459596061055e-09  -1.1739653574257642e-11
 -3.1500000000000004e+00  -3.6299362686890248e-10  -3.6293530812470895e-10  -5.7367612670733953e-09  -1.2518587845429877e-11
 -3.1250000000000000e+00  -3.6622473417222537e-10  -3.7033584475435030e-10  -5.8056679719908274e-09  -1.3346929687743800e-11
 -3.0999999999999996e+00  -3.6938019835158355e-10  -3.7762230865440626e-10  -5.8746012404651734e-09  -1.4227791923072763e-11
 -3.0750000000000011e+00  -3.7245041968266881e-10  -3.8478004344583788e-10  -5.9434929205058866e-09  -1.5164488146934359e-11
 -3.0500000000000007e+00  -3.7542522708730238e-10  -3.9179371491659197e-10  -6.0122714478515721e-09  -1.6160546271307571e-11
 -3.0250000000000004e+00  -3.7829384602217263e-10  -3.9864729052951009e-10  -6.0808617503303104e-09  -1.7219723027245269e-11
 -3.0000000000000000e+00  -3.8104486410871627e-10  -4.0532401847948200e-10  -6.1491851508204056e-09  -1.8346019497219290e-11
 -2.9749999999999996e+00  -3.8366619430927869e-10  -4.1180640630335174e-10  -6.2171592689058166e-09  -1.9543697752039470e-11
 -2.9500000000000011e+00  -3.8614503543683549e-10  -4.1807619905069997e-10  -6.2846979213537835e-09  -2.0817298672358681e-11
 -2.9250000000000007e+00  -3.8846782976603621e-10  -4.2411435702924068e-10  -6.3517110215821630e-09  -2.2171661040208450e-11
 -2.9000000000000004e+00  -3.9062021749197876e-10  -4.2990103314535921e-10  -6.4181044783313696e-09  -2.3611941991693872e-11
 -2.8750000000000000e+00  -3.9258698775977324e-10  -4.3541554986847074e-10  -6.4837800938121701e-09  -2.5143638927894443e-11
 -2.8499999999999996e+00  -3.9435202596242667e-10  -4.4063637585760563e-10  -6.5486354616670360e-09  -2.6772612987142205e-11
 -2.8250000000000011e+00  -3.9589825697665765e-10  -4.4554110230019627e-10  -6.6125638651610321e-09  -2.8505114188142987e-11
 -2.8000000000000007e+00  -3.9720758397573426e-10  -4.5010641902673607e-10  -6.6754541761099786e-09  -3.0347808359817775e-11
 -2.7750000000000004e+00  -3.9826082242508336e-10  -4.5430809048113816e-10  -6.7371907551612156e-09  -3.2307805980200433e-11
 -2.7500000000000000e+00  -3.9903762882999613e-10  -4.5812093164564592e-10  -6.7976533541678813e-09  -3.4392693053145224e-11
 -2.7249999999999996e+00  -3.9951642376499151e-10  -4.6151878404145787e-10  -6.8567170215441769e-09  -3.6610564157856582e-11
 -2.7000000000000011e+00  -3.9967430867103534e-10  -4.6447449195238674e-10  -6.9142520116596509e-09  -3.8970057812205906e-11
 -2.6750000000000007e+00  -3.9948697585955010e-10  -4.6695987904942016e-10  -6.9701236995289292e-09  -4.1480394296261376e-11
 -2.6500000000000004e+00  -3.9892861111070690e-10  -4.6894572562972102e-10  -7.0241925022835999e-09  -4.4151416087192766e-11
 -2.6250000000000000e+00  -3.9797178819757317e-10  -4.7040174672515379e-10  -7.0763138091801628e-09  -4.6993631060437027e-11
 -2.5999999999999996e+00  -3.9658735460700807e-10  -4.7129657138377425e-10  -7.1263379222074161e-09  -5.0018258614364181e-11
 -2.5750000000000011e+00  -3.9474430766248343e-10  -4.7159772348389240e-10  -7.1741100097149383e-09  -5.3237278876229483e-11
 -2.5500000000000007e+00  -3.9240966018300324e-10  -4.7127160450552413e-10  -7.2194700758985296e-09  -5.6663485145400926e-11
 -2.5250000000000004e+00  -3.8954829473581006e-10  -4.7028347875962080e-10  -7.2622529494570051e-09  -6.0310539725056252e-11
 -2.5000000000000000e+00  -3.8612280545845146e-10  -4.6859746166299417e-10  -7.3022882952871193e-09  -6.4193033284957220e-11
 -2.4749999999999996e+00  -3.8209332633799669e-10  -4.6617651174807210e-10  -7.3394006537202985e-09  -6.8326547884567148e-11
 -2.4500000000000011e+00  -3.7741734474181924e-10  -4.6298242721359305e-10  -7.3734095125386377e-09  -7.2727723766518328e-11
 -2.4250000000000007e+00  -3.7204949889566427e-10  -4.5897584795731850e-10  -7.4041294178521313e-09  -7.7414330003858396e-11
 -2.4000000000000004e+00  -3.6594135790118180e-10  -4.5411626418744677e-10  -7.4313701308900312e-09  -8.2405339048922377e-11
 -2.3750000000000000e+00  -3.5904118277755847e-10  -4.4836203288855186e-10  -7.4549368388742985e-09  -8.7721005185077410e-11
 -2.3499999999999996e+00  -3.5129366690151620e-10  -4.4167040362384922e-10  -7.4746304294219694e-09  -9.3382946822553777e-11
 -2.3250000000000011e+00  -3.4263965410852453e-10  -4.3399755539208533e-10  -7.4902478393881810e-09  -9.9414232503237979e-11
 -2.3000000000000007e+00  -3.3301583260802829e-10  -4.2529864652845863e-10  -7.5015824907368237e-09  -1.0583947038324300e-10
 -2.2750000000000004e+00  -3.2235440276011878e-10  -4.1552787994921926e-10  -7.5084248279384618e-09  -1.1268490084224246e-10
 -2.2500000000000000e+00  -3.1058271666481356e-10  -4.0463858639395119e-10  -7.5105629735742842e-09  -1.1997849172017402e-10
 -2.2249999999999996e+00  -2.9762288743379711e-10  -3.9258332872336398e-10  -7.5077835213025417e-09  -1.2775003549936516e-10
 -2.2000000000000011e+00  -2.8339136595574802e-10  -3.7931403078951181e-10  -7.4998724881531375e-09  -1.3603124752680946e-10
 -2.1750000000000007e+00  -2.6779848294014736e-10  -3.6478213491576805e-10  -7.4866164512923014e-09  -1.4485586409954201e-10
 -2.1500000000000004e+00  -2.5074795404346264e-10  -3.4893879261189374e-10  -7.4678038979777285e-09  -1.5425973890689542e-10
 -2.1250000000000000e+00  -2.3213634596210475e-10  -3.3173509381138489e-10  -7.4432268214399660e-09  -1.6428093592657410e-10
 -2.0999999999999996e+00  -2.1185250153927814e-10  -3.1312234065995399e-10  -7.4126825999099338e-09  -1.7495981639517321e-10
 -2.0750000000000011e+00  -1.8977692220395015e-10  -2.9305237271074045e-10  -7.3759762009917333e-09  -1.8633911690460871e-10
 -2.0500000000000007e+00  -1.6578110647259512e-10  -2.7147795129767856e-10  -7.3329227590710524e-09  -1.9846401499888566e-10
 -2.0250000000000004e+00  -1.3972684383938118e-10  -2.4835321186534517e-10  -7.2833505794551165e-09  -2.1138217784404890e-10
 -2.0000000000000000e+00  -1.1146546420948152e-10  -2.2363419413045888e-10  -7.2271046294412392e-09  -2.2514378859986572e-10
 -1.9749999999999996e+00  -8.0837044156984225e-11  -1.9727946113144511e-10  -7.1640505834581290e-09  -2.3980154401541084e-10
 -1.9500000000000011e+00  -4.7669572792138754e-11  -1.6925081947626552e-10  -7.0940794967251401e-09  -2.5541061548222195e-10
 -1.9250000000000007e+00  -1.1778081998942856e-11  -1.3951415440454770e-10  -7.0171131893798742e-09  -2.7202856428822567e-10
 -1.9000000000000004e+00   2.7036251628990321e-11  -1.0804039460576696e-10  -6.9331104305064098e-09  -2.8971520010491729e-10
 -1.8750000000000000e+00   6.8987022526355056e-11  -7.4806623033163939e-11  -6.8420740186250143e-09  -3.0853236979453240e-10
 -1.8499999999999996e+00   1.1430351473605658e-10  -3.9797351155251445e-11  -6.7440588615163721e-09  -3.2854366143471438e-10
 -1.8250000000000011e+00   1.6323160318862235e-10  -3.0059750989825259e-12  -6.6391811631143950e-09  -3.4981400602720970e-10
 -1.8000000000000007e+00   2.1603461088319738e-10   3.5563567166650374e-11  -6.5276288277599288e-09  -3.7240915670164521e-10
 -1.7750000000000004e+00   2.7299408689701921e-10   7.5894918250000236e-11  -6.4096731912404427e-09  -3.9639502238521737e-10
 -1.7500000000000000e+00   3.3441045994399576e-10   1.1795718450265951e-10  -6.2856821822927039e-09  -4.2183682995558827e-10
 -1.7249999999999996e+00   4.0060350972222180e-10   1.6170256256695175e-10  -6.1561350057599893e-09  -4.4879808594224913e-10
 -1.7000000000000011e+00   4.7191258316983034e-10   2.0706369478071711e-10  -6.0216384170438735e-09  -4.7733930606380362e-10
 -1.6750000000000007e+00   5.4869646462118835e-10   2.5395074354760448e-10  -5.8829446240047667e-09  -5.0751647853333242e-10
 -1.6500000000000004e+00   6.3133278738440791e-10   3.0224818174309297e-10  -5.7409708035824412e-09  -5.3937922547564696e-10
 -1.6250000000000000e+00   7.2021684919171152e-10   3.5181130615532287e-10  -5.5968201520484228e-09  -5.7296862644233313e-10
 -1.5999999999999996e+00   8.1575966521053426e-10   4.0246249458980302e-10  -5.4518042953011950e-09  -6.0831466948946864e-10
 -1.5750000000000011e+00   9.1838506001885598e-10   4.5398724541318109e-10  -5.3074667638442951e-09  -6.4543329937008235e-10
 -1.5500000000000007e+00   1.0285255647392360e-09   5.0613006183264268e-10  -5.1656070807143769e-09  -6.8432304004056563e-10
 -1.5250000000000004e+00   1.1466168486159775e-09   5.5859027294084462e-10  -5.0283048145737627e-09  -7.2496118102139934e-10
 -1.5000000000000000e+00   1.2730903778234157e-09   6.1101792020800052e-10  -4.8979427103603439e-09  -7.6729953548214923e-10
 -1.4749999999999996e+00   1.4083639615393942e-09   6.6300988208662726e-10  -4.7772277242854423e-09  -8.1125980363342040e-10
 -1.4500000000000011e+00   1.5528298212224376e-09   7.1410646060195502e-10  -4.6692084601837586e-09  -8.5672860948330464e-10
 -1.4250000000000007e+00   1.7068398104891254e-09   7.6378871129437041e-10  -4.5772871374818555e-09  -9.0355232342283899e-10
 -1.4000000000000004e+00   1.8706874292252004e-09   8.1147685950696287e-10  -4.5052238327581057e-09  -9.5153183811350299e-10
 -1.3750000000000000e+00   2.0445863283403881e-09   8.5653020795500691e-10  -4.4571303534909578e-09  -1.0004175305212616e-09
 -1.3499999999999996e+00   2.2286451050830557e-09   8.9824899682453993e-10  -4.4374507646920545e-09  -1.0499047170034692e-09
 -1.3250000000000011e+00   2.4228383590425649e-09   9.3587871983011092e-10  -4.4509253538800907e-09  -1.0996299873786630e-09
 -1.3000000000000007e+00   2.6269742321719489e-09   9.6861741646679251e-10  -4.5025347622412718e-09  -1.1491688814604263e-09
 -1.2750000000000004e+00   2.8406590063374741e-09   9.9562643828984324e-10  -4.5974212210845923e-09  -1.1980354379261146e-09
 -1.2500000000000000e+00   3.0632597866688185e-09   1.0160451098559295e-09  -4.7407844145211135e-09  -1.2456841874361260e-09
 -1.2249999999999996e+00   3.2938668540767213e-09   1.0290095573286383e-09  -4.9377505419412673e-09  -1.2915151632955774e-09
 -1.2000000000000011e+00   3.5312579028404963e-09   1.0336757468434833e-09  -5.1932147569398604e-09  -1.3348824454703945e-09
 -1.1750000000000007e+00   3.7738670406889351e-09   1.0292464544689498e-09  -5.5116593450581862e-09  -1.3751066198839534e-09
 -1.1500000000000004e+00   4.0197620398966754e-09   1.0150014855172493e-09  -5.8969527237852009e-09  -1.4114913115748054e-09
 -1.1250000000000000e+00   4.2666337771471695e-09   9.9032999507524067e-10  -6.3521374458268320e-09  -1.4433436339375374e-09
 -1.0999999999999996e+00   4.5118019502877107e-09   9.5476327606302276e-10  -6.8792185675098164e-09  -1.4699979982499111e-09
 -1.0750000000000011e+00   4.7522408661952675e-09   9.0800593857693084e-10  -7.4789665795985973e-09  -1.4908422787011337e-09
 -1.0500000000000007e+00   4.9846282308676030e-09   8.4996308344508865e-10  -8.1507510565784207e-09  -1.5053448797799810e-09
 -1.0250000000000004e+00   5.2054183746562030e-09   7.8076095770583239e-10  -8.8924217043958643e-09  -1.5130808744099514e-09
 -1.0000000000000000e+00   5.4109392461894570e-09   7.0075874235404140e-10  -9.7002521057455851e-09  -1.5137551501552989e-09
 -9.7499999999999964e-01   5.5975099726069363e-09   6.1054960359131609e-10  -1.0568957930937533e-08  -1.5072204877730931e-09
 -9.5000000000000107e-01   5.7615731127678133e-09   5.1094992801036952e-10  -1.1491795803550119e-08  -1.4934887466353475e-09
 -9.2500000000000071e-01   5.8998333320988840e-09   4.0297668894629756e-10  -1.2460741898992585e-08  -1.4727338482331880e-09
 -9.0000000000000036e-01   6.0093925470804888e-09   2.8781402768067053e-10  -1.3466741608904136e-08  -1.4452859837436192e-09
 -8.7500000000000000e-01   6.0878710061962419e-09   1.6677121378084175e-10  -1.4500014364670269e-08  -1.4116173275556005e-09
 -8.4999999999999964e-01   6.1335045105380094e-09   4.1235003505515181e-11  -1.5550392131071989e-08  -1.3723203868763565e-09
 -8.2500000000000107e-01   6.1452100122700197e-09  -8.7380092844536207e-11  -1.6607667061136448e-08  -1.3280808244647900e-09
 -8.0000000000000071e-01   6.1226148909204497e-09  -2.1768006621884466e-10  -1.7661923791919023e-08  -1.2796470489417400e-09
 -7.7500000000000036e-01   6.0660488223396678e-09  -3.4833498632284399e-10  -1.8703834748126068e-08  -1.2277990162040254e-09
 -7.5000000000000000e-01   5.9765007537070538e-09  -4.7811541011054434e-10  -1.9724901985413876e-08  -1.1733185275195868e-09
 -7.2499999999999964e-01   5.8555465435998239e-09  -6.0592004440692774e-10  -2.0717635586206525e-08  -1.1169629010622919e-09
 -7.0000000000000107e-01   5.7052549274585787e-09  -7.3079405129717664e-10  -2.1675665350601248e-08  -1.0594433267107264e-09
 -6.7500000000000071e-01   5.5280804447573052e-09  -8.5193826287022321e-10  -2.2593788557976167e-08  -1.0014085937457320e-09
 -6.5000000000000036e-01   5.3267518500117309e-09  -9.6871026308060649e-10  -2.3467961248442962e-08  -9.4343430160536219e-10
 -6.2500000000000000e-01   5.1041635316999621e-09  -1.0806187494955798e-09  -2.4295243472387980e-08  -8.8601719244752176e-10
 -5.9999999999999964e-01   4.8632758843607192e-09  -1.1873128042162177e-09  -2.5073710289818418e-08  -8.2957391554086086e-10
 -5.7500000000000107e-01   4.6070287418681359e-09  -1.2885677143021030e-09  -2.5802340216891658e-08  -7.7444335176229103e-10
 -5.5000000000000071e-01   4.3382701641495512e-09  -1.3842688404182937e-09  -2.6480891693506858e-08  -7.2089157365595958e-10
 -5.2500000000000036e-01   4.0597012775914526e-09  -1.4743947962781926e-09  -2.7109776392468571e-08  -6.6911856200705383e-10
 -5.0000000000000000e-01   3.7738366157203628e-09  -1.5590009234135548e-09  -2.7689936174115055e-08  -6.1926590952625769e-10
 -4.7499999999999964e-01   3.4829785281493171e-09  -1.6382037669309236e-09  -2.8222728493686923e-08  -5.7142488473502988e-10
 -4.5000000000000107e-01   3.1892037010728057e-09  -1.7121670057878057e-09  -2.8709823279967464e-08  -5.2564437968514086e-10
 -4.2500000000000071e-01   2.8943596054605482e-09  -1.7810890808316663e-09  -2.9153112823347189e-08  -4.8193840657793090e-10
 -4.0000000000000036e-01   2.6000686881462083e-09  -1.8451926005816336e-09  -2.9554635071210482e-08  -4.4029293062943534e-10
 -3.7500000000000000e-01   2.3077382745420182e-09  -1.9047154868527870e-09  -2.9916509913129285e-08  -4.0067192532711309e-10
 -3.4999999999999964e-01   2.0185743968605974e-09  -1.9599037441641711e-09  -3.0240887505162317e-08  -3.6302261124495583e-10
 -3.2500000000000107e-01   1.7335980486836852e-09  -2.0110056909773595e-09  -3.0529907377119347e-08  -3.2727989300752097e-10
 -3.0000000000000071e-01   1.4536626594365870e-09  -2.0582674694962924e-09  -3.0785666933750011e-08  -2.9337004424165481e-10
 -2.7500000000000036e-01   1.1794718571898659e-09  -2.1019296470224768e-09  -3.1010197950698151e-08  -2.6121371121431314e-10
 -2.5000000000000000e-01   9.1159683199330115e-10  -2.1422247297373357e-09  -3.1205449735402152e-08  -2.3072831593105057e-10
 -2.2499999999999964e-01   6.5049281884965165e-10  -2.1793754246161342e-09  -3.1373277738507934e-08  -2.0182994189516765e-10
 -2.0000000000000107e-01   3.9651438745042237e-10  -2.2135935039359151e-09  -3.1515436546548249e-08  -1.7443478304983121e-10
 -1.7500000000000071e-01   1.4992935777042103e-10  -2.2450791469318808e-09  -3.1633576341486191e-08  -1.4846023060671903e-10
 -1.5000000000000036e-01  -8.9068733601199633e-11  -2.2740206511970567e-09  -3.1729242030268091e-08  -1.2382566494571643e-10
 -1.2500000000000000e-01  -3.2034961448673084e-10  -2.3005944238204102e-09  -3.1803874367455053e-08  -1.0045301155382123e-10
 -1.0000000000000142e-01  -5.4383667402366014e-10  -2.3249651851975759e-09  -3.1858812649361656e-08  -7.8267111702528098e-11
 -7.5000000000001066e-02  -7.5949870446977695e-10  -2.3472863297842126e-09  -3.1895298609505279e-08  -5.7195950724315781e-11
 -5.0000000000000711e-02  -9.6734279596300412e-10  -2.3677003693798273e-09  -3.1914480618070602e-08  -3.7170780146837933e-11
 -2.5000000000000355e-02  -1.1674082915736044e-09  -2.3863394313613867e-09  -3.1917418179103239e-08  -1.8126166314239342e-11
  0.0000000000000000e+00  -1.3597619932415691e-09  -2.4033259069117100e-09  -3.1905089333221232e-08   0.0000000000000000e+00
