# ZND solution.
# Columns are: spatial coordinate; specific volume; density;
# flow velocity in lab frame; pressure; reaction progress variable.
 -1.2074999999999999e+01   5.5721746169784858e-01   1.7946314836455186e+00   3.0151164610293830e+00   2.1531359046879963e+01   9.9999999999900002e-01
 -1.2049999999999999e+01   5.5721746169784858e-01   1.7946314836455186e+00   3.0151164610293830e+00   2.1531359046879963e+01   9.9999999999900002e-01
 -1.2024999999999999e+01   5.5721746169784858e-01   1.7946314836455186e+00   3.0151164610293830e+00   2.1531359046879963e+01   9.9999999999900002e-01
 -1.2000000000000000e+01   5.5721746169784858e-01   1.7946314836455186e+00   3.0151164610293830e+00   2.1531359046879963e+01   9.9999999999900002e-01
 -1.1975000000000000e+01   5.5721746169784858e-01   1.7946314836455186e+00   3.0151164610293830e+00   2.1531359046879963e+01   9.9999999999900002e-01
 -1.1949999999999999e+01   5.5721746169784858e-01   1.7946314836455186e+00   3.0151164610293830e+00   2.1531359046879963e+01   9.9999999999900002e-01
 -1.1924999999999999e+01   5.5721746169784858e-01   1.7946314836455186e+00   3.0151164610293830e+00   2.1531359046879963e+01   9.9999999999900002e-01
 -1.1899999999999999e+01   5.5721746169784858e-01   1.7946314836455186e+00   3.0151164610293830e+00   2.1531359046879963e+01   9.9999999999900002e-01
 -1.1875000000000000e+01   5.5721746169784858e-01   1.7946314836455186e+00   3.0151164610293830e+00   2.1531359046879963e+01   9.9999999999900002e-01
 -1.1850000000000000e+01   5.5721746169784858e-01   1.7946314836455186e+00   3.0151164610293830e+00   2.1531359046879963e+01   9.9999999999900002e-01
 -1.1824999999999999e+01   5.5721746169784858e-01   1.7946314836455186e+00   3.0151164610293830e+00   2.1531359046879963e+01   9.9999999999900002e-01
 -1.1799999999999999e+01   5.5721746169784858e-01   1.7946314836455186e+00   3.0151164610293830e+00   2.1531359046879963e+01   9.9999999999900002e-01
 -1.1774999999999999e+01   5.5721746169784858e-01   1.7946314836455186e+00   3.0151164610293830e+00   2.1531359046879963e+01   9.9999999999900002e-01
 -1.1750000000000000e+01   5.5721746169784858e-01   1.7946314836455186e+00   3.0151164610293830e+00   2.1531359046879963e+01   9.9999999999900002e-01
 -1.1725000000000000e+01   5.5721746169784858e-01   1.7946314836455186e+00   3.0151164610293830e+00   2.1531359046879963e+01   9.9999999999900002e-01
 -1.1699999999999999e+01   5.5721746169784858e-01   1.7946314836455186e+00   3.0151164610293830e+00   2.1531359046879963e+01   9.9999999999900002e-01
 -1.1674999999999999e+01   5.5721746169784858e-01   1.7946314836455186e+00   3.0151164610293830e+00   2.1531359046879963e+01   9.9999999999900002e-01
 -1.1649999999999999e+01   5.5721746169784858e-01   1.7946314836455186e+00   3.0151164610293830e+00   2.1531359046879963e+01   9.9999999999900002e-01
 -1.1625000000000000e+01   5.5721746169784858e-01   1.7946314836455186e+00   3.0151164610293830e+00   2.1531359046879963e+01   9.9999999999900002e-01
 -1.1600000000000000e+01   5.5721746169784858e-01   1.7946314836455186e+00   3.0151164610293830e+00   2.1531359046879963e+01   9.9999999999900002e-01
 -1.1574999999999999e+01   5.5721746169784858e-01   1.7946314836455186e+00   3.0151164610293830e+00   2.1531359046879963e+01   9.9999999999900002e-01
 -1.1549999999999999e+01   5.5721746169784858e-01   1.7946314836455186e+00   3.0151164610293830e+00   2.1531359046879963e+01   9.9999999999900002e-01
 -1.1524999999999999e+01   5.5721746169784858e-01   1.7946314836455186e+00   3.0151164610293830e+00   2.1531359046879963e+01   9.9999999999900002e-01
 -1.1500000000000000e+01   5.5721746169784858e-01   1.7946314836455186e+00   3.0151164610293830e+00   2.1531359046879963e+01   9.9999999999900002e-01
 -1.1475000000000000e+01   5.5721746169784858e-01   1.7946314836455186e+00   3.0151164610293830e+00   2.1531359046879963e+01   9.9999999999900002e-01
 -1.1449999999999999e+01   5.5721746169784858e-01   1.7946314836455186e+00   3.0151164610293830e+00   2.1531359046879963e+01   9.9999999999900002e-01
 -1.1424999999999999e+01   5.5721746169784858e-01   1.7946314836455186e+00   3.0151164610293830e+00   2.1531359046879963e+01   9.9999999999900002e-01
 -1.1399999999999999e+01   5.5721746169784858e-01   1.7946314836455186e+00   3.0151164610293830e+00   2.1531359046879963e+01   9.9999999999900002e-01
 -1.1375000000000000e+01   5.5721746169784858e-01   1.7946314836455186e+00   3.0151164610293830e+00   2.1531359046879963e+01   9.9999999999900002e-01
 -1.1350000000000000e+01   5.5721746169784858e-01   1.7946314836455186e+00   3.0151164610293830e+00   2.1531359046879963e+01   9.9999999999900002e-01
 -1.1324999999999999e+01   5.5721746169784858e-01   1.7946314836455186e+00   3.0151164610293830e+00   2.1531359046879963e+01   9.9999999999900002e-01
 -1.1299999999999999e+01   5.5721746169784858e-01   1.7946314836455186e+00   3.0151164610293830e+00   2.1531359046879963e+01   9.9999999999900002e-01
 -1.1274999999999999e+01   5.5721746169784858e-01   1.7946314836455186e+00   3.0151164610293830e+00   2.1531359046879963e+01   9.9999999999900002e-01
 -1.1250000000000000e+01   5.5721746169784858e-01   1.7946314836455186e+00   3.0151164610293830e+00   2.1531359046879963e+01   9.9999999999900002e-01
 -1.1225000000000000e+01   5.5721746169784858e-01   1.7946314836455186e+00   3.0151164610293830e+00   2.1531359046879963e+01   9.9999999999900002e-01
 -1.1199999999999999e+01   5.5721746169784858e-01   1.7946314836455186e+00   3.0151164610293830e+00   2.1531359046879963e+01   9.9999999999900002e-01
 -1.1174999999999999e+01   5.5721746169784858e-01   1.7946314836455186e+00   3.0151164610293830e+00   2.1531359046879963e+01   9.9999999999900002e-01
 -1.1149999999999999e+01   5.5721746169784858e-01   1.7946314836455186e+00   3.0151164610293830e+00   2.1531359046879963e+01   9.9999999999900002e-01
 -1.1125000000000000e+01   5.5721746169784858e-01   1.7946314836455186e+00   3.0151164610293830e+00   2.1531359046879963e+01   9.9999999999900002e-01
 -1.1100000000000000e+01   5.5721746169784858e-01   1.7946314836455186e+00   3.0151164610293830e+00   2.1531359046879963e+01   9.9999999999900002e-01
 -1.1074999999999999e+01   5.5721746169784858e-01   1.7946314836455186e+00   3.0151164610293830e+00   2.1531359046879963e+01   9.9999999999900002e-01
 -1.1049999999999999e+01   5.5721745249067223e-01   1.7946315132990920e+00   3.0151165237254167e+00   2.1531359473807015e+01   9.9999999999895794e-01
 -1.1024999999999999e+01   5.5721743763476861e-01   1.7946315611455357e+00   3.0151166248863155e+00   2.1531360162659588e+01   9.9999999999888789e-01
 -1.1000000000000000e+01   5.5721742209255365e-01   1.7946316112023868e+00   3.0151167307206341e+00   2.1531360883335697e+01   9.9999999999881306e-01
 -1.0975000000000000e+01   5.5721740620484606e-01   1.7946316623719698e+00   3.0151168389075758e+00   2.1531361620031930e+01   9.9999999999873324e-01
 -1.0949999999999999e+01   5.5721738966875800e-01   1.7946317156297964e+00   3.0151169515096479e+00   2.1531362386792885e+01   9.9999999999864797e-01
 -1.0924999999999999e+01   5.5721737267437055e-01   1.7946317703636727e+00   3.0151170672324978e+00   2.1531363174804696e+01   9.9999999999855704e-01
 -1.0899999999999999e+01   5.5721735501323055e-01   1.7946318272449644e+00   3.0151171874955827e+00   2.1531363993733120e+01   9.9999999999846001e-01
 -1.0875000000000000e+01   5.5721733689936637e-01   1.7946318855843502e+00   3.0151173108414815e+00   2.1531364833653889e+01   9.9999999999835643e-01
 -1.0850000000000000e+01   5.5721731813954745e-01   1.7946319460041686e+00   3.0151174385859925e+00   2.1531365703526895e+01   9.9999999999824607e-01
 -1.0824999999999999e+01   5.5721729870842884e-01   1.7946320085860488e+00   3.0151175709017015e+00   2.1531366604527360e+01   9.9999999999812816e-01
 -1.0799999999999999e+01   5.5721727866853588e-01   1.7946320731286156e+00   3.0151177073628443e+00   2.1531367533756050e+01   9.9999999999800238e-01
 -1.0774999999999999e+01   5.5721725794318211e-01   1.7946321398788536e+00   3.0151178484916148e+00   2.1531368494768831e+01   9.9999999999786793e-01
 -1.0750000000000000e+01   5.5721723654456490e-01   1.7946322087974793e+00   3.0151179942049562e+00   2.1531369487000131e+01   9.9999999999772449e-01
 -1.0725000000000000e+01   5.5721721451034356e-01   1.7946322797632037e+00   3.0151181442464270e+00   2.1531370508703723e+01   9.9999999999757139e-01
 -1.0699999999999999e+01   5.5721719165764572e-01   1.7946323533650055e+00   3.0151182998612933e+00   2.1531371568359205e+01   9.9999999999740807e-01
 -1.0674999999999999e+01   5.5721716808606725e-01   1.7946324292821159e+00   3.0151184603713590e+00   2.1531372661348424e+01   9.9999999999723366e-01
 -1.0649999999999999e+01   5.5721714374914855e-01   1.7946325076641687e+00   3.0151186260929892e+00   2.1531373789825665e+01   9.9999999999704781e-01
 -1.0625000000000000e+01   5.5721711856447098e-01   1.7946325887766104e+00   3.0151187975874123e+00   2.1531374957612584e+01   9.9999999999684930e-01
 -1.0600000000000000e+01   5.5721709256846552e-01   1.7946326725021085e+00   3.0151189746065521e+00   2.1531376163019925e+01   9.9999999999663747e-01
 -1.0574999999999999e+01   5.5721706571327523e-01   1.7946327589947966e+00   3.0151191574762888e+00   2.1531377408266760e+01   9.9999999999641120e-01
 -1.0549999999999999e+01   5.5721703791965926e-01   1.7946328485098872e+00   3.0151193467362116e+00   2.1531378697027403e+01   9.9999999999616984e-01
 -1.0524999999999999e+01   5.5721700927501794e-01   1.7946329407658905e+00   3.0151195417911700e+00   2.1531380025249195e+01   9.9999999999591238e-01
 -1.0500000000000000e+01   5.5721697970932815e-01   1.7946330359883313e+00   3.0151197431179844e+00   2.1531381396179029e+01   9.9999999999563749e-01
 -1.0475000000000000e+01   5.5721694912768727e-01   1.7946331344828641e+00   3.0151199513628923e+00   2.1531382814217444e+01   9.9999999999534417e-01
 -1.0449999999999999e+01   5.5721691750229108e-01   1.7946332363390392e+00   3.0151201667152252e+00   2.1531384280653693e+01   9.9999999999503120e-01
 -1.0424999999999999e+01   5.5721688486264442e-01   1.7946333414618312e+00   3.0151203889740712e+00   2.1531385794119664e+01   9.9999999999469680e-01
 -1.0399999999999999e+01   5.5721685110667707e-01   1.7946334501799799e+00   3.0151206188344744e+00   2.1531387359348251e+01   9.9999999999434019e-01
 -1.0375000000000000e+01   5.5721681629075570e-01   1.7946335623119458e+00   3.0151208559126079e+00   2.1531388973725782e+01   9.9999999999395950e-01
 -1.0350000000000000e+01   5.5721678028337973e-01   1.7946336782812555e+00   3.0151211011039210e+00   2.1531390643349809e+01   9.9999999999355349e-01
 -1.0324999999999999e+01   5.5721674310632352e-01   1.7946337980177818e+00   3.0151213542601418e+00   2.1531392367210675e+01   9.9999999999311995e-01
 -1.0299999999999999e+01   5.5721670468156514e-01   1.7946339217728118e+00   3.0151216159125593e+00   2.1531394148926172e+01   9.9999999999265743e-01
 -1.0274999999999999e+01   5.5721666499999312e-01   1.7946340495756932e+00   3.0151218861232172e+00   2.1531395988918792e+01   9.9999999999216371e-01
 -1.0250000000000000e+01   5.5721662397654603e-01   1.7946341817003852e+00   3.0151221654713392e+00   2.1531397891132741e+01   9.9999999999163669e-01
 -1.0225000000000000e+01   5.5721658165788834e-01   1.7946343179965978e+00   3.0151224536391652e+00   2.1531399853404242e+01   9.9999999999107447e-01
 -1.0199999999999999e+01   5.5721653789948111e-01   1.7946344589298509e+00   3.0151227516109294e+00   2.1531401882435407e+01   9.9999999999047406e-01
 -1.0174999999999999e+01   5.5721649271311502e-01   1.7946346044621722e+00   3.0151230593063425e+00   2.1531403977679521e+01   9.9999999998983369e-01
 -1.0149999999999999e+01   5.5721644601879339e-01   1.7946347548512105e+00   3.0151233772701413e+00   2.1531406142845938e+01   9.9999999998915035e-01
 -1.0125000000000000e+01   5.5721639780800314e-01   1.7946349101243864e+00   3.0151237055602942e+00   2.1531408378329409e+01   9.9999999998842104e-01
 -1.0100000000000000e+01   5.5721634796696717e-01   1.7946350706481460e+00   3.0151240449515639e+00   2.1531410689405650e+01   9.9999999998764233e-01
 -1.0074999999999999e+01   5.5721629646505844e-01   1.7946352365211331e+00   3.0151243956525051e+00   2.1531413077494811e+01   9.9999999998681122e-01
 -1.0049999999999999e+01   5.5721624328036923e-01   1.7946354078139095e+00   3.0151247578122971e+00   2.1531415543612724e+01   9.9999999998592437e-01
 -1.0024999999999999e+01   5.5721618835844133e-01   1.7946355847018725e+00   3.0151251318017716e+00   2.1531418090284564e+01   9.9999999998497791e-01
 -1.0000000000000000e+01   5.5721613157879191e-01   1.7946357675730664e+00   3.0151255184413537e+00   2.1531420723096989e+01   9.9999999998396771e-01
 -9.9749999999999996e+00   5.5721607297303688e-01   1.7946359563256693e+00   3.0151259175157556e+00   2.1531423440584007e+01   9.9999999998288980e-01
 -9.9499999999999993e+00   5.5721601237381102e-01   1.7946361514987212e+00   3.0151263301646467e+00   2.1531426250506161e+01   9.9999999998173916e-01
 -9.9249999999999989e+00   5.5721594980780109e-01   1.7946363530062754e+00   3.0151267562063042e+00   2.1531429151626018e+01   9.9999999998051137e-01
 -9.8999999999999986e+00   5.5721588515054454e-01   1.7946365612491957e+00   3.0151271964882524e+00   2.1531432149714771e+01   9.9999999997920108e-01
 -9.8750000000000000e+00   5.5721581837341272e-01   1.7946367763196913e+00   3.0151276512054372e+00   2.1531435246099907e+01   9.9999999997780264e-01
 -9.8499999999999996e+00   5.5721574936955032e-01   1.7946369985619184e+00   3.0151281210854877e+00   2.1531438445736189e+01   9.9999999997630995e-01
 -9.8249999999999993e+00   5.5721567810601191e-01   1.7946372280819907e+00   3.0151286063527443e+00   2.1531441750151263e+01   9.9999999997471700e-01
 -9.7999999999999989e+00   5.5721560445561735e-01   1.7946374652895256e+00   3.0151291078732378e+00   2.1531445165242339e+01   9.9999999997301692e-01
 -9.7749999999999986e+00   5.5721552837918109e-01   1.7946377103107352e+00   3.0151296259138003e+00   2.1531448692826405e+01   9.9999999997120248e-01
 -9.7500000000000000e+00   5.5721544979331949e-01   1.7946379634141816e+00   3.0151301610422312e+00   2.1531452336769878e+01   9.9999999996926603e-01
 -9.7249999999999996e+00   5.5721536861867871e-01   1.7946382248554487e+00   3.0151307137988881e+00   2.1531456100752312e+01   9.9999999996719968e-01
 -9.6999999999999993e+00   5.5721528474062687e-01   1.7946384950037417e+00   3.0151312849643541e+00   2.1531459990089061e+01   9.9999999996499400e-01
 -9.6749999999999989e+00   5.5721519809209363e-01   1.7946387740750840e+00   3.0151318749953426e+00   2.1531464007890111e+01   9.9999999996264022e-01
 -9.6499999999999986e+00   5.5721510857927536e-01   1.7946390623716000e+00   3.0151324845306080e+00   2.1531468158505035e+01   9.9999999996012789e-01
 -9.6250000000000000e+00   5.5721501611043256e-01   1.7946393601887667e+00   3.0151331141948470e+00   2.1531472446187696e+01   9.9999999995744704e-01
 -9.5999999999999996e+00   5.5721492059069888e-01   1.7946396678321326e+00   3.0151337646340499e+00   2.1531476875336946e+01   9.9999999995458577e-01
 -9.5749999999999993e+00   5.5721482189551841e-01   1.7946399857028692e+00   3.0151344366963775e+00   2.1531481451728315e+01   9.9999999995153199e-01
 -9.5499999999999989e+00   5.5721471994126814e-01   1.7946403140703149e+00   3.0151351309512582e+00   2.1531486179239312e+01   9.9999999994827282e-01
 -9.5249999999999986e+00   5.5721461461706157e-01   1.7946406532916170e+00   3.0151358481537707e+00   2.1531491063011625e+01   9.9999999994479483e-01
 -9.5000000000000000e+00   5.5721450581020948e-01   1.7946410037297302e+00   3.0151365890712696e+00   2.1531496108270535e+01   9.9999999994108268e-01
 -9.4749999999999996e+00   5.5721439339777223e-01   1.7946413657806242e+00   3.0151373545409093e+00   2.1531501320716625e+01   9.9999999993712085e-01
 -9.4499999999999993e+00   5.5721427726355477e-01   1.7946417398185468e+00   3.0151381453539163e+00   2.1531506705737737e+01   9.9999999993289235e-01
 -9.4249999999999989e+00   5.5721415729823087e-01   1.7946421261956240e+00   3.0151389622547460e+00   2.1531512268403212e+01   9.9999999992837985e-01
 -9.3999999999999986e+00   5.5721403335930653e-01   1.7946425253708089e+00   3.0151398062137069e+00   2.1531518015320344e+01   9.9999999992356392e-01
 -9.3750000000000000e+00   5.5721390532058845e-01   1.7946429377505542e+00   3.0151406780901091e+00   2.1531523952340585e+01   9.9999999991842414e-01
 -9.3499999999999996e+00   5.5721377306262665e-01   1.7946433637195962e+00   3.0151415786973450e+00   2.1531530085002707e+01   9.9999999991293886e-01
 -9.3249999999999993e+00   5.5721363641229071e-01   1.7946438038355634e+00   3.0151425092143405e+00   2.1531536421334582e+01   9.9999999990708488e-01
 -9.2999999999999989e+00   5.5721349525024599e-01   1.7946442584828235e+00   3.0151434704537028e+00   2.1531542966869630e+01   9.9999999990083688e-01
 -9.2749999999999986e+00   5.5721334940187883e-01   1.7946447282237854e+00   3.0151444636044586e+00   2.1531549729704508e+01   9.9999999989416855e-01
 -9.2500000000000000e+00   5.5721319874619590e-01   1.7946452134481623e+00   3.0151454894905094e+00   2.1531556715449543e+01   9.9999999988705190e-01
 -9.2249999999999996e+00   5.5721304309904585e-01   1.7946457147490853e+00   3.0151465493658289e+00   2.1531563932643643e+01   9.9999999987945687e-01
 -9.1999999999999993e+00   5.5721288231362953e-01   1.7946462325993855e+00   3.0151476442300420e+00   2.1531571388093724e+01   9.9999999987135113e-01
 -9.1749999999999989e+00   5.5721271620656143e-01   1.7946467675897317e+00   3.0151487753319079e+00   2.1531579090303186e+01   9.9999999986270016e-01
 -9.1499999999999986e+00   5.5721254459730984e-01   1.7946473203016038e+00   3.0151499439007532e+00   2.1531587047643086e+01   9.9999999985346744e-01
 -9.1250000000000000e+00   5.5721236731887047e-01   1.7946478912729154e+00   3.0151511510737885e+00   2.1531595267857245e+01   9.9999999984361410e-01
 -9.0999999999999996e+00   5.5721218417217044e-01   1.7946484811448677e+00   3.0151523982065958e+00   2.1531603760176456e+01   9.9999999983309806e-01
 -9.0749999999999993e+00   5.5721199497949214e-01   1.7946490904898851e+00   3.0151536865093385e+00   2.1531612532841301e+01   9.9999999982187504e-01
 -9.0499999999999989e+00   5.5721179952371291e-01   1.7946497200073086e+00   3.0151550174605086e+00   2.1531621595919525e+01   9.9999999980989718e-01
 -9.0249999999999986e+00   5.5721159759733352e-01   1.7946503703654884e+00   3.0151563924730662e+00   2.1531630959032650e+01   9.9999999979711385e-01
 -9.0000000000000000e+00   5.5721138899777034e-01   1.7946510422169448e+00   3.0151578129264993e+00   2.1531640631574266e+01   9.9999999978347109e-01
 -8.9749999999999996e+00   5.5721117349786642e-01   1.7946517362933481e+00   3.0151592803676279e+00   2.1531650624077400e+01   9.9999999976891085e-01
 -8.9499999999999993e+00   5.5721095087658612e-01   1.7946524533066563e+00   3.0151607963015881e+00   2.1531660946791245e+01   9.9999999975337184e-01
 -8.9249999999999989e+00   5.5721072087706502e-01   1.7946531940842281e+00   3.0151623624774917e+00   2.1531671611626326e+01   9.9999999973678733e-01
 -8.8999999999999986e+00   5.5721048327952871e-01   1.7946539593339681e+00   3.0151639803918875e+00   2.1531682628773357e+01   9.9999999971908793e-01
 -8.8750000000000000e+00   5.5721023782143364e-01   1.7946547499015353e+00   3.0151656518325582e+00   2.1531694010406198e+01   9.9999999970019815e-01
 -8.8499999999999996e+00   5.5720998424779844e-01   1.7946555666082378e+00   3.0151673785357942e+00   2.1531705768348075e+01   9.9999999968003839e-01
 -8.8249999999999993e+00   5.5720972228727972e-01   1.7946564103280875e+00   3.0151691623493000e+00   2.1531717915180892e+01   9.9999999965852293e-01
 -8.7999999999999989e+00   5.5720945165931668e-01   1.7946572819647895e+00   3.0151710051835487e+00   2.1531730463913952e+01   9.9999999963556052e-01
 -8.7749999999999986e+00   5.5720917207628107e-01   1.7946581824448173e+00   3.0151729089971364e+00   2.1531743427884280e+01   9.9999999961105401e-01
 -8.7500000000000000e+00   5.5720888325307927e-01   1.7946591126864877e+00   3.0151748757314016e+00   2.1531756820311358e+01   9.9999999958489982e-01
 -8.7249999999999996e+00   5.5720858487441627e-01   1.7946600737053973e+00   3.0151769075333372e+00   2.1531770655815095e+01   9.9999999955698671e-01
 -8.6999999999999993e+00   5.5720827662747063e-01   1.7946610665091824e+00   3.0151790065330935e+00   2.1531784948900679e+01   9.9999999952719643e-01
 -8.6749999999999989e+00   5.5720795817858459e-01   1.7946620921725978e+00   3.0151811750027036e+00   2.1531799715039476e+01   9.9999999949540286e-01
 -8.6499999999999986e+00   5.5720762920481193e-01   1.7946631517359064e+00   3.0151834151412626e+00   2.1531814969206160e+01   9.9999999946147167e-01
 -8.6250000000000000e+00   5.5720728934350483e-01   1.7946642463672513e+00   3.0151857294182105e+00   2.1531830728216324e+01   9.9999999942525852e-01
 -8.5999999999999996e+00   5.5720693824739453e-01   1.7946653771852525e+00   3.0151881201982662e+00   2.1531847008172459e+01   9.9999999938661022e-01
 -8.5749999999999993e+00   5.5720657553851016e-01   1.7946665454074260e+00   3.0151905900552123e+00   2.1531863826600674e+01   9.9999999934536343e-01
 -8.5499999999999989e+00   5.5720620082678696e-01   1.7946677522902510e+00   3.0151931416451849e+00   2.1531881201587854e+01   9.9999999930134253e-01
 -8.5249999999999986e+00   5.5720581372281885e-01   1.7946689990880971e+00   3.0151957776198350e+00   2.1531899151190359e+01   9.9999999925436156e-01
 -8.5000000000000000e+00   5.5720541381534439e-01   1.7946702871257385e+00   3.0151985007796367e+00   2.1531917694477940e+01   9.9999999920422100e-01
 -8.4749999999999996e+00   5.5720500068121537e-01   1.7946716177662478e+00   3.0152013140060068e+00   2.1531936851071535e+01   9.9999999915070903e-01
 -8.4499999999999993e+00   5.5720457388096889e-01   1.7946729924252594e+00   3.0152042202914568e+00   2.1531956641348575e+01   9.9999999909359838e-01
 -8.4249999999999989e+00   5.5720413295931048e-01   1.7946744125694136e+00   3.0152072227363038e+00   2.1531977086420586e+01   9.9999999903264714e-01
 -8.3999999999999986e+00   5.5720367745799515e-01   1.7946758796748701e+00   3.0152103244609543e+00   2.1531998207535903e+01   9.9999999896759728e-01
 -8.3750000000000000e+00   5.5720320689142699e-01   1.7946773953058988e+00   3.0152135287720614e+00   2.1532020027211093e+01   9.9999999889817315e-01
 -8.3499999999999996e+00   5.5720272075437172e-01   1.7946789610900409e+00   3.0152168391100060e+00   2.1532042568873340e+01   9.9999999882408019e-01
 -8.3249999999999993e+00   5.5720221854082697e-01   1.7946805786573310e+00   3.0152202589203978e+00   2.1532065855985444e+01   9.9999999874500456e-01
 -8.3000000000000007e+00   5.5720169971291567e-01   1.7946822497404893e+00   3.0152237918658971e+00   2.1532089913488186e+01   9.9999999866061140e-01
 -8.2749999999999986e+00   5.5720116372533790e-01   1.7946839760961657e+00   3.0152274416597096e+00   2.1532114766666556e+01   9.9999999857054334e-01
 -8.2500000000000000e+00   5.5720061000689469e-01   1.7946857595644523e+00   3.0152312121914004e+00   2.1532140442006448e+01   9.9999999847441812e-01
 -8.2249999999999996e+00   5.5720003797477813e-01   1.7946876020228582e+00   3.0152351074295858e+00   2.1532166966532046e+01   9.9999999837182885e-01
 -8.1999999999999993e+00   5.5719944702426261e-01   1.7946895054195131e+00   3.0152391314921285e+00   2.1532194368283839e+01   9.9999999826234087e-01
 -8.1750000000000007e+00   5.5719883652072533e-01   1.7946914717988727e+00   3.0152432887004768e+00   2.1532222676688619e+01   9.9999999814548957e-01
 -8.1499999999999986e+00   5.5719820582433244e-01   1.7946935032222078e+00   3.0152475834115631e+00   2.1532251921414801e+01   9.9999999802078055e-01
 -8.1250000000000000e+00   5.5719755426742645e-01   1.7946956018404396e+00   3.0152520201717845e+00   2.1532282133420967e+01   9.9999999788768512e-01
 -8.0999999999999996e+00   5.5719688115948363e-01   1.7946977698781754e+00   3.0152566036832442e+00   2.1532313344725967e+01   9.9999999774563930e-01
 -8.0749999999999993e+00   5.5719618578221197e-01   1.7947000096494992e+00   3.0152613388371332e+00   2.1532345588636243e+01   9.9999999759404079e-01
 -8.0500000000000007e+00   5.5719546740688042e-01   1.7947023235021593e+00   3.0152662305957283e+00   2.1532378898942287e+01   9.9999999743224777e-01
 -8.0249999999999986e+00   5.5719472526656633e-01   1.7947047139069598e+00   3.0152712841813685e+00   2.1532413311205495e+01   9.9999999725957411e-01
 -8.0000000000000000e+00   5.5719395857657639e-01   1.7947071833919890e+00   3.0152765049374040e+00   2.1532448861811268e+01   9.9999999707528808e-01
 -7.9749999999999996e+00   5.5719316652526996e-01   1.7947097345721805e+00   3.0152818983906804e+00   2.1532485588394518e+01   9.9999999687860897e-01
 -7.9499999999999993e+00   5.5719234827523922e-01   1.7947123701455152e+00   3.0152874702435057e+00   2.1532523529784971e+01   9.9999999666870321e-01
 -7.9249999999999998e+00   5.5719150295642417e-01   1.7947150929152023e+00   3.0152932264205305e+00   2.1532562726326386e+01   9.9999999644468129e-01
 -7.8999999999999995e+00   5.5719062967508792e-01   1.7947179057607727e+00   3.0152991730076342e+00   2.1532603219460405e+01   9.9999999620559366e-01
 -7.8750000000000000e+00   5.5718972750836004e-01   1.7947208116556601e+00   3.0153053162890795e+00   2.1532645051979546e+01   9.9999999595042766e-01
 -7.8499999999999996e+00   5.5718879549512323e-01   1.7947238136965595e+00   3.0153116628095700e+00   2.1532688268449814e+01   9.9999999567810094e-01
 -7.8249999999999993e+00   5.5718783265343441e-01   1.7947269150473186e+00   3.0153182192556227e+00   2.1532732914402871e+01   9.9999999538746021e-01
 -7.7999999999999998e+00   5.5718683795884305e-01   1.7947301190087797e+00   3.0153249926032069e+00   2.1532779037341403e+01   9.9999999507727333e-01
 -7.7749999999999995e+00   5.5718581035970438e-01   1.7947334289694610e+00   3.0153319900134710e+00   2.1532826686029068e+01   9.9999999474622581e-01
 -7.7500000000000000e+00   5.5718474876762025e-01   1.7947368484363533e+00   3.0153392188978350e+00   2.1532875910933747e+01   9.9999999439291465e-01
 -7.7249999999999996e+00   5.5718365205798714e-01   1.7947403810331608e+00   3.0153466869142576e+00   2.1532926764202113e+01   9.9999999401584272e-01
 -7.6999999999999993e+00   5.5718251906693217e-01   1.7947440305101781e+00   3.0153544019881022e+00   2.1532979299801720e+01   9.9999999361341163e-01
 -7.6749999999999998e+00   5.5718134859678803e-01   1.7947478007266604e+00   3.0153623722748533e+00   2.1533033573267147e+01   9.9999999318391564e-01
 -7.6499999999999995e+00   5.5718013940411182e-01   1.7947516956894252e+00   3.0153706062417047e+00   2.1533089642255518e+01   9.9999999272553453e-01
 -7.6250000000000000e+00   5.5717889021163292e-01   1.7947557195143746e+00   3.0153791125861971e+00   2.1533147565992532e+01   9.9999999223632596e-01
 -7.5999999999999996e+00   5.5717759969245118e-01   1.7947598764774038e+00   3.0153879003438244e+00   2.1533207406005147e+01   9.9999999171421594e-01
 -7.5749999999999993e+00   5.5717626647968554e-01   1.7947641709833304e+00   3.0153969788223280e+00   2.1533269225674193e+01   9.9999999115699134e-01
 -7.5499999999999998e+00   5.5717488916218616e-01   1.7947686075797169e+00   3.0154063576308969e+00   2.1533333090433199e+01   9.9999999056229116e-01
 -7.5249999999999995e+00   5.5717346627975339e-01   1.7947731909722817e+00   3.0154160467127240e+00   2.1533399067990086e+01   9.9999998992759420e-01
 -7.5000000000000000e+00   5.5717199632448944e-01   1.7947779260205561e+00   3.0154260563358006e+00   2.1533467228264477e+01   9.9999998925021016e-01
 -7.4749999999999996e+00   5.5717047773797646e-01   1.7947828177469864e+00   3.0154363971121336e+00   2.1533537643518571e+01   9.9999998852726768e-01
 -7.4499999999999993e+00   5.5716890891156834e-01   1.7947878713360081e+00   3.0154470799957580e+00   2.1533610388343583e+01   9.9999998775570276e-01
 -7.4249999999999998e+00   5.5716728818274441e-01   1.7947930921458037e+00   3.0154581163075660e+00   2.1533685539828845e+01   9.9999998693224468e-01
 -7.3999999999999995e+00   5.5716561383273844e-01   1.7947984857159558e+00   3.0154695177514532e+00   2.1533763177671734e+01   9.9999998605340257e-01
 -7.3750000000000000e+00   5.5716388408943773e-01   1.7948040577581241e+00   3.0154812963945750e+00   2.1533843384043244e+01   9.9999998511545141e-01
 -7.3499999999999996e+00   5.5716209711780307e-01   1.7948098141869222e+00   3.0154934647325851e+00   2.1533926244032212e+01   9.9999998411441526e-01
 -7.3249999999999993e+00   5.5716025102392341e-01   1.7948157611068738e+00   3.0155060356620225e+00   2.1534011845457286e+01   9.9999998304605020e-01
 -7.2999999999999998e+00   5.5715834385254881e-01   1.7948219048203802e+00   3.0155190224971125e+00   2.1534100278981352e+01   9.9999998190582762e-01
 -7.2749999999999995e+00   5.5715637358094572e-01   1.7948282518475334e+00   3.0155324390116074e+00   2.1534191638396422e+01   9.9999998068891338e-01
 -7.2500000000000000e+00   5.5715433811977511e-01   1.7948348089233104e+00   3.0155462994328084e+00   2.1534286020582947e+01   9.9999997939014851e-01
 -7.2249999999999996e+00   5.5715223531279601e-01   1.7948415829985511e+00   3.0155606184435837e+00   2.1534383525523541e+01   9.9999997800402651e-01
 -7.1999999999999993e+00   5.5715006293062708e-01   1.7948485812600794e+00   3.0155754112248490e+00   2.1534484256592272e+01   9.9999997652467154e-01
 -7.1749999999999998e+00   5.5714781866957064e-01   1.7948558111345188e+00   3.0155906934635750e+00   2.1534588320609160e+01   9.9999997494581117e-01
 -7.1499999999999995e+00   5.5714550015194919e-01   1.7948632802872355e+00   3.0156064813504968e+00   2.1534695827824610e+01   9.9999997326075174e-01
 -7.1250000000000000e+00   5.5714310491896557e-01   1.7948709966453706e+00   3.0156227916287306e+00   2.1534806892250447e+01   9.9999997146234831e-01
 -7.0999999999999996e+00   5.5714063043032402e-01   1.7948789683990924e+00   3.0156396415963567e+00   2.1534921631677509e+01   9.9999996954297576e-01
 -7.0749999999999993e+00   5.5713807406393456e-01   1.7948872040025838e+00   3.0156570491084298e+00   2.1535040167689338e+01   9.9999996749449593e-01
 -7.0499999999999998e+00   5.5713543310846092e-01   1.7948957121980860e+00   3.0156750326277257e+00   2.1535162626007732e+01   9.9999996530822288e-01
 -7.0249999999999995e+00   5.5713270476234711e-01   1.7949045020190733e+00   3.0156936112313688e+00   2.1535289136537894e+01   9.9999996297488525e-01
 -7.0000000000000000e+00   5.5712988613459336e-01   1.7949135827877964e+00   3.0157128046055486e+00   2.1535419833332430e+01   9.9999996048458972e-01
 -6.9749999999999996e+00   5.5712697423582414e-01   1.7949229641441016e+00   3.0157326331063414e+00   2.1535554855005525e+01   9.9999995782677531e-01
 -6.9499999999999993e+00   5.5712396597639779e-01   1.7949326560515697e+00   3.0157531177725847e+00   2.1535694344820605e+01   9.9999995499017114e-01
 -6.9249999999999998e+00   5.5712085816707380e-01   1.7949426687954162e+00   3.0157742803213305e+00   2.1535838450659387e+01   9.9999995196274738e-01
 -6.8999999999999995e+00   5.5711764751183679e-01   1.7949530130056659e+00   3.0157961431967113e+00   2.1535987325354625e+01   9.9999994873166553e-01
 -6.8750000000000000e+00   5.5711433060438342e-01   1.7949636996685290e+00   3.0158187295938639e+00   2.1536141126853014e+01   9.9999994528322100e-01
 -6.8499999999999996e+00   5.5711090392658458e-01   1.7949747401314171e+00   3.0158420634693992e+00   2.1536300018286482e+01   9.9999994160278860e-01
 -6.8249999999999993e+00   5.5710736384399207e-01   1.7949861461174872e+00   3.0158661695719999e+00   2.1536464168180562e+01   9.9999993767475803e-01
 -6.7999999999999998e+00   5.5710370660146968e-01   1.7949979297397873e+00   3.0158910734721709e+00   2.1536633750656954e+01   9.9999993348246841e-01
 -6.7749999999999995e+00   5.5709992831796873e-01   1.7950101035181663e+00   3.0159168015978142e+00   2.1536808945675791e+01   9.9999992900813661e-01
 -6.7500000000000000e+00   5.5709602498467659e-01   1.7950226803853175e+00   3.0159433812468381e+00   2.1536989939121487e+01   9.9999992423278306e-01
 -6.7249999999999996e+00   5.5709199246109853e-01   1.7950356736994915e+00   3.0159708406138366e+00   2.1537176922984408e+01   9.9999991913615038e-01
 -6.7000000000000002e+00   5.5708782646719246e-01   1.7950490972699278e+00   3.0159992088436471e+00   2.1537370095725592e+01   9.9999991369661678e-01
 -6.6749999999999998e+00   5.5708352258215610e-01   1.7950629653608623e+00   3.0160285160396114e+00   2.1537569662332977e+01   9.9999990789110593e-01
 -6.6499999999999995e+00   5.5707907623900133e-01   1.7950772927091130e+00   3.0160587933005187e+00   2.1537775834572980e+01   9.9999990169498665e-01
 -6.6250000000000000e+00   5.5707448271796112e-01   1.7950920945454358e+00   3.0160900727655027e+00   2.1537988831296222e+01   9.9999989508196985e-01
 -6.5999999999999996e+00   5.5706973714344554e-01   1.7951073866044529e+00   3.0161223876347698e+00   2.1538208878578654e+01   9.9999988802399620e-01
 -6.5750000000000002e+00   5.5706483447831012e-01   1.7951231851432474e+00   3.0161557722086272e+00   2.1538436209987360e+01   9.9999988049111710e-01
 -6.5499999999999998e+00   5.5705976951735647e-01   1.7951395069624441e+00   3.0161902619317411e+00   2.1538671066881889e+01   9.9999987245136668e-01
 -6.5249999999999995e+00   5.5705453688338091e-01   1.7951563694190853e+00   3.0162258934200441e+00   2.1538913698597504e+01   9.9999986387062656e-01
 -6.5000000000000000e+00   5.5704913102009879e-01   1.7951737904495881e+00   3.0162627045089154e+00   2.1539164362773263e+01   9.9999985471248065e-01
 -6.4749999999999996e+00   5.5704354618765728e-01   1.7951917885843689e+00   3.0163007342837367e+00   2.1539423325560083e+01   9.9999984493806027e-01
 -6.4500000000000002e+00   5.5703777645437069e-01   1.7952103829746531e+00   3.0163400231361717e+00   2.1539690862003969e+01   9.9999983450587826e-01
 -6.4249999999999998e+00   5.5703181569294635e-01   1.7952295934048259e+00   3.0163806127898645e+00   2.1539967256221015e+01   9.9999982337165394e-01
 -6.3999999999999995e+00   5.5702565757133649e-01   1.7952494403221151e+00   3.0164225463627332e+00   2.1540252801821595e+01   9.9999981148812245e-01
 -6.3750000000000000e+00   5.5701929554795315e-01   1.7952699448522267e+00   3.0164658683995551e+00   2.1540547802132242e+01   9.9999979880483569e-01
 -6.3499999999999996e+00   5.5701272286362036e-01   1.7952911288255100e+00   3.0165106249267684e+00   2.1540852570568809e+01   9.9999978526794697e-01
 -6.3250000000000002e+00   5.5700593253505959e-01   1.7953130147981988e+00   3.0165568634968301e+00   2.1541167430938557e+01   9.9999977081998148e-01
 -6.2999999999999998e+00   5.5699891734579210e-01   1.7953356260819930e+00   3.0166046332501693e+00   2.1541492717861988e+01   9.9999975539959129e-01
 -6.2749999999999995e+00   5.5699166984059478e-01   1.7953589867622071e+00   3.0166539849529386e+00   2.1541828777029927e+01   9.9999973894129535e-01
 -6.2500000000000000e+00   5.5698418231614333e-01   1.7953831217282246e+00   3.0167049710607299e+00   2.1542175965637398e+01   9.9999972137520010e-01
 -6.2249999999999996e+00   5.5697644681285341e-01   1.7954080567001147e+00   3.0167576457741303e+00   2.1542534652761923e+01   9.9999970262670079e-01
 -6.2000000000000002e+00   5.5696845510631388e-01   1.7954338182565841e+00   3.0168120650970591e+00   2.1542905219760769e+01   9.9999968261616479e-01
 -6.1749999999999998e+00   5.5696019869898161e-01   1.7954604338621090e+00   3.0168682868933203e+00   2.1543288060656046e+01   9.9999966125859230e-01
 -6.1499999999999995e+00   5.5695166881014435e-01   1.7954879318996770e+00   3.0169263709549514e+00   2.1543683582600110e+01   9.9999963846325324e-01
 -6.1250000000000000e+00   5.5694285636776353e-01   1.7955163416974946e+00   3.0169863790577693e+00   2.1544092206253822e+01   9.9999961413330185e-01
 -6.0999999999999996e+00   5.5693375199688844e-01   1.7955456935667762e+00   3.0170483750402624e+00   2.1544514366323749e+01   9.9999958816536216e-01
 -6.0750000000000002e+00   5.5692434601129437e-01   1.7955760188291716e+00   3.0171124248605321e+00   2.1544950511949914e+01   9.9999956044908866e-01
 -6.0499999999999998e+00   5.5691462840193362e-01   1.7956073498545007e+00   3.0171785966749352e+00   2.1545401107241290e+01   9.9999953086669480e-01
 -6.0249999999999995e+00   5.5690458882678018e-01   1.7956397200940293e+00   3.0172469609072352e+00   2.1545866631746716e+01   9.9999949929245091e-01
 -6.0000000000000000e+00   5.5689421659882432e-01   1.7956731641197494e+00   3.0173175903303537e+00   2.1546347581011549e+01   9.9999946559214725e-01
 -5.9749999999999996e+00   5.5688350067577930e-01   1.7957077176581779e+00   3.0173905601364623e+00   2.1546844467054978e+01   9.9999942962252197e-01
 -5.9500000000000002e+00   5.5687242964694450e-01   1.7957434176333655e+00   3.0174659480264374e+00   2.1547357818979144e+01   9.9999939123064863e-01
 -5.9249999999999998e+00   5.5686099172126102e-01   1.7957803022061096e+00   3.0175438342911951e+00   2.1547888183523010e+01   9.9999935025328401e-01
 -5.8999999999999995e+00   5.5684917471457307e-01   1.7958184108157742e+00   3.0176243018984352e+00   2.1548436125653026e+01   9.9999930651616975e-01
 -5.8750000000000000e+00   5.5683696603702393e-01   1.7958577842217291e+00   3.0177074365784677e+00   2.1549002229147554e+01   9.9999925983328963e-01
 -5.8499999999999996e+00   5.5682435267795682e-01   1.7958984645528908e+00   3.0177933269270305e+00   2.1549587097297021e+01   9.9999921000607261e-01
 -5.8250000000000002e+00   5.5681132119330712e-01   1.7959404953492890e+00   3.0178820644911393e+00   2.1550191353488522e+01   9.9999915682254603e-01
 -5.7999999999999998e+00   5.5679785768999213e-01   1.7959839216133786e+00   3.0179737438753893e+00   2.1550815641929635e+01   9.9999910005642711e-01
 -5.7749999999999995e+00   5.5678394781131868e-01   1.7960287898581391e+00   3.0180684628413181e+00   2.1551460628325074e+01   9.9999903946615665e-01
 -5.7500000000000000e+00   5.5676957672091265e-01   1.7960751481600115e+00   3.0181663224168385e+00   2.1552127000621851e+01   9.9999897479386468e-01
 -5.7249999999999996e+00   5.5675472908704815e-01   1.7961230462106246e+00   3.0182674270029493e+00   2.1552815469735918e+01   9.9999890576426731e-01
 -5.7000000000000002e+00   5.5673938906557852e-01   1.7961725353731164e+00   3.0183718844899654e+00   2.1553526770343634e+01   9.9999883208348750e-01
 -5.6749999999999998e+00   5.5672354028288673e-01   1.7962236687384769e+00   3.0184798063736165e+00   2.1554261661672339e+01   9.9999875343779721e-01
 -5.6499999999999995e+00   5.5670716581762913e-01   1.7962765011858828e+00   3.0185913078793623e+00   2.1555020928346888e+01   9.9999866949227201e-01
 -5.6250000000000000e+00   5.5669024818256851e-01   1.7963310894428430e+00   3.0187065080861015e+00   2.1555805381232013e+01   9.9999857988935714e-01
 -5.5999999999999996e+00   5.5667276930519771e-01   1.7963874921493539e+00   3.0188255300581135e+00   2.1556615858330797e+01   9.9999848424733240e-01
 -5.5750000000000002e+00   5.5665471050823190e-01   1.7964457699225953e+00   3.0189485009778942e+00   2.1557453225689233e+01   9.9999838215867731e-01
 -5.5499999999999998e+00   5.5663605248892678e-01   1.7965059854255363e+00   3.0190755522869925e+00   2.1558318378355203e+01   9.9999827318832069e-01
 -5.5249999999999995e+00   5.5661677529742870e-01   1.7965682034388004e+00   3.0192068198334301e+00   2.1559212241382369e+01   9.9999815687177263e-01
 -5.5000000000000000e+00   5.5659685831591865e-01   1.7966324909301057e+00   3.0193424440137222e+00   2.1560135770797238e+01   9.9999803271313115e-01
 -5.4749999999999996e+00   5.5657628023479688e-01   1.7966989171334085e+00   3.0194825699350480e+00   2.1561089954703469e+01   9.9999790018295054e-01
 -5.4500000000000002e+00   5.5655501902964732e-01   1.7967675536256922e+00   3.0196273475721105e+00   2.1562075814349985e+01   9.9999775871596464e-01
 -5.4249999999999998e+00   5.5653305193703284e-01   1.7968384744077011e+00   3.0197769319319563e+00   2.1563094405253352e+01   9.9999760770865764e-01
 -5.3999999999999995e+00   5.5651035542916938e-01   1.7969117559884766e+00   3.0199314832264346e+00   2.1564146818372084e+01   9.9999744651666567e-01
 -5.3750000000000000e+00   5.5648690518785837e-01   1.7969874774724859e+00   3.0200911670497015e+00   2.1565234181315390e+01   9.9999727445200337e-01
 -5.3499999999999996e+00   5.5646267607768807e-01   1.7970657206493206e+00   3.0202561545607058e+00   2.1566357659585783e+01   9.9999709078010102e-01
 -5.3250000000000002e+00   5.5643764211776925e-01   1.7971465700883540e+00   3.0204266226756529e+00   2.1567518457889687e+01   9.9999689471663755e-01
 -5.2999999999999998e+00   5.5641177645328543e-01   1.7972301132342350e+00   3.0206027542617351e+00   2.1568717821456595e+01   9.9999668542416009e-01
 -5.2749999999999995e+00   5.5638505132515204e-01   1.7973164405087492e+00   3.0207847383437341e+00   2.1569957037445974e+01   9.9999646200846914e-01
 -5.2500000000000000e+00   5.5635743803937066e-01   1.7974056454139380e+00   3.0209727703127043e+00   2.1571237436368243e+01   9.9999622351475914e-01
 -5.2249999999999996e+00   5.5632890693484760e-01   1.7974978246404718e+00   3.0211670521451106e+00   2.1572560393577017e+01   9.9999596892349396e-01
 -5.2000000000000002e+00   5.5629942735009963e-01   1.7975930781799336e+00   3.0213677926295452e+00   2.1573927330812921e+01   9.9999569714600012e-01
 -5.1749999999999998e+00   5.5626896758905386e-01   1.7976915094403656e+00   3.0215752075996121e+00   2.1575339717789408e+01   9.9999540701975720e-01
 -5.1499999999999995e+00   5.5623749488519991e-01   1.7977932253674966e+00   3.0217895201780327e+00   2.1576799073854982e+01   9.9999509730336611e-01
 -5.1250000000000000e+00   5.5620497536485636e-01   1.7978983365692214e+00   3.0220109610267811e+00   2.1578306969696506e+01   9.9999476667117260e-01
 -5.0999999999999996e+00   5.5617137400889161e-01   1.7980069574454813e+00   3.0222397686077458e+00   2.1579865029114160e+01   9.9999441370752151e-01
 -5.0750000000000002e+00   5.5613665461332207e-01   1.7981192063222178e+00   3.0224761894510337e+00   2.1581474930848458e+01   9.9999403690061617e-01
 -5.0499999999999998e+00   5.5610077974801364e-01   1.7982352055919266e+00   3.0227204784361943e+00   2.1583138410495216e+01   9.9999363463595459e-01
 -5.0249999999999995e+00   5.5606371071441152e-01   1.7983550818578584e+00   3.0229728990800546e+00   2.1584857262465587e+01   9.9999320518931656e-01
 -5.0000000000000000e+00   5.5602540750143392e-01   1.7984789660846949e+00   3.0232337238370603e+00   2.1586633342031206e+01   9.9999274671926608e-01
 -4.9749999999999996e+00   5.5598582873994296e-01   1.7986069937544045e+00   3.0235032344093069e+00   2.1588468567435346e+01   9.9999225725913865e-01
 -4.9500000000000002e+00   5.5594493165536274e-01   1.7987393050287084e+00   3.0237817220691832e+00   2.1590364922089950e+01   9.9999173470847458e-01
 -4.9249999999999998e+00   5.5590267201870169e-01   1.7988760449173700e+00   3.0240694879928856e+00   2.1592324456846686e+01   9.9999117682386229e-01
 -4.8999999999999995e+00   5.5585900409590849e-01   1.7990173634525832e+00   3.0243668436052764e+00   2.1594349292345250e+01   9.9999058120915063e-01
 -4.8750000000000000e+00   5.5581388059497716e-01   1.7991634158714045e+00   3.0246741109400701e+00   2.1596441621466056e+01   9.9998994530498164e-01
 -4.8499999999999996e+00   5.5576725261157867e-01   1.7993143628037618e+00   3.0249916230100546e+00   2.1598603711851229e+01   9.9998926637760188e-01
 -4.8250000000000002e+00   5.5571906957229245e-01   1.7994703704691060e+00   3.0253197241936549e+00   2.1600837908536921e+01   9.9998854150689820e-01
 -4.7999999999999998e+00   5.5566927917601072e-01   1.7996316108799053e+00   3.0256587706339362e+00   2.1603146636670296e+01   9.9998776757360430e-01
 -4.7749999999999995e+00   5.5561782733310128e-01   1.7997982620533968e+00   3.0260091306528780e+00   2.1605532404330532e+01   9.9998694124562093e-01
 -4.7500000000000000e+00   5.5556465810209965e-01   1.7999705082324076e+00   3.0263711851824624e+00   2.1607997805464294e+01   9.9998605896338422e-01
 -4.7249999999999996e+00   5.5550971362432600e-01   1.8001485401140420e+00   3.0267453282099028e+00   2.1610545522917516e+01   9.9998511692421921e-01
 -4.7000000000000002e+00   5.5545293405598317e-01   1.8003325550877578e+00   3.0271319672400168e+00   2.1613178331583917e+01   9.9998411106560425e-01
 -4.6749999999999998e+00   5.5539425749739635e-01   1.8005227574840166e+00   3.0275315237770704e+00   2.1615899101686100e+01   9.9998303704726810e-01
 -4.6499999999999995e+00   5.5533361992009489e-01   1.8007193588313395e+00   3.0279444338213093e+00   2.1618710802156681e+01   9.9998189023204076e-01
 -4.6250000000000000e+00   5.5527095509076974e-01   1.8009225781249998e+00   3.0283711483867712e+00   2.1621616504164308e+01   9.9998066566536803e-01
 -4.5999999999999996e+00   5.5520619449228992e-01   1.8011326421068721e+00   3.0288121340391219e+00   2.1624619384776036e+01   9.9997935805339055e-01
 -4.5750000000000002e+00   5.5513926724203044e-01   1.8013497855557361e+00   3.0292678734517975e+00   2.1627722730744392e+01   9.9997796173949360e-01
 -4.5499999999999998e+00   5.5507010000673118e-01   1.8015742515906970e+00   3.0297388659857720e+00   2.1630929942455257e+01   9.9997647067921058e-01
 -4.5250000000000004e+00   5.5499861691430730e-01   1.8018062919864928e+00   3.0302256282900828e+00   2.1634244538017139e+01   9.9997487841336785e-01
 -4.5000000000000000e+00   5.5492473946208498e-01   1.8020461675025476e+00   3.0307286949266956e+00   2.1637670157516187e+01   9.9997317803934138e-01
 -4.4749999999999996e+00   5.5484838642161260e-01   1.8022941482254398e+00   3.0312486190186902e+00   2.1641210567429980e+01   9.9997136218029270e-01
 -4.4500000000000002e+00   5.5476947373961305e-01   1.8025505139263676e+00   3.0317859729247254e+00   2.1644869665220281e+01   9.9996942295223845e-01
 -4.4249999999999998e+00   5.5468791443524790e-01   1.8028155544332418e+00   3.0323413489386133e+00   2.1648651484096778e+01   9.9996735192879416e-01
 -4.4000000000000004e+00   5.5460361849305473e-01   1.8030895700196787e+00   3.0329153600183618e+00   2.1652560197981476e+01   9.9996514010343007e-01
 -4.3750000000000000e+00   5.5451649275198323e-01   1.8033728718097239e+00   3.0335086405417795e+00   2.1656600126653966e+01   9.9996277784905463e-01
 -4.3499999999999996e+00   5.5442644078977465e-01   1.8036657822009905e+00   3.0341218470937910e+00   2.1660775741112634e+01   9.9996025487473417e-01
 -4.3250000000000002e+00   5.5433336280283219e-01   1.8039686353059803e+00   3.0347556592844565e+00   2.1665091669144946e+01   9.9995756017934045e-01
 -4.2999999999999998e+00   5.5423715548122821e-01   1.8042817774130078e+00   3.0354107806001069e+00   2.1669552701123227e+01   9.9995468200190119e-01
 -4.2750000000000004e+00   5.5413771187871730e-01   1.8046055674674375e+00   3.0360879392884881e+00   2.1674163796032015e+01   9.9995160776841585e-01
 -4.2500000000000000e+00   5.5403492127745801e-01   1.8049403775745119e+00   3.0367878892799318e+00   2.1678930087740788e+01   9.9994832403487521e-01
 -4.2249999999999996e+00   5.5392866904724136e-01   1.8052865935247626e+00   3.0375114111459380e+00   2.1683856891531370e+01   9.9994481642620958e-01
 -4.2000000000000002e+00   5.5381883649889274e-01   1.8056446153434496e+00   3.0382593130974298e+00   2.1688949710895535e+01   9.9994106957086171e-01
 -4.1749999999999998e+00   5.5370530073176261e-01   1.8060148578646906e+00   3.0390324320232627e+00   2.1694214244606712e+01   9.9993706703066798e-01
 -4.1500000000000004e+00   5.5358793447476229e-01   1.8063977513324747e+00   3.0398316345726855e+00   2.1699656394090976e+01   9.9993279122569623e-01
 -4.1250000000000000e+00   5.5346660592093977e-01   1.8067937420290276e+00   3.0406578182817947e+00   2.1705282271097598e+01   9.9992822335367038e-01
 -4.0999999999999996e+00   5.5334117855497778e-01   1.8072032929330308e+00   3.0415119127481791e+00   2.1711098205697787e+01   9.9992334330357657e-01
 -4.0750000000000002e+00   5.5321151097357202e-01   1.8076268844083614e+00   3.0423948808540522e+00   2.1717110754613536e+01   9.9991812956301851e-01
 -4.0500000000000007e+00   5.5307745669807507e-01   1.8080650149259292e+00   3.0433077200420477e+00   2.1723326709905159e+01   9.9991255911885712e-01
 -4.0250000000000004e+00   5.5293886397932834e-01   1.8085182018194783e+00   3.0442514636442106e+00   2.1729753108021001e+01   9.9990660735062864e-01
 -4.0000000000000000e+00   5.5279557559394554e-01   1.8089869820784297e+00   3.0452271822692012e+00   2.1736397239243569e+01   9.9990024791619703e-01
 -3.9749999999999996e+00   5.5264742863202454e-01   1.8094719131785579e+00   3.0462359852478649e+00   2.1743266657533116e+01   9.9989345262906171e-01
 -3.9499999999999993e+00   5.5249425427544085e-01   1.8099735739540548e+00   3.0472790221429373e+00   2.1750369190807923e+01   9.9988619132667944e-01
 -3.9250000000000007e+00   5.5233587756666902e-01   1.8104925655119990e+00   3.0483574843232497e+00   2.1757712951663819e+01   9.9987843172912927e-01
 -3.9000000000000004e+00   5.5217211716733949e-01   1.8110295121927413e+00   3.0494726066078290e+00   2.1765306348569641e+01   9.9987013928737467e-01
 -3.8750000000000000e+00   5.5200278510618694e-01   1.8115850625783225e+00   3.0506256689822369e+00   2.1773158097554600e+01   9.9986127702033711e-01
 -3.8499999999999996e+00   5.5182768651573921e-01   1.8121598905521352e+00   3.0518179983915816e+00   2.1781277234417740e+01   9.9985180533991491e-01
 -3.8249999999999993e+00   5.5164661935730908e-01   1.8127546964124261e+00   3.0530509706131781e+00   2.1789673127479791e+01   9.9984168186302891e-01
 -3.8000000000000007e+00   5.5145937413354840e-01   1.8133702080433352e+00   3.0543260122139033e+00   2.1798355490911703e+01   9.9983086120968323e-01
 -3.7750000000000004e+00   5.5126573358797637e-01   1.8140071821467754e+00   3.0556446025962516e+00   2.1807334398667230e+01   9.9981929478596365e-01
 -3.7500000000000000e+00   5.5106547239076820e-01   1.8146664055389885e+00   3.0570082761379478e+00   2.1816620299052563e+01   9.9980693055079872e-01
 -3.7249999999999996e+00   5.5085835681022510e-01   1.8153486965152961e+00   3.0584186244290654e+00   2.1826224029959928e+01   9.9979371276521622e-01
 -3.6999999999999993e+00   5.5064414436890508e-01   1.8160549062881675e+00   3.0598772986135940e+00   2.1836156834812428e+01   9.9977958172272063e-01
 -3.6750000000000007e+00   5.5042258348383377e-01   1.8167859205024253e+00   3.0613860118394141e+00   2.1846430379247099e+01   9.9976447345930652e-01
 -3.6500000000000004e+00   5.5019341308981573e-01   1.8175426608329026e+00   3.0629465418233517e+00   2.1857056768581558e+01   9.9974831944149500e-01
 -3.6250000000000000e+00   5.4995636224493138e-01   1.8183260866698272e+00   3.0645607335375331e+00   2.1868048566106705e+01   9.9973104623065090e-01
 -3.5999999999999996e+00   5.4971114971731772e-01   1.8191371968973848e+00   3.0662305020231959e+00   2.1879418812247245e+01   9.9971257512168676e-01
 -3.5749999999999993e+00   5.4945748355212887e-01   1.8199770317717889e+00   3.0679578353394548e+00   2.1891181044641296e+01   9.9969282175410223e-01
 -3.5500000000000007e+00   5.4919506061763723e-01   1.8208466749052281e+00   3.0697447976541192e+00   2.1903349319187178e+01   9.9967169569313630e-01
 -3.5250000000000004e+00   5.4892356612926729e-01   1.8217472553628853e+00   3.0715935324847696e+00   2.1915938232113479e+01   9.9964909997861084e-01
 -3.5000000000000000e+00   5.4864267315033144e-01   1.8226799498805917e+00   3.0735062660984855e+00   2.1928962943129395e+01   9.9962493063884739e-01
 -3.4749999999999996e+00   5.4835204206820798e-01   1.8236459852111078e+00   3.0754853110787992e+00   2.1942439199713814e+01   9.9959907616680654e-01
 -3.4499999999999993e+00   5.4805132004447787e-01   1.8246466406081161e+00   3.0775330700699723e+00   2.1956383362611888e+01   9.9957141695535234e-01
 -3.4250000000000007e+00   5.4774014043758401e-01   1.8256832504572518e+00   3.0796520397083866e+00   2.1970812432605712e+01   9.9954182468827857e-01
 -3.4000000000000004e+00   5.4741812219644159e-01   1.8267572070643816e+00   3.0818448147517370e+00   2.1985744078631978e+01   9.9951016168343254e-01
 -3.3750000000000000e+00   5.4708486922326471e-01   1.8278699636123570e+00   3.0841140924178467e+00   2.2001196667327033e+01   9.9947628018395529e-01
 -3.3499999999999996e+00   5.4673996970386074e-01   1.8290230372980514e+00   3.0864626769450134e+00   2.2017189294080410e+01   9.9944002159330070e-01
 -3.3249999999999993e+00   5.4638299540347945e-01   1.8302180126626098e+00   3.0888934843869040e+00   2.2033741815685577e+01   9.9940121564930928e-01
 -3.3000000000000007e+00   5.4601350092610523e-01   1.8314565451291562e+00   3.0914095476563870e+00   2.2050874884685765e+01   9.9935967953219174e-01
 -3.2750000000000004e+00   5.4563102293517929e-01   1.8327403647625797e+00   3.0940140218320047e+00   2.2068609985508260e+01   9.9931521690081149e-01
 -3.2500000000000000e+00   5.4523507933327797e-01   1.8340712802683490e+00   3.0967101897439315e+00   2.2086969472501860e+01   9.9926761685115095e-01
 -3.2249999999999996e+00   5.4482516839840345e-01   1.8354511832477423e+00   3.0995014678553838e+00   2.2105976609986147e+01   9.9921665279027849e-01
 -3.1999999999999993e+00   5.4440076787418890e-01   1.8368820527290295e+00   3.1023914124578416e+00   2.2125655614437736e+01   9.9916208121853867e-01
 -3.1750000000000007e+00   5.4396133401128954e-01   1.8383659599953215e+00   3.1053837261986725e+00   2.2146031698939936e+01   9.9910364041199762e-01
 -3.1500000000000004e+00   5.4350630055690008e-01   1.8399050737320923e+00   3.1084822649619888e+00   2.2167131120037787e+01   9.9904104899645341e-01
 -3.1250000000000000e+00   5.4303507768932979e-01   1.8415016655187415e+00   3.1116910451236293e+00   2.2188981227140665e+01   9.9897400440350226e-01
 -3.0999999999999996e+00   5.4254705089411170e-01   1.8431581156915529e+00   3.1150142512042658e+00   2.2211610514635925e+01   9.9890218119826202e-01
 -3.0749999999999993e+00   5.4204157977816358e-01   1.8448769196069070e+00   3.1184562439443453e+00   2.2235048676875007e+01   9.9882522926737827e-01
 -3.0500000000000007e+00   5.4151799681808654e-01   1.8466606943368724e+00   3.1220215688275177e+00   2.2259326666213497e+01   9.9874277185485483e-01
 -3.0250000000000004e+00   5.4097560603849071e-01   1.8485121858319975e+00   3.1257149650805425e+00   2.2284476754295788e+01   9.9865440343206791e-01
 -3.0000000000000000e+00   5.4041368161601677e-01   1.8504342765891255e+00   3.1295413751791705e+00   2.2310532596785109e+01   9.9855968738701673e-01
 -2.9749999999999996e+00   5.3983146640437640e-01   1.8524299938657540e+00   3.1335059548918438e+00   2.2337529301755861e+01   9.9845815351642064e-01
 -2.9499999999999993e+00   5.3922817037543569e-01   1.8545025184862904e+00   3.1376140838950963e+00   2.2365503501978921e+01   9.9834929530268968e-01
 -2.9250000000000007e+00   5.3860296897109905e-01   1.8566551942896161e+00   3.1418713769963604e+00   2.2394493431343051e+01   9.9823256695604612e-01
 -2.9000000000000004e+00   5.3795500136031726e-01   1.8588915382723792e+00   3.1462836960028269e+00   2.2424539005675594e+01   9.9810738020014467e-01
 -2.8750000000000000e+00   5.3728336859530879e-01   1.8612152514871858e+00   3.1508571622766075e+00   2.2455681908236553e+01   9.9797310077741497e-01
 -2.8499999999999996e+00   5.3658713166056338e-01   1.8636302307610768e+00   3.1555981700199953e+00   2.2487965680184221e+01   9.9782904464800015e-01
 -2.8249999999999993e+00   5.3586530940794552e-01   1.8661405813055092e+00   3.1605134003363280e+00   2.2521435816322274e+01   9.9767447385357622e-01
 -2.8000000000000007e+00   5.3511687637068894e-01   1.8687506302964640e+00   3.1656098361155336e+00   2.2556139866462516e+01   9.9750859201447861e-01
 -2.7750000000000004e+00   5.3434076044870138e-01   1.8714649415108648e+00   3.1708947777959908e+00   2.2592127542754874e+01   9.9733053942540451e-01
 -2.7500000000000000e+00   5.3353584045716995e-01   1.8742883311140479e+00   3.1763758600572380e+00   2.2629450833355975e+01   9.9713938771147870e-01
 -2.7249999999999996e+00   5.3270094352990660e-01   1.8772258847029029e+00   3.1820610695018274e+00   2.2668164122833264e+01   9.9693413400261277e-01
 -2.6999999999999993e+00   5.3183484236853196e-01   1.8802829757194728e+00   3.1879587633869355e+00   2.2708324319717470e+01   9.9671369457985937e-01
 -2.6750000000000007e+00   5.3093625232803854e-01   1.8834652853618872e+00   3.1940776894701499e+00   2.2749990991641940e+01   9.9647689794275218e-01
 -2.6500000000000004e+00   5.3000382832879522e-01   1.8867788241326364e+00   3.2004270070370926e+00   2.2793226508529756e+01   9.9622247724146706e-01
 -2.6250000000000000e+00   5.2903616158464384e-01   1.8902299551786002e+00   3.2070163091813666e+00   2.2838096194308424e+01   9.9594906201191935e-01
 -2.5999999999999996e+00   5.2803177613623598e-01   1.8938254195936739e+00   3.2138556464107100e+00   2.2884668487655393e+01   9.9565516914562735e-01
 -2.5749999999999993e+00   5.2698912517834362e-01   1.8975723638729358e+00   3.2209555516560791e+00   2.2933015112296793e+01   9.9533919301922824e-01
 -2.5500000000000007e+00   5.2590658716952432e-01   1.9014783697273849e+00   3.2283270667627875e+00   2.2983211257398153e+01   9.9499939470090404e-01
 -2.5250000000000004e+00   5.2478246171212684e-01   1.9055514864910961e+00   3.2359817705455018e+00   2.3035335768604185e+01   9.9463389014256609e-01
 -2.5000000000000000e+00   5.2361496519046657e-01   1.9098002663775029e+00   3.2439318084899753e+00   2.3089471350291994e+01   9.9424063725742085e-01
 -2.4749999999999996e+00   5.2240222615479925e-01   1.9142338028698944e+00   3.2521899241857626e+00   2.3145704779611336e+01   9.9381742177241605e-01
 -2.4499999999999993e+00   5.2114228043876198e-01   1.9188617725625263e+00   3.2607694925738797e+00   2.3204127132883738e+01   9.9336184173396869e-01
 -2.4250000000000007e+00   5.1983306599814638e-01   1.9236944808038929e+00   3.2696845550920490e+00   2.3264834024923132e+01   9.9287129053326739e-01
 -2.4000000000000004e+00   5.1847241745929740e-01   1.9287429115330033e+00   3.2789498567972388e+00   2.3327925861820862e+01   9.9234293830423237e-01
 -2.3750000000000000e+00   5.1705806036617641e-01   1.9340187817434040e+00   3.2885808855401399e+00   2.3393508107703269e+01   9.9177371153287153e-01
 -2.3499999999999996e+00   5.1558760511624824e-01   1.9395346010587911e+00   3.2985939132585909e+00   2.3461691565918244e+01   9.9116027070124557e-01
 -2.3249999999999993e+00   5.1405854057692923e-01   1.9453037369590191e+00   3.3090060394462117e+00   2.3532592675033769e+01   9.9049898577254336e-01
 -2.3000000000000007e+00   5.1246822737654052e-01   1.9513404862566071e+00   3.3198352368374882e+00   2.3606333819929354e+01   9.8978590930586019e-01
 -2.2750000000000004e+00   5.1081389086659890e-01   1.9576601534924860e+00   3.3311003993308721e+00   2.3683043658127165e+01   9.8901674697025599e-01
 -2.2500000000000000e+00   5.0909261375612691e-01   1.9642791369961514e+00   3.3428213921452627e+00   2.3762857461331301e+01   9.8818682520762635e-01
 -2.2249999999999996e+00   5.0730132842352338e-01   1.9712150234409487e+00   3.3550191041721265e+00   2.3845917471918252e+01   9.8729105577305476e-01
 -2.1999999999999993e+00   5.0543680891789322e-01   1.9784866918199604e+00   3.3677155024422403e+00   2.3932373273826773e+01   9.8632389685994837e-01
 -2.1750000000000007e+00   5.0349566266959600e-01   1.9861144278738705e+00   3.3809336885724992e+00   2.4022382176931028e+01   9.8527931049576578e-01
 -2.1500000000000004e+00   5.0147432193973007e-01   1.9941200501193070e+00   3.3946979569904396e+00   2.4116109613518965e+01   9.8415071587320702e-01
 -2.1250000000000000e+00   4.9936903505070185e-01   2.0025270487555726e+00   3.4090338546494543e+00   2.4213729544921570e+01   9.8293093826216871e-01
 -2.0999999999999996e+00   4.9717585745533688e-01   2.0113607388706192e+00   3.4239682418434527e+00   2.4315424875628771e+01   9.8161215313073769e-01
 -2.0749999999999993e+00   4.9489064272096689e-01   2.0206484295235057e+00   3.4395293536004932e+00   2.4421387871347797e+01   9.8018582509055918e-01
 -2.0500000000000007e+00   4.9250903352821368e-01   2.0304196104510930e+00   3.4557468609763351e+00   2.4531820576380078e+01   9.7864264127513634e-01
 -2.0250000000000004e+00   4.9002645281262336e-01   2.0407061583313761e+00   3.4726519313752555e+00   2.4646935224374310e+01   9.7697243876167428e-01
 -2.0000000000000000e+00   4.8743809521207426e-01   2.0515425647331087e+00   3.4902772867887077e+00   2.4766954634901133e+01   9.7516412566151656e-01
 -1.9749999999999996e+00   4.8473891902497818e-01   2.0629661880903583e+00   3.5086572585557483e+00   2.4892112586342844e+01   9.7320559553552877e-01
 -1.9499999999999993e+00   4.8192363893536483e-01   2.0750175322570534e+00   3.5278278369013853e+00   2.5022654153223559e+01   9.7108363484480631e-01
 -1.9250000000000007e+00   4.7898671982239205e-01   2.0877405544162047e+00   3.5478267130905663e+00   2.5158835993255700e+01   9.6878382323116585e-01
 -1.9000000000000004e+00   4.7592237204571042e-01   2.1011830053325462e+00   3.5686933115323654e+00   2.5300926565952643e+01   9.6629042654540742e-01
 -1.8750000000000000e+00   4.7272454868639058e-01   2.1153968051348406e+00   3.5904688085678202e+00   2.5449206260564026e+01   9.6358628271594327e-01
 -1.8499999999999996e+00   4.6938694532816594e-01   2.1304384579781241e+00   3.6131961339595522e+00   2.5603967406219279e+01   9.6065268079068022e-01
 -1.8249999999999993e+00   4.6590300308807481e-01   2.1463695090434070e+00   3.6369199502546885e+00   2.5765514131399961e+01   9.5746923380890325e-01
 -1.8000000000000007e+00   4.6226591575172099e-01   2.1632570473508399e+00   3.6616866041974836e+00   2.5934162033085244e+01   9.5401374658920801e-01
 -1.7750000000000004e+00   4.5846864203887294e-01   2.1811742577482787e+00   3.6875440432070352e+00   2.6110237608009022e+01   9.5026208008048152e-01
 -1.7500000000000000e+00   4.5450392422232616e-01   2.2002010251309465e+00   3.7145416885926110e+00   2.6294077389322929e+01   9.4618801464680313e-01
 -1.7249999999999996e+00   4.5036431454825582e-01   2.2204245933718436e+00   3.7427302556449296e+00   2.6486026721512442e+01   9.4176311557983972e-01
 -1.6999999999999993e+00   4.4604221116033815e-01   2.2419402804918196e+00   3.7721615090117657e+00   2.6686438094633303e+01   9.3695660529487979e-01
 -1.6750000000000007e+00   4.4152990551092652e-01   2.2648522501388144e+00   3.8028879398527509e+00   2.6895668945905300e+01   9.3173524811331643e-01
 -1.6500000000000004e+00   4.3681964354641917e-01   2.2892743373014857e+00   3.8349623491991633e+00   2.7114078822611347e+01   9.2606325531143741e-01
 -1.6250000000000000e+00   4.3190370327020572e-01   2.3153309231395598e+00   3.8684373197910116e+00   2.7342025785585488e+01   9.1990222026426849e-01
 -1.5999999999999996e+00   4.2677449160222136e-01   2.3431578495840801e+00   3.9033645565143584e+00   2.7579861917937595e+01   9.1321109607024742e-01
 -1.5749999999999993e+00   4.2142466374137066e-01   2.3729033586266381e+00   3.9397940736059227e+00   2.7827927790343733e+01   9.0594623101709959e-01
 -1.5500000000000007e+00   4.1584726846137043e-01   2.4047290335703950e+00   3.9777732052647257e+00   2.8086545723831247e+01   8.9806148062106861e-01
 -1.5250000000000004e+00   4.1003592287867274e-01   2.4388107095092111e+00   4.0173454155743507e+00   2.8356011685974600e+01   8.8950841865891361e-01
 -1.5000000000000000e+00   4.0398502015025223e-01   2.4753393074527237e+00   4.0585488841901309e+00   2.8636585660168162e+01   8.8023667344514189e-01
 -1.4749999999999996e+00   3.9768997319337934e-01   2.5145215303523467e+00   4.1014148467355378e+00   2.8928480344597496e+01   8.7019441929045926e-01
 -1.4499999999999993e+00   3.9114749674646293e-01   2.5565803394318740e+00   4.1459656741160291e+00   2.9231848073375758e+01   8.5932905614282984e-01
 -1.4250000000000007e+00   3.8435592876096386e-01   2.6017551055441466e+00   4.1922126840089637e+00   2.9546765913939794e+01   8.4758811216907493e-01
 -1.4000000000000004e+00   3.7731559005977294e-01   2.6503013030592872e+00   4.2401536917790068e+00   2.9873218990070718e+01   8.3492040352445895e-01
 -1.3750000000000000e+00   3.7002917824125892e-01   2.7024895840727465e+00   4.2897703281985056e+00   3.0211082216978856e+01   8.2127748153068203e-01
 -1.3499999999999996e+00   3.6250218779515697e-01   2.7586040406605239e+00   4.3410251786790059e+00   3.0560100820973346e+01   8.0661538842099345e-01
 -1.3250000000000011e+00   3.5474334323707196e-01   2.8189394362552096e+00   4.3938588338528390e+00   3.0919870255472294e+01   7.9089672703474956e-01
 -1.3000000000000007e+00   3.4676502580525093e-01   2.8837971697919063e+00   4.4481869839922776e+00   3.1289816415523710e+01   7.7409302574758654e-01
 -1.2750000000000004e+00   3.3858366715758759e-01   2.9534797363233953e+00   4.5038977381397727e+00   3.1669177382490858e+01   7.5618734638973539e-01
 -1.2500000000000000e+00   3.3022007613648791e-01   3.0282834759770205e+00   4.5608493990108867e+00   3.2056988272310278e+01   7.3717703991703054e-01
 -1.2249999999999996e+00   3.2169965801586525e-01   3.1084894717254659e+00   4.6188689700374468e+00   3.2452071069239977e+01   7.1707650402467549e-01
 -1.2000000000000011e+00   3.1305248113010159e-01   3.1943525775296751e+00   4.6777517016593233e+00   3.2853031536344815e+01   6.9591974330865702e-01
 -1.1750000000000007e+00   3.0431314520142200e-01   3.2860887403930890e+00   4.7372619879458302e+00   3.3258265321017177e+01   6.7376248385787585e-01
 -1.1500000000000004e+00   2.9552041095385739e-01   3.3838610225678800e+00   4.7971358887300521e+00   3.3665975129386716e+01   6.5068356140952921e-01
 -1.1250000000000000e+00   2.8671656334054563e-01   3.4877650190451566e+00   4.8570854656963789e+00   3.4074200252798370e+01   6.2678529856201115e-01
 -1.0999999999999996e+00   2.7794650158982376e-01   3.5978146667797897e+00   4.9168049786885595e+00   3.4480858761414865e+01   6.0219262450203925e-01
 -1.0750000000000011e+00   2.6925657735293684e-01   3.7139297016659962e+00   4.9759787973133953e+00   3.4883801378081380e+01   5.7705077804611982e-01
 -1.0500000000000007e+00   2.6069323448035819e-01   3.8359261681389913e+00   5.0342906633493847e+00   3.5280874550462165e+01   5.5152157004431324e-01
 -1.0250000000000004e+00   2.5230153528055510e-01   3.9635113551251946e+00   5.0914337261502656e+00   3.5669988786866405e+01   5.2577835026446562e-01
 -1.0000000000000000e+00   2.4412368218442299e-01   4.0962842730044970e+00   5.1471206093335455e+00   3.6049187205108346e+01   5.0000000000009126e-01
 -9.7499999999999964e-01   2.3619765449118327e-01   4.2337422958504769e+00   5.2010926938247231e+00   3.6416708745161429e+01   4.7436441998182383e-01
 -9.5000000000000107e-01   2.2855607341542328e-01   4.3752939270285811e+00   5.2531278462906776e+00   3.6771040795729348e+01   4.4904206974058758e-01
 -9.2500000000000071e-01   2.2122538480219067e-01   4.5202769153013476e+00   5.3030459844204954e+00   3.7110957090884710e+01   4.2419011684811631e-01
 -9.0000000000000036e-01   2.1422541161093206e-01   4.6679802945887738e+00   5.3507121242747413e+00   3.7435538460916497e+01   3.9994766943028326e-01
 -8.7500000000000000e-01   2.0756928480420475e-01   4.8176684760622299e+00   5.3960368508970173e+00   3.7744176036947614e+01   3.7643241128502053e-01
 -8.4999999999999964e-01   2.0126371999736639e-01   4.9686053701734485e+00   5.4389744344749227e+00   3.8036558422980697e+01   3.5373876982185509e-01
 -8.2500000000000107e-01   1.9530957530588566e-01   5.1200766702494844e+00   5.4795190316929450e+00   3.8312645829107012e+01   3.3193756189203610e-01
 -8.0000000000000071e-01   1.8970260746080367e-01   5.2714088297738337e+00   5.5176995369834065e+00   3.8572635011230389e+01   3.1107691417137612e-01
 -7.7500000000000036e-01   1.8443433906838386e-01   5.4219838076315270e+00   5.5535736769438815e+00   3.8816919057152475e+01   2.9118416202661496e-01
 -7.5000000000000000e-01   1.7949295749128191e-01   5.5712492232380235e+00   5.5872218894286760e+00   3.9046045706401422e+01   2.7226839695089255e-01
 -7.2499999999999964e-01   1.7486418115458127e-01   5.7187240599948392e+00   5.6187414244598557e+00   3.9260677180535239e+01   2.5432334834854514e-01
 -7.0000000000000107e-01   1.7053204776119452e-01   5.8640004217879058e+00   5.6482409768944688e+00   3.9461553634425357e+01   2.3733033453620267e-01
 -6.7500000000000071e-01   1.6647959730857342e-01   6.0067420642931939e+00   5.6758360354395876e+00   3.9649461485492594e+01   2.2126108309488568e-01
 -6.5000000000000036e-01   1.6268943854223508e-01   6.1466805034205985e+00   5.7016450254013895e+00   3.9825207147854897e+01   2.0608028788527297e-01
 -6.2500000000000000e-01   1.5914419943151356e-01   6.2836094785241734e+00   5.7257862411819609e+00   3.9989596144242093e+01   1.9174782958803871e-01
 -5.9999999999999964e-01   1.5582687027046066e-01   6.4173784551043838e+00   5.7483755099424156e+00   4.0143417196769200e+01   1.7822063374574576e-01
 -5.7500000000000107e-01   1.5272105257498217e-01   6.5478857245894462e+00   5.7695244967441566e+00   4.0287430685838878e+01   1.6545417385448580e-01
 -5.5000000000000071e-01   1.4981112883399342e-01   6.6750715236122797e+00   5.7893395486326940e+00   4.0422360778959472e+01   1.5340364832614001e-01
 -5.2500000000000036e-01   1.4708236818764392e-01   6.7989114692811148e+00   5.8079209750244525e+00   4.0548890530557230e+01   1.4202487150405185e-01
 -5.0000000000000000e-01   1.4452098196082647e-01   6.9194104996536607e+00   5.8253626695527521e+00   4.0667659306946142e+01   1.3127492302984900e-01
 -4.7499999999999964e-01   1.4211414122906552e-01   7.0365974233919353e+00   5.8417519904533348e+00   4.0779261971816176e+01   1.2111259915290119e-01
 -4.5000000000000107e-01   1.3984996662704383e-01   7.1505201189416843e+00   5.8571698299629444e+00   4.0884249358801192e+01   1.1149870600226787e-01
 -4.2500000000000071e-01   1.3771749867721211e-01   7.2612413789466270e+00   5.8716908163659083e+00   4.0983129647309951e+01   1.0239622984272917e-01
 -4.0000000000000036e-01   1.3570665515855235e-01   7.3688353664870290e+00   5.8853836042904577e+00   4.1076370339291628e+01   9.3770413886585621e-02
 -3.7500000000000000e-01   1.3380818051889726e-01   7.4733846325544615e+00   5.8983112191842615e+00   4.1164400604933128e+01   8.5588765936538469e-02
 -3.4999999999999964e-01   1.3201359107439123e-01   7.5749776357230374e+00   5.9105314304772989e+00   4.1247613823702267e+01   7.7821016326551765e-02
 -3.2500000000000107e-01   1.3031511872400042e-01   7.6737067025809935e+00   5.9220971348564806e+00   4.1326370194246572e+01   7.0439041457250273e-02
 -3.0000000000000071e-01   1.2870565510808124e-01   7.7696663690514987e+00   5.9330567365164590e+00   4.1400999323701484e+01   6.3416764723551247e-02
 -2.7500000000000036e-01   1.2717869752496919e-01   7.8629520466953080e+00   5.9434545154392433e+00   4.1471802735481099e+01   5.6730043770642370e-02
 -2.5000000000000000e-01   1.2572829745531430e-01   7.9536589633325372e+00   5.9533309779164298e+00   4.1539056256150388e+01   5.0356550721543589e-02
 -2.2499999999999964e-01   1.2434901220022250e-01   8.0418813330807524e+00   5.9627231858680556e+00   4.1603012257913569e+01   4.4275650213649695e-02
 -2.0000000000000107e-01   1.2303585988998833e-01   8.1277117166827875e+00   5.9716650632094872e+00   4.1663901744811675e+01   3.8468278680721037e-02
 -1.7500000000000071e-01   1.2178427794353094e-01   8.2112405384846223e+00   5.9801876787208421e+00   4.1721936278914676e+01   3.2916827244988345e-02
 -1.5000000000000036e-01   1.2059008493692840e-01   8.2925557314519249e+00   5.9883195057022309e+00   4.1777309748437311e+01   2.7605029775042970e-02
 -1.2500000000000000e-01   1.1944944575870874e-01   8.3717424861060330e+00   5.9960866592479256e+00   4.1830199983451465e+01   2.2517857062987374e-02
 -9.9999999999999645e-02   1.1835883987892254e-01   8.4488830831982575e+00   6.0035131123172985e+00   4.1880770227215798e+01   1.7641417632819401e-02
 -7.5000000000001066e-02   1.1731503253014355e-01   8.5240567933444904e+00   6.0106208919770721e+00   4.1929170472482312e+01   1.2962865374010289e-02
 -5.0000000000000711e-02   1.1631504858510322e-01   8.5973398297498775e+00   6.0174302572809015e+00   4.1975538672762895e+01   8.4703139701348285e-03
 -2.5000000000000355e-02   1.1535614891293790e-01   8.6688053426152809e+00   6.0239598602709101e+00   4.2020001838665173e+01   4.1527579390061844e-03
  0.0000000000000000e+00   1.1443580900050836e-01   8.7385234458870968e+00   6.0302268915552721e+00   4.2062677029199385e+01   0.0000000000000000e+00
