# First column is time, second column is the perturbation of detonation velocity.
  0.0000000000000000e+00   1.0000000000000000e-10
  5.0000000000000001e-03   1.0022642078160076e-10
  1.0000000000000000e-02   1.0043826822134699e-10
  1.4999999999999999e-02   1.0066053100594261e-10
  2.0000000000000000e-02   1.0089479215409822e-10
  2.5000000000000001e-02   1.0112704178470178e-10
  2.9999999999999999e-02   1.0135850239503225e-10
  3.5000000000000003e-02   1.0159622966536271e-10
  4.0000000000000001e-02   1.0183918351771104e-10
  4.4999999999999998e-02   1.0208383682797280e-10
  5.0000000000000003e-02   1.0233096379530301e-10
  5.5000000000000000e-02   1.0258239763118444e-10
  5.9999999999999998e-02   1.0283770452618220e-10
  6.5000000000000002e-02   1.0309599432429701e-10
  7.0000000000000007e-02   1.0335754105901757e-10
  7.4999999999999997e-02   1.0362280764117569e-10
  8.0000000000000002e-02   1.0389167667734918e-10
  8.5000000000000006e-02   1.0416396332321885e-10
  8.9999999999999997e-02   1.0443975962330682e-10
  9.5000000000000001e-02   1.0471916124479498e-10
  1.0000000000000001e-01   1.0500212600262053e-10
  1.0500000000000000e-01   1.0528862822216815e-10
  1.1000000000000000e-01   1.0557871284902572e-10
  1.1500000000000000e-01   1.0587240148878731e-10
  1.2000000000000000e-01   1.0616966855497223e-10
  1.2500000000000000e-01   1.0647049876976674e-10
  1.3000000000000000e-01   1.0677490278456368e-10
  1.3500000000000001e-01   1.0708288490026361e-10
  1.4000000000000001e-01   1.0739443008342776e-10
  1.4499999999999999e-01   1.0770951792212002e-10
  1.4999999999999999e-01   1.0802813130828654e-10
  1.5500000000000000e-01   1.0835025299964380e-10
  1.6000000000000000e-01   1.0867586178822382e-10
  1.6500000000000001e-01   1.0900493131882852e-10
  1.7000000000000001e-01   1.0933742942512435e-10
  1.7500000000000002e-01   1.0967331912149253e-10
  1.7999999999999999e-01   1.1001256095260104e-10
  1.8500000000000000e-01   1.1035511326357447e-10
  1.9000000000000000e-01   1.1070092978757725e-10
  1.9500000000000001e-01   1.1104995790243346e-10
  2.0000000000000001e-01   1.1140213947567681e-10
  2.0500000000000002e-01   1.1175741250363704e-10
  2.0999999999999999e-01   1.1211571129683121e-10
  2.1500000000000000e-01   1.1247696530530852e-10
  2.2000000000000000e-01   1.1284109813565349e-10
  2.2500000000000001e-01   1.1320802763373836e-10
  2.3000000000000001e-01   1.1357766656451724e-10
  2.3500000000000001e-01   1.1394992294853683e-10
  2.3999999999999999e-01   1.1432469970874248e-10
  2.4500000000000000e-01   1.1470189409405594e-10
  2.5000000000000000e-01   1.1508139750010279e-10
  2.5500000000000000e-01   1.1546309576082735e-10
  2.6000000000000001e-01   1.1584686946677448e-10
  2.6500000000000001e-01   1.1623259394844358e-10
  2.7000000000000002e-01   1.1662013903075782e-10
  2.7500000000000002e-01   1.1700936891107507e-10
  2.8000000000000003e-01   1.1740014231501167e-10
  2.8500000000000003e-01   1.1779231276464677e-10
  2.8999999999999998e-01   1.1818572873133633e-10
  2.9499999999999998e-01   1.1858023364616534e-10
  2.9999999999999999e-01   1.1897566592413718e-10
  3.0499999999999999e-01   1.1937185912967368e-10
  3.1000000000000000e-01   1.1976864225141935e-10
  3.1500000000000000e-01   1.2016583996686815e-10
  3.2000000000000001e-01   1.2056327284004340e-10
  3.2500000000000001e-01   1.2096075750562082e-10
  3.3000000000000002e-01   1.2135810691962421e-10
  3.3500000000000002e-01   1.2175513069001842e-10
  3.4000000000000002e-01   1.2215163543429508e-10
  3.4500000000000003e-01   1.2254742511737787e-10
  3.5000000000000003e-01   1.2294230137817456e-10
  3.5499999999999998e-01   1.2333606388551183e-10
  3.5999999999999999e-01   1.2372851074379639e-10
  3.6499999999999999e-01   1.2411943892981871e-10
  3.7000000000000000e-01   1.2450864473114095e-10
  3.7500000000000000e-01   1.2489592417876805e-10
  3.8000000000000000e-01   1.2528107349023973e-10
  3.8500000000000001e-01   1.2566388953796019e-10
  3.9000000000000001e-01   1.2604417033853910e-10
  3.9500000000000002e-01   1.2642171554683036e-10
  4.0000000000000002e-01   1.2679632694465125e-10
  4.0500000000000003e-01   1.2716780892762535e-10
  4.1000000000000003e-01   1.2753596899783346e-10
  4.1500000000000004e-01   1.2790061826240402e-10
  4.1999999999999998e-01   1.2826157192974048e-10
  4.2499999999999999e-01   1.2861864979509327e-10
  4.2999999999999999e-01   1.2897167671366709e-10
  4.3500000000000000e-01   1.2932048306385056e-10
  4.4000000000000000e-01   1.2966490520119496e-10
  4.4500000000000001e-01   1.3000478589909462e-10
  4.5000000000000001e-01   1.3033997477051063e-10
  4.5500000000000002e-01   1.3067032866766375e-10
  4.6000000000000002e-01   1.3099571205971654e-10
  4.6500000000000002e-01   1.3131599738870610e-10
  4.7000000000000003e-01   1.3163106540191308e-10
  4.7500000000000003e-01   1.3194080545740545e-10
  4.7999999999999998e-01   1.3224511580027955e-10
  4.8499999999999999e-01   1.3254390380893153e-10
  4.8999999999999999e-01   1.3283708621153101e-10
  4.9500000000000000e-01   1.3312458927222068e-10
  5.0000000000000000e-01   1.3340634894571246e-10
  5.0500000000000000e-01   1.3368231099904571e-10
  5.1000000000000001e-01   1.3395243110022955e-10
  5.1500000000000001e-01   1.3421667487426534e-10
  5.2000000000000002e-01   1.3447501792704033e-10
  5.2500000000000002e-01   1.3472744583721054e-10
  5.3000000000000003e-01   1.3497395411611219e-10
  5.3500000000000003e-01   1.3521454813618555e-10
  5.4000000000000004e-01   1.3544924302893443e-10
  5.4500000000000004e-01   1.3567806355363368e-10
  5.5000000000000004e-01   1.3590104393788445e-10
  5.5500000000000005e-01   1.3611822769103576e-10
  5.6000000000000005e-01   1.3632966739165286e-10
  5.6500000000000006e-01   1.3653542445051689e-10
  5.7000000000000006e-01   1.3673556885081519e-10
  5.7500000000000007e-01   1.3693017886717306e-10
  5.7999999999999996e-01   1.3711934076509607e-10
  5.8499999999999996e-01   1.3730314848242178e-10
  5.8999999999999997e-01   1.3748170329449768e-10
  5.9499999999999997e-01   1.3765511346489728e-10
  5.9999999999999998e-01   1.3782349388347632e-10
  6.0499999999999998e-01   1.3798696569350105e-10
  6.0999999999999999e-01   1.3814565590952604e-10
  6.1499999999999999e-01   1.3829969702771017e-10
  6.2000000000000000e-01   1.3844922663025748e-10
  6.2500000000000000e-01   1.3859438698565065e-10
  6.3000000000000000e-01   1.3873532464625160e-10
  6.3500000000000001e-01   1.3887219004476747e-10
  6.4000000000000001e-01   1.3900513709101297e-10
  6.4500000000000002e-01   1.3913432277036252e-10
  6.5000000000000002e-01   1.3925990674521844e-10
  6.5500000000000003e-01   1.3938205096073830e-10
  6.6000000000000003e-01   1.3950091925597492e-10
  6.6500000000000004e-01   1.3961667698148531e-10
  6.7000000000000004e-01   1.3972949062440692e-10
  6.7500000000000004e-01   1.3983952744191692e-10
  6.8000000000000005e-01   1.3994695510391213e-10
  6.8500000000000005e-01   1.4005194134565805e-10
  6.9000000000000006e-01   1.4015465363106756e-10
  6.9500000000000006e-01   1.4025525882719651e-10
  7.0000000000000007e-01   1.4035392289047571e-10
  7.0499999999999996e-01   1.4045081056512055e-10
  7.0999999999999996e-01   1.4054608509408790e-10
  7.1499999999999997e-01   1.4063990794288358e-10
  7.1999999999999997e-01   1.4073243853644941e-10
  7.2499999999999998e-01   1.4082383400930520e-10
  7.2999999999999998e-01   1.4091424896906675e-10
  7.3499999999999999e-01   1.4100383527339984e-10
  7.3999999999999999e-01   1.4109274182042094e-10
  7.4500000000000000e-01   1.4118111435250447e-10
  7.5000000000000000e-01   1.4126909527341723e-10
  7.5500000000000000e-01   1.4135682347865496e-10
  7.6000000000000001e-01   1.4144443419882601e-10
  7.6500000000000001e-01   1.4153205885588705e-10
  7.7000000000000002e-01   1.4161982493200551e-10
  7.7500000000000002e-01   1.4170785585080016e-10
  7.8000000000000003e-01   1.4179627087068000e-10
  7.8500000000000003e-01   1.4188518498999033e-10
  7.9000000000000004e-01   1.4197470886364305e-10
  7.9500000000000004e-01   1.4206494873090815e-10
  8.0000000000000004e-01   1.4215600635401248e-10
  8.0500000000000005e-01   1.4224797896719381e-10
  8.1000000000000005e-01   1.4234095923584218e-10
  8.1500000000000006e-01   1.4243503522535857e-10
  8.2000000000000006e-01   1.4253029037935002e-10
  8.2500000000000007e-01   1.4262680350678148e-10
  8.3000000000000007e-01   1.4272464877770207e-10
  8.3499999999999996e-01   1.4282389572715986e-10
  8.3999999999999997e-01   1.4292460926692736e-10
  8.4499999999999997e-01   1.4302684970465364e-10
  8.4999999999999998e-01   1.4313067277007062e-10
  8.5499999999999998e-01   1.4323612964787949e-10
  8.5999999999999999e-01   1.4334326701695213e-10
  8.6499999999999999e-01   1.4345212709548650e-10
  8.7000000000000000e-01   1.4356274769176335e-10
  8.7500000000000000e-01   1.4367516226015903e-10
  8.8000000000000000e-01   1.4378939996207541e-10
  8.8500000000000001e-01   1.4390548573145795e-10
  8.9000000000000001e-01   1.4402344034458192e-10
  8.9500000000000002e-01   1.4414328049379352e-10
  9.0000000000000002e-01   1.4426501886490787e-10
  9.0500000000000003e-01   1.4438866421796466e-10
  9.1000000000000003e-01   1.4451422147106483e-10
  9.1500000000000004e-01   1.4464169178701149e-10
  9.2000000000000004e-01   1.4477107266249118e-10
  9.2500000000000004e-01   1.4490235801954461e-10
  9.3000000000000005e-01   1.4503553829907916e-10
  9.3500000000000005e-01   1.4517060055619026e-10
  9.4000000000000006e-01   1.4530752855706689e-10
  9.4500000000000006e-01   1.4544630287726515e-10
  9.5000000000000007e-01   1.4558690100114265e-10
  9.5500000000000007e-01   1.4572929742225743e-10
  9.5999999999999996e-01   1.4587346374454209e-10
  9.6499999999999997e-01   1.4601936878407339e-10
  9.6999999999999997e-01   1.4616697867126660e-10
  9.7499999999999998e-01   1.4631625695333026e-10
  9.7999999999999998e-01   1.4646716469682755e-10
  9.8499999999999999e-01   1.4661966059019517e-10
  9.8999999999999999e-01   1.4677370104608105e-10
  9.9500000000000000e-01   1.4692924030336963e-10
  1.0000000000000000e+00   1.4708623052876555e-10
  1.0050000000000001e+00   1.4724462191782092e-10
  1.0100000000000000e+00   1.4740436279529267e-10
  1.0150000000000001e+00   1.4756539971472300e-10
  1.0200000000000000e+00   1.4772767755714596e-10
  1.0249999999999999e+00   1.4789113962882447e-10
  1.0300000000000000e+00   1.4805572775792996e-10
  1.0349999999999999e+00   1.4822138239008392e-10
  1.0400000000000000e+00   1.4838804268268124e-10
  1.0449999999999999e+00   1.4855564659792426e-10
  1.0500000000000000e+00   1.4872413099450219e-10
  1.0549999999999999e+00   1.4889343171784831e-10
  1.0600000000000001e+00   1.4906348368892097e-10
  1.0649999999999999e+00   1.4923422099145131e-10
  1.0700000000000001e+00   1.4940557695760948e-10
  1.0750000000000000e+00   1.4957748425204187e-10
  1.0800000000000001e+00   1.4974987495423624e-10
  1.0850000000000000e+00   1.4992268063917867e-10
  1.0900000000000001e+00   1.5009583245626360e-10
  1.0950000000000000e+00   1.5026926120642664e-10
  1.1000000000000001e+00   1.5044289741746985e-10
  1.1050000000000000e+00   1.5061667141755650e-10
  1.1100000000000001e+00   1.5079051340684706e-10
  1.1150000000000000e+00   1.5096435352726122e-10
  1.1200000000000001e+00   1.5113812193034549e-10
  1.1250000000000000e+00   1.5131174884323243e-10
  1.1300000000000001e+00   1.5148516463267815e-10
  1.1350000000000000e+00   1.5165829986716875e-10
  1.1400000000000001e+00   1.5183108537708802e-10
  1.1450000000000000e+00   1.5200345231293984e-10
  1.1500000000000001e+00   1.5217533220162282e-10
  1.1550000000000000e+00   1.5234665700075454e-10
  1.1599999999999999e+00   1.5251735915104834e-10
  1.1650000000000000e+00   1.5268737162674248e-10
  1.1699999999999999e+00   1.5285662798408806e-10
  1.1750000000000000e+00   1.5302506240790074e-10
  1.1799999999999999e+00   1.5319260975618478e-10
  1.1850000000000001e+00   1.5335920560284096e-10
  1.1899999999999999e+00   1.5352478627846414e-10
  1.1950000000000001e+00   1.5368928890925134e-10
  1.2000000000000000e+00   1.5385265145402778e-10
  1.2050000000000001e+00   1.5401481273941112e-10
  1.2100000000000000e+00   1.5417571249312957e-10
  1.2150000000000001e+00   1.5433529137551398e-10
  1.2200000000000000e+00   1.5449349100918210e-10
  1.2250000000000001e+00   1.5465025400693876e-10
  1.2300000000000000e+00   1.5480552399791435e-10
  1.2350000000000001e+00   1.5495924565196540e-10
  1.2400000000000000e+00   1.5511136470236062e-10
  1.2450000000000001e+00   1.5526182796678289e-10
  1.2500000000000000e+00   1.5541058336667230e-10
  1.2550000000000001e+00   1.5555757994493826e-10
  1.2600000000000000e+00   1.5570276788207221e-10
  1.2650000000000001e+00   1.5584609851069003e-10
  1.2700000000000000e+00   1.5598752432853695e-10
  1.2750000000000001e+00   1.5612699900998734e-10
  1.2800000000000000e+00   1.5626447741607043e-10
  1.2849999999999999e+00   1.5639991560306056e-10
  1.2900000000000000e+00   1.5653327082966183e-10
  1.2949999999999999e+00   1.5666450156282650e-10
  1.3000000000000000e+00   1.5679356748224240e-10
  1.3049999999999999e+00   1.5692042948352504e-10
  1.3100000000000001e+00   1.5704504968015233e-10
  1.3149999999999999e+00   1.5716739140418155e-10
  1.3200000000000001e+00   1.5728741920578366e-10
  1.3250000000000000e+00   1.5740509885163849e-10
  1.3300000000000001e+00   1.5752039732222333e-10
  1.3350000000000000e+00   1.5763328280804017e-10
  1.3400000000000001e+00   1.5774372470482025e-10
  1.3450000000000000e+00   1.5785169360774109e-10
  1.3500000000000001e+00   1.5795716130470211e-10
  1.3550000000000000e+00   1.5806010076869566e-10
  1.3600000000000001e+00   1.5816048614931249e-10
  1.3650000000000000e+00   1.5825829276342523e-10
  1.3700000000000001e+00   1.5835349708508545e-10
  1.3750000000000000e+00   1.5844607673467710e-10
  1.3800000000000001e+00   1.5853601046736525e-10
  1.3850000000000000e+00   1.5862327816087912e-10
  1.3900000000000001e+00   1.5870786080266605e-10
  1.3950000000000000e+00   1.5878974047646059e-10
  1.4000000000000001e+00   1.5886890034830042e-10
  1.4050000000000000e+00   1.5894532465203152e-10
  1.4099999999999999e+00   1.5901899867433794e-10
  1.4150000000000000e+00   1.5908990873933187e-10
  1.4199999999999999e+00   1.5915804219274235e-10
  1.4250000000000000e+00   1.5922338738573587e-10
  1.4299999999999999e+00   1.5928593365840389e-10
  1.4350000000000001e+00   1.5934567132295345e-10
  1.4399999999999999e+00   1.5940259164662998e-10
  1.4450000000000001e+00   1.5945668683440846e-10
  1.4500000000000000e+00   1.5950795001148136e-10
  1.4550000000000001e+00   1.5955637520557824e-10
  1.4600000000000000e+00   1.5960195732913877e-10
  1.4650000000000001e+00   1.5964469216137924e-10
  1.4700000000000000e+00   1.5968457633026901e-10
  1.4750000000000001e+00   1.5972160729445231e-10
  1.4800000000000000e+00   1.5975578332513544e-10
  1.4850000000000001e+00   1.5978710348796660e-10
  1.4900000000000000e+00   1.5981556762493447e-10
  1.4950000000000001e+00   1.5984117633630222e-10
  1.5000000000000000e+00   1.5986393096260299e-10
  1.5050000000000001e+00   1.5988383356671804e-10
  1.5100000000000000e+00   1.5990088691605281e-10
  1.5150000000000001e+00   1.5991509446483288e-10
  1.5200000000000000e+00   1.5992646033653570e-10
  1.5250000000000001e+00   1.5993498930647488e-10
  1.5300000000000000e+00   1.5994068678455035e-10
  1.5350000000000001e+00   1.5994355879818094e-10
  1.5400000000000000e+00   1.5994361197543076e-10
  1.5449999999999999e+00   1.5994085352834100e-10
  1.5500000000000000e+00   1.5993529123647930e-10
  1.5549999999999999e+00   1.5992693343071524e-10
  1.5600000000000001e+00   1.5991578897723115e-10
  1.5649999999999999e+00   1.5990186726177597e-10
  1.5700000000000001e+00   1.5988517817416960e-10
  1.5750000000000000e+00   1.5986573209306173e-10
  1.5800000000000001e+00   1.5984353987095283e-10
  1.5850000000000000e+00   1.5981861281947837e-10
  1.5900000000000001e+00   1.5979096269496145e-10
  1.5950000000000000e+00   1.5976060168423507e-10
  1.6000000000000001e+00   1.5972754239073661e-10
  1.6050000000000000e+00   1.5969179782087252e-10
  1.6100000000000001e+00   1.5965338137065670e-10
  1.6150000000000000e+00   1.5961230681261885e-10
  1.6200000000000001e+00   1.5956858828298318e-10
  1.6250000000000000e+00   1.5952224026911257e-10
  1.6300000000000001e+00   1.5947327759721933e-10
  1.6350000000000000e+00   1.5942171542033487e-10
  1.6400000000000001e+00   1.5936756920653806e-10
  1.6450000000000000e+00   1.5931085472743455e-10
  1.6500000000000001e+00   1.5925158804688380e-10
  1.6550000000000000e+00   1.5918978550996842e-10
  1.6600000000000001e+00   1.5912546373219957e-10
  1.6650000000000000e+00   1.5905863958895137e-10
  1.6699999999999999e+00   1.5898933020511882e-10
  1.6750000000000000e+00   1.5891755294499257e-10
  1.6799999999999999e+00   1.5884332540234183e-10
  1.6850000000000001e+00   1.5876666539069898e-10
  1.6899999999999999e+00   1.5868759093383983e-10
  1.6950000000000001e+00   1.5860612025644726e-10
  1.7000000000000000e+00   1.5852227177495614e-10
  1.7050000000000001e+00   1.5843606408856628e-10
  1.7100000000000000e+00   1.5834751597041934e-10
  1.7150000000000001e+00   1.5825664635892860e-10
  1.7200000000000000e+00   1.5816347434925595e-10
  1.7250000000000001e+00   1.5806801918492484e-10
  1.7300000000000000e+00   1.5797030024956576e-10
  1.7350000000000001e+00   1.5787033705878111e-10
  1.7400000000000000e+00   1.5776814925212524e-10
  1.7450000000000001e+00   1.5766375658519099e-10
  1.7500000000000000e+00   1.5755717892179292e-10
  1.7550000000000001e+00   1.5744843622624611e-10
  1.7600000000000000e+00   1.5733754855572271e-10
  1.7650000000000001e+00   1.5722453605269072e-10
  1.7700000000000000e+00   1.5710941893742076e-10
  1.7750000000000001e+00   1.5699221750055723e-10
  1.7800000000000000e+00   1.5687295209574530e-10
  1.7850000000000001e+00   1.5675164313231230e-10
  1.7900000000000000e+00   1.5662831106799171e-10
  1.7949999999999999e+00   1.5650297640169042e-10
  1.8000000000000000e+00   1.5637565966628989e-10
  1.8049999999999999e+00   1.5624638142147838e-10
  1.8100000000000001e+00   1.5611516224660938e-10
  1.8149999999999999e+00   1.5598202273358405e-10
  1.8200000000000001e+00   1.5584698347974995e-10
  1.8250000000000000e+00   1.5571006508081746e-10
  1.8300000000000001e+00   1.5557128812378795e-10
  1.8350000000000000e+00   1.5543067317989208e-10
  1.8400000000000001e+00   1.5528824079753664e-10
  1.8450000000000000e+00   1.5514401149525639e-10
  1.8500000000000001e+00   1.5499800575467284e-10
  1.8550000000000000e+00   1.5485024401345373e-10
  1.8600000000000001e+00   1.5470074665827873e-10
  1.8650000000000000e+00   1.5454953401780527e-10
  1.8700000000000001e+00   1.5439662635564013e-10
  1.8750000000000000e+00   1.5424204386331031e-10
  1.8800000000000001e+00   1.5408580665324229e-10
  1.8850000000000000e+00   1.5392793475174292e-10
  1.8900000000000001e+00   1.5376844809198891e-10
  1.8950000000000000e+00   1.5360736650702358e-10
  1.9000000000000001e+00   1.5344470972276497e-10
  1.9050000000000000e+00   1.5328049735102511e-10
  1.9100000000000001e+00   1.5311474888254681e-10
  1.9150000000000000e+00   1.5294748368005773e-10
  1.9199999999999999e+00   1.5277872097134586e-10
  1.9250000000000000e+00   1.5260847984236052e-10
  1.9299999999999999e+00   1.5243677923034328e-10
  1.9350000000000001e+00   1.5226363791698978e-10
  1.9399999999999999e+00   1.5208907452164965e-10
  1.9450000000000001e+00   1.5191310749456882e-10
  1.9500000000000000e+00   1.5173575511017647e-10
  1.9550000000000001e+00   1.5155703546042358e-10
  1.9600000000000000e+00   1.5137696644817627e-10
  1.9650000000000001e+00   1.5119556578067235e-10
  1.9700000000000000e+00   1.5101285096304126e-10
  1.9750000000000001e+00   1.5082883929189694e-10
  1.9800000000000000e+00   1.5064354784900685e-10
  1.9850000000000001e+00   1.5045699349504426e-10
  1.9900000000000000e+00   1.5026919286342724e-10
  1.9950000000000001e+00   1.5008016235425247e-10
  2.0000000000000000e+00   1.4988991812832707e-10
  2.0049999999999999e+00   1.4969847610130702e-10
  2.0100000000000002e+00   1.4950585193794369e-10
  2.0150000000000001e+00   1.4931206104645024e-10
  2.0200000000000000e+00   1.4911711857298721e-10
  2.0249999999999999e+00   1.4892103939627692e-10
  2.0300000000000002e+00   1.4872383812235199e-10
  2.0350000000000001e+00   1.4852552907944144e-10
  2.0400000000000000e+00   1.4832612631300242e-10
  2.0449999999999999e+00   1.4812564358090111e-10
  2.0499999999999998e+00   1.4792409434874903e-10
  2.0550000000000002e+00   1.4772149178539959e-10
  2.0600000000000001e+00   1.4751784875861008e-10
  2.0649999999999999e+00   1.4731317783087428e-10
  2.0699999999999998e+00   1.4710749125543007e-10
  2.0750000000000002e+00   1.4690080097244591e-10
  2.0800000000000001e+00   1.4669311860539350e-10
  2.0850000000000000e+00   1.4648445545760752e-10
  2.0899999999999999e+00   1.4627482250903822e-10
  2.0950000000000002e+00   1.4606423041320146e-10
  2.1000000000000001e+00   1.4585268949432762e-10
  2.1050000000000000e+00   1.4564020974471661e-10
  2.1099999999999999e+00   1.4542680082229714e-10
  2.1150000000000002e+00   1.4521247204839928e-10
  2.1200000000000001e+00   1.4499723240573757e-10
  2.1250000000000000e+00   1.4478109053661169e-10
  2.1299999999999999e+00   1.4456405474132430e-10
  2.1350000000000002e+00   1.4434613297681941e-10
  2.1400000000000001e+00   1.4412733285554369e-10
  2.1450000000000000e+00   1.4390766164452992e-10
  2.1499999999999999e+00   1.4368712626470788e-10
  2.1550000000000002e+00   1.4346573329043998e-10
  2.1600000000000001e+00   1.4324348894928564e-10
  2.1650000000000000e+00   1.4302039912199256e-10
  2.1699999999999999e+00   1.4279646934271720e-10
  2.1750000000000003e+00   1.4257170479947376e-10
  2.1800000000000002e+00   1.4234611033481104e-10
  2.1850000000000001e+00   1.4211969044671888e-10
  2.1899999999999999e+00   1.4189244928976013e-10
  2.1949999999999998e+00   1.4166439067643084e-10
  2.2000000000000002e+00   1.4143551807874624e-10
  2.2050000000000001e+00   1.4120583463004926e-10
  2.2100000000000000e+00   1.4097534312704279e-10
  2.2149999999999999e+00   1.4074404603204344e-10
  2.2200000000000002e+00   1.4051194547545232e-10
  2.2250000000000001e+00   1.4027904325844292e-10
  2.2300000000000000e+00   1.4004534085586400e-10
  2.2349999999999999e+00   1.3981083941935173e-10
  2.2400000000000002e+00   1.3957553978065136e-10
  2.2450000000000001e+00   1.3933944245514293e-10
  2.2500000000000000e+00   1.3910254764556899e-10
  2.2549999999999999e+00   1.3886485524596059e-10
  2.2600000000000002e+00   1.3862636484575734e-10
  2.2650000000000001e+00   1.3838707573411641e-10
  2.2700000000000000e+00   1.3814698690441032e-10
  2.2749999999999999e+00   1.3790609705890398e-10
  2.2800000000000002e+00   1.3766440461360959e-10
  2.2850000000000001e+00   1.3742190770331561e-10
  2.2900000000000000e+00   1.3717860418678093e-10
  2.2949999999999999e+00   1.3693449165209463e-10
  2.3000000000000003e+00   1.3668956742219144e-10
  2.3050000000000002e+00   1.3644382856052065e-10
  2.3100000000000001e+00   1.3619727187686122e-10
  2.3149999999999999e+00   1.3594989393328086e-10
  2.3199999999999998e+00   1.3570169105022791e-10
  2.3250000000000002e+00   1.3545265931275642e-10
  2.3300000000000001e+00   1.3520279457687471e-10
  2.3350000000000000e+00   1.3495209247601210e-10
  2.3399999999999999e+00   1.3470054842760036e-10
  2.3450000000000002e+00   1.3444815763976064e-10
  2.3500000000000001e+00   1.3419491511809138e-10
  2.3550000000000000e+00   1.3394081567255211e-10
  2.3599999999999999e+00   1.3368585392443455e-10
  2.3650000000000002e+00   1.3343002431341616e-10
  2.3700000000000001e+00   1.3317332110469234e-10
  2.3750000000000000e+00   1.3291573839617591e-10
  2.3799999999999999e+00   1.3265727012576126e-10
  2.3850000000000002e+00   1.3239791007864745e-10
  2.3900000000000001e+00   1.3213765189471093e-10
  2.3950000000000000e+00   1.3187648907592460e-10
  2.3999999999999999e+00   1.3161441499381442e-10
  2.4050000000000002e+00   1.3135142289695074e-10
  2.4100000000000001e+00   1.3108750591846491e-10
  2.4150000000000000e+00   1.3082265708358484e-10
  2.4199999999999999e+00   1.3055686931718841e-10
  2.4250000000000003e+00   1.3029013545136129e-10
  2.4300000000000002e+00   1.3002244823295918e-10
  2.4350000000000001e+00   1.2975380033116526e-10
  2.4399999999999999e+00   1.2948418434503884e-10
  2.4449999999999998e+00   1.2921359281104670e-10
  2.4500000000000002e+00   1.2894201821057543e-10
  2.4550000000000001e+00   1.2866945297741512e-10
  2.4600000000000000e+00   1.2839588950521169e-10
  2.4649999999999999e+00   1.2812132015488138e-10
  2.4700000000000002e+00   1.2784573726198078e-10
  2.4750000000000001e+00   1.2756913314402987e-10
  2.4800000000000000e+00   1.2729150010778158e-10
  2.4849999999999999e+00   1.2701283045643180e-10
  2.4900000000000002e+00   1.2673311649676686e-10
  2.4950000000000001e+00   1.2645235054624318e-10
  2.5000000000000000e+00   1.2617052493999257e-10
  2.5049999999999999e+00   1.2588763203775234e-10
  2.5100000000000002e+00   1.2560366423071216e-10
  2.5150000000000001e+00   1.2531861394827622e-10
  2.5200000000000000e+00   1.2503247366473318e-10
  2.5249999999999999e+00   1.2474523590583373e-10
  2.5300000000000002e+00   1.2445689325526896e-10
  2.5350000000000001e+00   1.2416743836104676e-10
  2.5400000000000000e+00   1.2387686394176231e-10
  2.5449999999999999e+00   1.2358516279275930e-10
  2.5500000000000003e+00   1.2329232779217679e-10
  2.5550000000000002e+00   1.2299835190688319e-10
  2.5600000000000001e+00   1.2270322819828623e-10
  2.5649999999999999e+00   1.2240694982802357e-10
  2.5699999999999998e+00   1.2210951006352648e-10
  2.5750000000000002e+00   1.2181090228345599e-10
  2.5800000000000001e+00   1.2151111998300741e-10
  2.5850000000000000e+00   1.2121015677908233e-10
  2.5899999999999999e+00   1.2090800641532451e-10
  2.5950000000000002e+00   1.2060466276701844e-10
  2.6000000000000001e+00   1.2030011984584880e-10
  2.6050000000000000e+00   1.1999437180451776e-10
  2.6099999999999999e+00   1.1968741294122086e-10
  2.6150000000000002e+00   1.1937923770397824e-10
  2.6200000000000001e+00   1.1906984069481995e-10
  2.6250000000000000e+00   1.1875921667382619e-10
  2.6299999999999999e+00   1.1844736056301905e-10
  2.6350000000000002e+00   1.1813426745010805e-10
  2.6400000000000001e+00   1.1781993259208518e-10
  2.6450000000000000e+00   1.1750435141867208e-10
  2.6499999999999999e+00   1.1718751953561747e-10
  2.6550000000000002e+00   1.1686943272784456e-10
  2.6600000000000001e+00   1.1655008696244934e-10
  2.6650000000000000e+00   1.1622947839154730e-10
  2.6699999999999999e+00   1.1590760335497074e-10
  2.6750000000000003e+00   1.1558445838281649e-10
  2.6800000000000002e+00   1.1526004019784228e-10
  2.6850000000000001e+00   1.1493434571771371e-10
  2.6899999999999999e+00   1.1460737205710143e-10
  2.6949999999999998e+00   1.1427911652962774e-10
  2.7000000000000002e+00   1.1394957664966555e-10
  2.7050000000000001e+00   1.1361875013398659e-10
  2.7100000000000000e+00   1.1328663490326153e-10
  2.7149999999999999e+00   1.1295322908341349e-10
  2.7200000000000002e+00   1.1261853100682171e-10
  2.7250000000000001e+00   1.1228253921338050e-10
  2.7300000000000000e+00   1.1194525245141213e-10
  2.7349999999999999e+00   1.1160666967843416e-10
  2.7400000000000002e+00   1.1126679006178344e-10
  2.7450000000000001e+00   1.1092561297909909e-10
  2.7500000000000000e+00   1.1058313801866247e-10
  2.7549999999999999e+00   1.1023936497959943e-10
  2.7600000000000002e+00   1.0989429387194437e-10
  2.7650000000000001e+00   1.0954792491656958e-10
  2.7700000000000000e+00   1.0920025854498008e-10
  2.7749999999999999e+00   1.0885129539897756e-10
  2.7800000000000002e+00   1.0850103633019674e-10
  2.7850000000000001e+00   1.0814948239951335e-10
  2.7900000000000000e+00   1.0779663487633024e-10
  2.7949999999999999e+00   1.0744249523774212e-10
  2.8000000000000003e+00   1.0708706516758173e-10
  2.8050000000000002e+00   1.0673034655535152e-10
  2.8100000000000001e+00   1.0637234149504332e-10
  2.8149999999999999e+00   1.0601305228384815e-10
  2.8199999999999998e+00   1.0565248142076032e-10
  2.8250000000000002e+00   1.0529063160507799e-10
  2.8300000000000001e+00   1.0492750573480419e-10
  2.8350000000000000e+00   1.0456310690494894e-10
  2.8399999999999999e+00   1.0419743840573868e-10
  2.8450000000000002e+00   1.0383050372073191e-10
  2.8500000000000001e+00   1.0346230652484697e-10
  2.8550000000000000e+00   1.0309285068230235e-10
  2.8599999999999999e+00   1.0272214024447316e-10
  2.8650000000000002e+00   1.0235017944766519e-10
  2.8700000000000001e+00   1.0197697271080967e-10
  2.8750000000000000e+00   1.0160252463307939e-10
  2.8799999999999999e+00   1.0122683999143048e-10
  2.8850000000000002e+00   1.0084992373806933e-10
  2.8900000000000001e+00   1.0047178099784786e-10
  2.8950000000000000e+00   1.0009241706558860e-10
  2.8999999999999999e+00   9.9711837403341491e-11
  2.9050000000000002e+00   9.9330047637573667e-11
  2.9100000000000001e+00   9.8947053556293828e-11
  2.9150000000000000e+00   9.8562861106114332e-11
  2.9199999999999999e+00   9.8177476389250847e-11
  2.9250000000000003e+00   9.7790905660461563e-11
  2.9300000000000002e+00   9.7403155323929951e-11
  2.9350000000000001e+00   9.7014231930090853e-11
  2.9399999999999999e+00   9.6624142172401757e-11
  2.9449999999999998e+00   9.6232892884063809e-11
  2.9500000000000002e+00   9.5840491034692570e-11
  2.9550000000000001e+00   9.5446943726941939e-11
  2.9600000000000000e+00   9.5052258193083738e-11
  2.9649999999999999e+00   9.4656441791545937e-11
  2.9700000000000002e+00   9.4259502003412058e-11
  2.9750000000000001e+00   9.3861446428884573e-11
  2.9800000000000000e+00   9.3462282783717097e-11
  2.9849999999999999e+00   9.3062018895616277e-11
  2.9900000000000002e+00   9.2660662700618102e-11
  2.9950000000000001e+00   9.2258222239443449e-11
  3.0000000000000000e+00   9.1854705653833638e-11
  3.0049999999999999e+00   9.1450121182871659e-11
  3.0100000000000002e+00   9.1044477159292997e-11
  3.0150000000000001e+00   9.0637782005788632e-11
  3.0200000000000000e+00   9.0230044231303824e-11
  3.0249999999999999e+00   8.9821272427338427e-11
  3.0300000000000002e+00   8.9411475264249344e-11
  3.0350000000000001e+00   8.9000661487561970e-11
  3.0400000000000000e+00   8.8588839914290935e-11
  3.0449999999999999e+00   8.8176019429275236e-11
  3.0500000000000003e+00   8.7762208981531375e-11
  3.0550000000000002e+00   8.7347417580625850e-11
  3.0600000000000001e+00   8.6931654293070584e-11
  3.0649999999999999e+00   8.6514928238744276e-11
  3.0700000000000003e+00   8.6097248587341927e-11
  3.0750000000000002e+00   8.5678624554853900e-11
  3.0800000000000001e+00   8.5259065400077349e-11
  3.0850000000000000e+00   8.4838580421161318e-11
  3.0899999999999999e+00   8.4417178952186787e-11
  3.0950000000000002e+00   8.3994870359783208e-11
  3.1000000000000001e+00   8.3571664039783167e-11
  3.1050000000000000e+00   8.3147569413913454e-11
  3.1099999999999999e+00   8.2722595926526741e-11
  3.1150000000000002e+00   8.2296753041371008e-11
  3.1200000000000001e+00   8.1870050238399217e-11
  3.1250000000000000e+00   8.1442497010617799e-11
  3.1299999999999999e+00   8.1014102860974342e-11
  3.1350000000000002e+00   8.0584877299284801e-11
  3.1400000000000001e+00   8.0154829839198983e-11
  3.1450000000000000e+00   7.9723969995204693e-11
  3.1499999999999999e+00   7.9292307279669480e-11
  3.1550000000000002e+00   7.8859851199919897e-11
  3.1600000000000001e+00   7.8426611255358173e-11
  3.1650000000000000e+00   7.7992596934614501e-11
  3.1699999999999999e+00   7.7557817712735989e-11
  3.1750000000000003e+00   7.7122283048410869e-11
  3.1800000000000002e+00   7.6686002381228533e-11
  3.1850000000000001e+00   7.6248985128974076e-11
  3.1899999999999999e+00   7.5811240684957956e-11
  3.1950000000000003e+00   7.5372778415380307e-11
  3.2000000000000002e+00   7.4933607656731673e-11
  3.2050000000000001e+00   7.4493737713226581e-11
  3.2100000000000000e+00   7.4053177854274872e-11
  3.2149999999999999e+00   7.3611937311988027e-11
  3.2200000000000002e+00   7.3170025278722849e-11
  3.2250000000000001e+00   7.2727450904662458e-11
  3.2300000000000000e+00   7.2284223295436406e-11
  3.2349999999999999e+00   7.1840351509779530e-11
  3.2400000000000002e+00   7.1395844557232635e-11
  3.2450000000000001e+00   7.0950711395885256e-11
  3.2500000000000000e+00   7.0504960930162436e-11
  3.2549999999999999e+00   7.0058602008656195e-11
  3.2600000000000002e+00   6.9611643422004766e-11
  3.2650000000000001e+00   6.9164093900821156e-11
  3.2700000000000000e+00   6.8715962113671785e-11
  3.2749999999999999e+00   6.8267256665107438e-11
  3.2800000000000002e+00   6.7817986093750342e-11
  3.2850000000000001e+00   6.7368158870436929e-11
  3.2900000000000000e+00   6.6917783396419374e-11
  3.2949999999999999e+00   6.6466868001628181e-11
  3.3000000000000003e+00   6.6015420942996640e-11
  3.3050000000000002e+00   6.5563450402851181e-11
  3.3100000000000001e+00   6.5110964487366968e-11
  3.3149999999999999e+00   6.4657971225092231e-11
  3.3200000000000003e+00   6.4204478565542644e-11
  3.3250000000000002e+00   6.3750494377867491e-11
  3.3300000000000001e+00   6.3296026449588480e-11
  3.3350000000000000e+00   6.2841082485413330e-11
  3.3399999999999999e+00   6.2385670106124467e-11
  3.3450000000000002e+00   6.1929796847545953e-11
  3.3500000000000001e+00   6.1473470159586581e-11
  3.3550000000000000e+00   6.1016697405362418e-11
  3.3599999999999999e+00   6.0559485860397590e-11
  3.3650000000000002e+00   6.0101842711905570e-11
  3.3700000000000001e+00   5.9643775058149338e-11
  3.3750000000000000e+00   5.9185289907881923e-11
  3.3799999999999999e+00   5.8726394179865706e-11
  3.3850000000000002e+00   5.8267094702471825e-11
  3.3900000000000001e+00   5.7807398213358123e-11
  3.3950000000000000e+00   5.7347311359225023e-11
  3.3999999999999999e+00   5.6886840695648770e-11
  3.4050000000000002e+00   5.6425992686990604e-11
  3.4100000000000001e+00   5.5964773706381472e-11
  3.4150000000000000e+00   5.5503190035779964e-11
  3.4199999999999999e+00   5.5041247866102124e-11
  3.4250000000000003e+00   5.4578953297422603e-11
  3.4300000000000002e+00   5.4116312339244011e-11
  3.4350000000000001e+00   5.3653330910832787e-11
  3.4399999999999999e+00   5.3190014841620647e-11
  3.4450000000000003e+00   5.2726369871668162e-11
  3.4500000000000002e+00   5.2262401652189790e-11
  3.4550000000000001e+00   5.1798115746136088e-11
  3.4600000000000000e+00   5.1333517628832983e-11
  3.4649999999999999e+00   5.0868612688674209e-11
  3.4700000000000002e+00   5.0403406227865521e-11
  3.4750000000000001e+00   4.9937903463217319e-11
  3.4800000000000000e+00   4.9472109526984200e-11
  3.4849999999999999e+00   4.9006029467748505e-11
  3.4900000000000002e+00   4.8539668251345528e-11
  3.4950000000000001e+00   4.8073030761828238e-11
  3.5000000000000000e+00   4.7606121802468735e-11
  3.5049999999999999e+00   4.7138946096794637e-11
  3.5100000000000002e+00   4.6671508289657839e-11
  3.5150000000000001e+00   4.6203812948333643e-11
  3.5200000000000000e+00   4.5735864563647434e-11
  3.5249999999999999e+00   4.5267667551128457e-11
  3.5300000000000002e+00   4.4799226252186478e-11
  3.5350000000000001e+00   4.4330544935311835e-11
  3.5400000000000000e+00   4.3861627797294713e-11
  3.5449999999999999e+00   4.3392478964463824e-11
  3.5500000000000003e+00   4.2923102493941674e-11
  3.5550000000000002e+00   4.2453502374915430e-11
  3.5600000000000001e+00   4.1983682529921892e-11
  3.5649999999999999e+00   4.1513646816144523e-11
  3.5700000000000003e+00   4.1043399026722411e-11
  3.5750000000000002e+00   4.0572942892069488e-11
  3.5800000000000001e+00   4.0102282081201854e-11
  3.5850000000000000e+00   3.9631420203073947e-11
  3.5899999999999999e+00   3.9160360807922004e-11
  3.5950000000000002e+00   3.8689107388612999e-11
  3.6000000000000001e+00   3.8217663381999787e-11
  3.6050000000000000e+00   3.7746032170280334e-11
  3.6099999999999999e+00   3.7274217082361839e-11
  3.6150000000000002e+00   3.6802221395227847e-11
  3.6200000000000001e+00   3.6330048335308848e-11
  3.6250000000000000e+00   3.5857701079855354e-11
  3.6299999999999999e+00   3.5385182758312570e-11
  3.6350000000000002e+00   3.4912496453697740e-11
  3.6400000000000001e+00   3.4439645203978798e-11
  3.6450000000000000e+00   3.3966632003453532e-11
  3.6499999999999999e+00   3.3493459804130616e-11
  3.6550000000000002e+00   3.3020131517110413e-11
  3.6600000000000001e+00   3.2546650013966872e-11
  3.6650000000000000e+00   3.2073018128129168e-11
  3.6699999999999999e+00   3.1599238656263720e-11
  3.6750000000000003e+00   3.1125314359655839e-11
  3.6800000000000002e+00   3.0651247965591104e-11
  3.6850000000000001e+00   3.0177042168736132e-11
  3.6899999999999999e+00   2.9702699632518447e-11
  3.6950000000000003e+00   2.9228222990505660e-11
  3.7000000000000002e+00   2.8753614847783416e-11
  3.7050000000000001e+00   2.8278877782332188e-11
  3.7100000000000000e+00   2.7804014346401722e-11
  3.7149999999999999e+00   2.7329027067884818e-11
  3.7200000000000002e+00   2.6853918451687967e-11
  3.7250000000000001e+00   2.6378690981100413e-11
  3.7300000000000000e+00   2.5903347119160164e-11
  3.7349999999999999e+00   2.5427889310017044e-11
  3.7400000000000002e+00   2.4952319980292881e-11
  3.7450000000000001e+00   2.4476641540437996e-11
  3.7500000000000000e+00   2.4000856386083211e-11
  3.7549999999999999e+00   2.3524966899388246e-11
  3.7600000000000002e+00   2.3048975450385281e-11
  3.7650000000000001e+00   2.2572884398317295e-11
  3.7700000000000000e+00   2.2096696092970825e-11
  3.7749999999999999e+00   2.1620412876002975e-11
  3.7800000000000002e+00   2.1144037082262167e-11
  3.7850000000000001e+00   2.0667571041101960e-11
  3.7900000000000000e+00   2.0191017077687251e-11
  3.7949999999999999e+00   1.9714377514293315e-11
  3.8000000000000003e+00   1.9237654671596404e-11
  3.8050000000000002e+00   1.8760850869955425e-11
  3.8100000000000001e+00   1.8283968430684782e-11
  3.8149999999999999e+00   1.7807009677317205e-11
  3.8200000000000003e+00   1.7329976936856715e-11
  3.8250000000000002e+00   1.6852872541020732e-11
  3.8300000000000001e+00   1.6375698827470844e-11
  3.8350000000000000e+00   1.5898458141032388e-11
  3.8399999999999999e+00   1.5421152834901400e-11
  3.8450000000000002e+00   1.4943785271839121e-11
  3.8500000000000001e+00   1.4466357825353443e-11
  3.8550000000000000e+00   1.3988872880866390e-11
  3.8599999999999999e+00   1.3511332836868048e-11
  3.8650000000000002e+00   1.3033740106055203e-11
  3.8700000000000001e+00   1.2556097116455655e-11
  3.8750000000000000e+00   1.2078406312536361e-11
  3.8799999999999999e+00   1.1600670156296058e-11
  3.8850000000000002e+00   1.1122891128341067e-11
  3.8900000000000001e+00   1.0645071728944811e-11
  3.8950000000000000e+00   1.0167214479089231e-11
  3.8999999999999999e+00   9.6893219214891156e-12
  3.9050000000000002e+00   9.2113966215980135e-12
  3.9100000000000001e+00   8.7334411685955204e-12
  3.9150000000000000e+00   8.2554581763554940e-12
  3.9199999999999999e+00   7.7774502843953746e-12
  3.9250000000000003e+00   7.2994201588049415e-12
  3.9300000000000002e+00   6.8213704931558954e-12
  3.9350000000000001e+00   6.3433040093898846e-12
  3.9399999999999999e+00   5.8652234586866052e-12
  3.9450000000000003e+00   5.3871316223100252e-12
  3.9500000000000002e+00   4.9090313124333151e-12
  3.9550000000000001e+00   4.4309253729417870e-12
  3.9600000000000000e+00   3.9528166802136659e-12
  3.9650000000000003e+00   3.4747081438784454e-12
  3.9700000000000002e+00   2.9966027075521080e-12
  3.9750000000000001e+00   2.5185033495494872e-12
  3.9800000000000000e+00   2.0404130835730303e-12
  3.9849999999999999e+00   1.5623349593780910e-12
  3.9900000000000002e+00   1.0842720634139974e-12
  3.9950000000000001e+00   6.0622751944131752e-13
  4.0000000000000000e+00   1.2820448912408529e-13
