# Columns: x, rho, u, p, lamdatime_step 20000
# time   1.0000000000000000e+02
 -1.0074999999999999e+01  -8.2468941152267832e-04   7.9658542171647526e-04  -4.6984292749929872e-03   2.4401800952392634e-08   3.3845390418606534e-07
 -1.0049999999999999e+01  -8.2468941152267832e-04   7.9658542171647526e-04  -4.6984292749929872e-03   2.4401800952392634e-08   3.3845390418606534e-07
 -1.0024999999999999e+01  -8.2468941152267832e-04   7.9658542171647526e-04  -4.6984292749929872e-03   2.4401800952392634e-08   3.3845390418606534e-07
 -1.0000000000000000e+01  -8.2468941152267832e-04   7.9658542171647526e-04  -4.6984292749929872e-03   2.4401800952392634e-08   3.3845390418606534e-07
 -9.9749999999999996e+00  -8.2645013068408362e-04   7.9855108875015175e-04  -4.7097948333591488e-03   2.5508563182900039e-08   3.5269009364345661e-07
 -9.9499999999999993e+00  -8.2748553736032354e-04   7.9959573840964772e-04  -4.7154058984634475e-03   2.6346696667644918e-08   3.6342289593351080e-07
 -9.9249999999999989e+00  -8.2884498158203670e-04   8.0121987162335340e-04  -4.7243064723990862e-03   2.7273914638174070e-08   3.7527362738306702e-07
 -9.8999999999999986e+00  -8.3003879519177512e-04   8.0251256492309400e-04  -4.7312612951366916e-03   2.8240774220060409e-08   3.8759696908869686e-07
 -9.8750000000000000e+00  -8.3132189897776256e-04   8.0399095366120608e-04  -4.7393785223255906e-03   2.9232842157125810e-08   4.0020538663962894e-07
 -9.8499999999999996e+00  -8.3254755607435561e-04   8.0535475465790657e-04  -4.7468419088700182e-03   3.0262264071149492e-08   4.1325315514693627e-07
 -9.8249999999999993e+00  -8.3380003376843184e-04   8.0678510410381961e-04  -4.7546713655755119e-03   3.1326732212372985e-08   4.2670753018136053e-07
 -9.7999999999999989e+00  -8.3502681635330613e-04   8.0818090434248483e-04  -4.7622471501065885e-03   3.2427918445059656e-08   4.4058732256706307e-07
 -9.7749999999999986e+00  -8.3625862832877225e-04   8.0960131070897468e-04  -4.7699282766062012e-03   3.3567189741146638e-08   4.5490715111218070e-07
 -9.7500000000000000e+00  -8.3747844745446064e-04   8.1101002810283725e-04  -4.7775166171326842e-03   3.4745733510528194e-08   4.6967918621584561e-07
 -9.7249999999999996e+00  -8.3869689032703269e-04   8.1242668590191804e-04  -4.7851363475771534e-03   3.5964910138617930e-08   4.8491768414231540e-07
 -9.6999999999999993e+00  -8.3990784196244874e-04   8.1383967387176276e-04  -4.7927161736689462e-03   3.7226087413053145e-08   5.0063683190562455e-07
 -9.6749999999999989e+00  -8.4111448805815315e-04   8.1525641337820329e-04  -4.8002936174081348e-03   3.8530682124297202e-08   5.1685128406482425e-07
 -9.6499999999999986e+00  -8.4231460040828964e-04   8.1667325033438350e-04  -4.8078428162533979e-03   3.9880159592238308e-08   5.3357614753389317e-07
 -9.6250000000000000e+00  -8.4350930662400222e-04   8.1809257557946709e-04  -4.8153772002868453e-03   4.1276032237757955e-08   5.5082695592123540e-07
 -9.5999999999999996e+00  -8.4469793616536988e-04   8.1951295221346660e-04  -4.8228891484274131e-03   4.2719862577049405e-08   5.6861970058669530e-07
 -9.5749999999999993e+00  -8.4588088438609639e-04   8.2093513467172631e-04  -4.8303835173810344e-03   4.4213264471327750e-08   5.8697083869591744e-07
 -9.5499999999999989e+00  -8.4705786355704533e-04   8.2235872510191832e-04  -4.8378571687616549e-03   4.5757904768108397e-08   6.0589730609422814e-07
 -9.5249999999999986e+00  -8.4822892554154371e-04   8.2378411147258392e-04  -4.8453109396927076e-03   4.7355505025780098e-08   6.2541653092033445e-07
 -9.5000000000000000e+00  -8.4939390902444333e-04   8.2521125484334799e-04  -4.8527431725659551e-03   4.9007843234121413e-08   6.4554644682419422e-07
 -9.4749999999999996e+00  -8.5055279171272822e-04   8.2664033537621271e-04  -4.8601538376498790e-03   5.0716755616924239e-08   6.6630550690339552e-07
 -9.4499999999999993e+00  -8.5170548778051879e-04   8.2807137127864400e-04  -4.8675421621243798e-03   5.2484138479594157e-08   6.8771269785503719e-07
 -9.4249999999999989e+00  -8.5285195300493892e-04   8.2950446596094052e-04  -4.8749078607488424e-03   5.4311950116639290e-08   7.0978755452770536e-07
 -9.3999999999999986e+00  -8.5399211257370235e-04   8.3093968585479119e-04  -4.8822502908323177e-03   5.6202212774720842e-08   7.3255017480200401e-07
 -9.3750000000000000e+00  -8.5512590088896714e-04   8.3237713595528829e-04  -4.8895689181649689e-03   5.8157014676545048e-08   7.5602123485504704e-07
 -9.3499999999999996e+00  -8.5625324194828266e-04   8.3381690881173878e-04  -4.8968630873809761e-03   6.0178512105295065e-08   7.8022200479033515e-07
 -9.3249999999999993e+00  -8.5737406450284300e-04   8.3525910684061424e-04  -4.9041321994037785e-03   6.2268931552991933e-08   8.0517436466202677e-07
 -9.2999999999999989e+00  -8.5848829432276269e-04   8.3670382718074063e-04  -4.9113756209200636e-03   6.4430571933429165e-08   8.3090082088664706e-07
 -9.2749999999999986e+00  -8.5959585769329128e-04   8.3815117250447227e-04  -4.9185927253165077e-03   6.6665806862132283e-08   8.5742452305792314e-07
 -9.2500000000000000e+00  -8.6069667804835410e-04   8.3960124735774858e-04  -4.9257828532862230e-03   6.8977087004712660e-08   8.8476928116620537e-07
 -9.2249999999999996e+00  -8.6179067735848536e-04   8.4105416142472064e-04  -4.9329453290874355e-03   7.1366942495948572e-08   9.1295958323572325e-07
 -9.1999999999999993e+00  -8.6287777548018350e-04   8.4251002731851299e-04  -4.9400794529398696e-03   7.3837985431205919e-08   9.4202061338324637e-07
 -9.1749999999999989e+00  -8.6395789088020635e-04   8.4396896118708647e-04  -4.9471845095155013e-03   7.6392912432729611e-08   9.7197827031255867e-07
 -9.1499999999999986e+00  -8.6503094035105140e-04   8.4543108209217269e-04  -4.9542597646207607e-03   7.9034507292396572e-08   1.0028591862471948e-06
 -9.1250000000000000e+00  -8.6609683906401565e-04   8.4689651259648542e-04  -4.9613044658303705e-03   8.1765643693491068e-08   1.0346907463148895e-06
 -9.0999999999999996e+00  -8.6715550033396717e-04   8.4836537882899716e-04  -4.9683178397466731e-03   8.4589288013262091e-08   1.0675011083872856e-06
 -9.0749999999999993e+00  -8.6820683559955065e-04   8.4983781076007777e-04  -4.9752990917807513e-03   8.7508502208929279e-08   1.1013192233884166e-06
 -9.0499999999999989e+00  -8.6925075435551091e-04   8.5131394220121660e-04  -4.9822474053731521e-03   9.0526446789024904e-08   1.1361748560759076e-06
 -9.0249999999999986e+00  -8.7028716414656990e-04   8.5279391089860862e-04  -4.9891619419351087e-03   9.3646383872801943e-08   1.1720986063079683e-06
 -9.0000000000000000e+00  -8.7131597051158321e-04   8.5427785859966312e-04  -4.9960418402077971e-03   9.6871680339690043e-08   1.2091219308000291e-06
 -8.9749999999999996e+00  -8.7233707692761548e-04   8.5576593119279125e-04  -5.0028862156206270e-03   1.0020581107177754e-07   1.2472771653857932e-06
 -8.9499999999999993e+00  -8.7335038473612258e-04   8.5725827884012662e-04  -5.0096941594400760e-03   1.0365236229132768e-07   1.2865975477855383e-06
 -8.9249999999999989e+00  -8.7435579307711337e-04   8.5875505611930321e-04  -5.0164647380118842e-03   1.0721503499623752e-07   1.3271172408943908e-06
 -8.8999999999999986e+00  -8.7535319882262497e-04   8.6025642215226464e-04  -5.0231969919951620e-03   1.1089764849596239e-07   1.3688713565980133e-06
 -8.8750000000000000e+00  -8.7634249651197629e-04   8.6176254073902579e-04  -5.0298899356172400e-03   1.1470414405063060e-07   1.4118959801249933e-06
 -8.8499999999999996e+00  -8.7732357828234546e-04   8.6327358049588987e-04  -5.0365425558736724e-03   1.1863858861603896e-07   1.4562281949439154e-06
 -8.8249999999999993e+00  -8.7829633379583579e-04   8.6478971500353905e-04  -5.0431538116870473e-03   1.2270517869745862e-07   1.5019061082152312e-06
 -8.7999999999999989e+00  -8.7926065016276367e-04   8.6631112296103733e-04  -5.0497226330214013e-03   1.2690824431501764e-07   1.5489688768054933e-06
 -8.7749999999999986e+00  -8.8021641186286127e-04   8.6783798834501487e-04  -5.0562479199720949e-03   1.3125225308369367e-07   1.5974567338736995e-06
 -8.7500000000000000e+00  -8.8116350066440253e-04   8.6937050057250668e-04  -5.0627285418311371e-03   1.3574181441091449e-07   1.6474110160383245e-06
 -8.7249999999999996e+00  -8.8210179554129532e-04   8.7090885466823255e-04  -5.0691633361285354e-03   1.4038168381482739e-07   1.6988741911337004e-06
 -8.6999999999999993e+00  -8.8303117258773441e-04   8.7245325143662416e-04  -5.0755511076448004e-03   1.4517676736633021e-07   1.7518898865637123e-06
 -8.6749999999999989e+00  -8.8395150493040847e-04   8.7400389763890390e-04  -5.0818906273945863e-03   1.5013212625812010e-07   1.8065029182620919e-06
 -8.6499999999999986e+00  -8.8486266263835926e-04   8.7556100617485952e-04  -5.0881806315825036e-03   1.5525298150405322e-07   1.8627593202678411e-06
 -8.6250000000000000e+00  -8.8576451263072816e-04   8.7712479626895123e-04  -5.0944198205338832e-03   1.6054471877215192e-07   1.9207063749242270e-06
 -8.5999999999999996e+00  -8.8665691858254975e-04   8.7869549366038501e-04  -5.1006068576022563e-03   1.6601289335458088e-07   1.9803926437086178e-06
 -8.5749999999999993e+00  -8.8753974082872585e-04   8.8027333079691210e-04  -5.1067403680551751e-03   1.7166323527824164e-07   2.0418679987031060e-06
 -8.5499999999999989e+00  -8.8841283626629405e-04   8.8185854703213022e-04  -5.1128189379395670e-03   1.7750165455925606e-07   2.1051836547109512e-06
 -8.5249999999999986e+00  -8.8927605825514684e-04   8.8345138882598437e-04  -5.1188411129284806e-03   1.8353424660527241e-07   2.1703922020300708e-06
 -8.5000000000000000e+00  -8.9012925651738809e-04   8.8505210994810032e-04  -5.1248053971513158e-03   1.8976729776907640e-07   2.2375476398889957e-06
 -8.4749999999999996e+00  -8.9097227703552426e-04   8.8666097168356016e-04  -5.1307102520098445e-03   1.9620729105731208e-07   2.3067054105532525e-06
 -8.4499999999999993e+00  -8.9180496194969725e-04   8.8827824304072182e-04  -5.1365540949823655e-03   2.0286091199801427e-07   2.3779224341080111e-06
 -8.4249999999999989e+00  -8.9262714945418991e-04   8.8990420096062722e-04  -5.1423352984186687e-03   2.0973505467110654e-07   2.4512571439267373e-06
 -8.3999999999999986e+00  -8.9343867369343728e-04   8.9153913052754353e-04  -5.1480521883284728e-03   2.1683682790561648e-07   2.5267695228302044e-06
 -8.3750000000000000e+00  -8.9423936465776873e-04   8.9318332518019655e-04  -5.1537030431659187e-03   2.2417356164756000e-07   2.6045211399413936e-06
 -8.3499999999999996e+00  -8.9502904807913940e-04   8.9483708692319249e-04  -5.1592860926130786e-03   2.3175281350296603e-07   2.6845751882461849e-06
 -8.3249999999999993e+00  -8.9580754532708588e-04   8.9650072653816291e-04  -5.1647995163651870e-03   2.3958237545972053e-07   2.7669965228603443e-06
 -8.2999999999999989e+00  -8.9657467330515515e-04   8.9817456379415129e-04  -5.1702414429204450e-03   2.4767028079274889e-07   2.8518517000110422e-06
 -8.2749999999999986e+00  -8.9733024434806598e-04   8.9985892765673194e-04  -5.1756099483773518e-03   2.5602481115684109e-07   2.9392090167378104e-06
 -8.2500000000000000e+00  -8.9807406611984583e-04   9.0155415649538224e-04  -5.1809030552423391e-03   2.6465450387134423e-07   3.0291385513157317e-06
 -8.2249999999999996e+00  -8.9880594151317994e-04   9.0326059828865692e-04  -5.1861187312504109e-03   2.7356815940113699e-07   3.1217122044047262e-06
 -8.1999999999999993e+00  -8.9952566855021159e-04   9.0497861082668163e-04  -5.1912548882015403e-03   2.8277484903863026e-07   3.2170037409308319e-06
 -8.1749999999999989e+00  -9.0023304028501324e-04   9.0670856191055172e-04  -5.1963093808152540e-03   2.9228392279100612e-07   3.3150888326987111e-06
 -8.1499999999999986e+00  -9.0092784470791987e-04   9.0845082954825441e-04  -5.2012800056056296e-03   3.0210501747746858e-07   3.4160451017393353e-06
 -8.1250000000000000e+00  -9.0160986465191695e-04   9.1020580214674191e-04  -5.2061644997788278e-03   3.1224806504117610e-07   3.5199521643942835e-06
 -8.0999999999999996e+00  -9.0227887770125506e-04   9.1197387869982813e-04  -5.2109605401550923e-03   3.2272330108058394e-07   3.6268916761376088e-06
 -8.0749999999999993e+00  -9.0293465610242238e-04   9.1375546897164270e-04  -5.2156657421166897e-03   3.3354127360485127e-07   3.7369473771341730e-06
 -8.0499999999999989e+00  -9.0357696667759746e-04   9.1555099367542526e-04  -5.2202776585830602e-03   3.4471285201831766e-07   3.8502051385354796e-06
 -8.0249999999999986e+00  -9.0420557074065325e-04   9.1736088464750541e-04  -5.2247937790139923e-03   3.5624923633873172e-07   3.9667530095096724e-06
 -8.0000000000000000e+00  -9.0482022401577259e-04   9.1918558501637062e-04  -5.2292115284413559e-03   3.6816196665435584e-07   4.0866812650053730e-06
 -7.9749999999999996e+00  -9.0542067655868157e-04   9.2102554936681258e-04  -5.2335282665293891e-03   3.8046293282467991e-07   4.2100824542437573e-06
 -7.9499999999999993e+00  -9.0600667268047295e-04   9.2288124389921134e-04  -5.2377412866631019e-03   3.9316438442989477e-07   4.3370514499361018e-06
 -7.9249999999999989e+00  -9.0657795087396192e-04   9.2475314658408314e-04  -5.2418478150639816e-03   4.0627894097410465e-07   4.4676854982210461e-06
 -7.8999999999999995e+00  -9.0713424374246890e-04   9.2664174731210344e-04  -5.2458450099316534e-03   4.1981960234740452e-07   4.6020842693157306e-06
 -7.8750000000000000e+00  -9.0767527793086749e-04   9.2854754803993597e-04  -5.2497299606094772e-03   4.3379975955171825e-07   4.7403499088713296e-06
 -7.8499999999999996e+00  -9.0820077405869752e-04   9.3047106293226778e-04  -5.2534996867716101e-03   4.4823320569563784e-07   4.8825870900256092e-06
 -7.8249999999999993e+00  -9.0871044665511087e-04   9.3241281850051756e-04  -5.2571511376286626e-03   4.6313414726342894e-07   5.0289030661427743e-06
 -7.7999999999999989e+00  -9.0920400409536428e-04   9.3437335373879407e-04  -5.2606811911484639e-03   4.7851721566320269e-07   5.1794077242279505e-06
 -7.7749999999999995e+00  -9.0968114853851457e-04   9.3635322025778923e-04  -5.2640866532877497e-03   4.9439747905933926e-07   5.3342136390029381e-06
 -7.7500000000000000e+00  -9.1014157586594244e-04   9.3835298241735563e-04  -5.2673642572302511e-03   5.1079045449445330e-07   5.4934361276304992e-06
 -7.7249999999999996e+00  -9.1058497562028213e-04   9.4037321745861426e-04  -5.2705106626260295e-03   5.2771212030576975e-07   5.6571933050687676e-06
 -7.6999999999999993e+00  -9.1101103094429398e-04   9.4241451563650900e-04  -5.2735224548265498e-03   5.4517892884115908e-07   5.8256061400396492e-06
 -7.6749999999999989e+00  -9.1141941851918535e-04   9.4447748035379839e-04  -5.2763961441094605e-03   5.6320781947977243e-07   5.9987985115905847e-06
 -7.6499999999999995e+00  -9.1180980850184585e-04   9.4656272829754474e-04  -5.2791281648866817e-03   5.8181623196230417e-07   6.1768972662284500e-06
 -7.6250000000000000e+00  -9.1218186446043496e-04   9.4867088957923263e-04  -5.2817148748889918e-03   6.0102212003577775e-07   6.3600322756015539e-06
 -7.5999999999999996e+00  -9.1253524330773390e-04   9.5080260787967395e-04  -5.2841525543200624e-03   6.2084396541780300e-07   6.5483364947047078e-06
 -7.5749999999999993e+00  -9.1286959523165213e-04   9.5295854059990984e-04  -5.2864374049726333e-03   6.4130079208500814e-07   6.7419460205786085e-06
 -7.5499999999999989e+00  -9.1318456362228138e-04   9.5513935901933827e-04  -5.2885655492994170e-03   6.6241218089036179e-07   6.9410001514733325e-06
 -7.5249999999999995e+00  -9.1347978499487870e-04   9.5734574846227367e-04  -5.2905330294313810e-03   6.8419828451417533e-07   7.1456414464449985e-06
 -7.5000000000000000e+00  -9.1375488890816530e-04   9.5957840847417722e-04  -5.2923358061358963e-03   7.0667984275293742e-07   7.3560157853471856e-06
 -7.4749999999999996e+00  -9.1400949787733248e-04   9.6183805300875289e-04  -5.2939697577074965e-03   7.2987819815053374e-07   7.5722724291810551e-06
 -7.4499999999999993e+00  -9.1424322728119985e-04   9.6412541062703544e-04  -5.2954306787843927e-03   7.5381531197614824e-07   7.7945640807641796e-06
 -7.4249999999999989e+00  -9.1445568526297473e-04   9.6644122470954021e-04  -5.2967142790841431e-03   7.7851378055259355e-07   8.0230469456717060e-06
 -7.3999999999999995e+00  -9.1464647262412904e-04   9.6878625368246286e-04  -5.2978161820524542e-03   8.0399685193911894e-07   8.2578807934047753e-06
 -7.3750000000000000e+00  -9.1481518271095685e-04   9.7116127125878335e-04  -5.2987319234198190e-03   8.3028844297224498e-07   8.4992290187352296e-06
 -7.3499999999999996e+00  -9.1496140129346108e-04   9.7356706669498520e-04  -5.2994569496615206e-03   8.5741315666803340e-07   8.7472587031729056e-06
 -7.3249999999999993e+00  -9.1508470643629741e-04   9.7600444506392478e-04  -5.2999866163575575e-03   8.8539629998896999e-07   9.0021406764985343e-06
 -7.2999999999999989e+00  -9.1518466836160303e-04   9.7847422754420549e-04  -5.3003161864501689e-03   9.1426390197820637e-07   9.2640495782999799e-06
 -7.2749999999999995e+00  -9.1526084930366048e-04   9.8097725172615821e-04  -5.3004408283980438e-03   9.4404273226391025e-07   9.5331639194484223e-06
 -7.2500000000000000e+00  -9.1531280335547334e-04   9.8351437193428611e-04  -5.3003556142278020e-03   9.7476031993582203e-07   9.8096661434440036e-06
 -7.2249999999999996e+00  -9.1534007630746192e-04   9.8608645956575237e-04  -5.3000555174848550e-03   1.0064449727958460e-06   1.0093742687556873e-05
 -7.1999999999999993e+00  -9.1534220547866607e-04   9.8869440344416895e-04  -5.2995354110877994e-03   1.0391257969842537e-06   1.0385584043686413e-05
 -7.1749999999999989e+00  -9.1531871954101058e-04   9.9133911018758295e-04  -5.2987900650925150e-03   1.0728327169825349e-06   1.0685384818855504e-05
 -7.1499999999999995e+00  -9.1526913833737565e-04   9.9402150458919800e-04  -5.2978141443742665e-03   1.1075964959933389e-06   1.0993343795250426e-05
 -7.1250000000000000e+00  -9.1519297269442642e-04   9.9674253000895199e-04  -5.2966022062386009e-03   1.1434487566977277e-06   1.1309663989714433e-05
 -7.0999999999999996e+00  -9.1508972423138375e-04   9.9950314877361398e-04  -5.2951486979744928e-03   1.1804220023893723e-06   1.1634552712596929e-05
 -7.0749999999999993e+00  -9.1495888516613419e-04   1.0023043425826396e-03  -5.2934479543656938e-03   1.2185496384843907e-06   1.1968221625851355e-05
 -7.0499999999999989e+00  -9.1479993812033607e-04   1.0051471129165191e-03  -5.2914941951792390e-03   1.2578659944054090e-06   1.2310886800273384e-05
 -7.0249999999999995e+00  -9.1461235592543298e-04   1.0080324814438376e-03  -5.2892815226530899e-03   1.2984063458373909e-06   1.2662768771761582e-05
 -7.0000000000000000e+00  -9.1439560143176802e-04   1.0109614904227145e-03  -5.2868039190081227e-03   1.3402069373522799e-06   1.3024092596477944e-05
 -6.9749999999999996e+00  -9.1414912732327384e-04   1.0139352030917382e-03  -5.2840552440129914e-03   1.3833050053986398e-06   1.3395087904778366e-05
 -6.9499999999999993e+00  -9.1387237594049773e-04   1.0169547040449417e-03  -5.2810292326336966e-03   1.4277388016515131e-06   1.3775988953774542e-05
 -6.9249999999999989e+00  -9.1356477911503048e-04   1.0200210995847600e-03  -5.2777194928033061e-03   1.4735476167171950e-06   1.4167034678384525e-05
 -6.8999999999999995e+00  -9.1322575801872118e-04   1.0231355180462876e-03  -5.2741195033509007e-03   1.5207718041864562e-06   1.4568468740719749e-05
 -6.8750000000000000e+00  -9.1285472303134915e-04   1.0262991100855813e-03  -5.2702226121323116e-03   1.5694528050285181e-06   1.4980539577645984e-05
 -6.8499999999999996e+00  -9.1245107363075850e-04   1.0295130489241062e-03  -5.2660220344089214e-03   1.6196331723174997e-06   1.5403500446351871e-05
 -6.8249999999999993e+00  -9.1201419830977751e-04   1.0327785305407824e-03  -5.2615108515246716e-03   1.6713565962816383e-06   1.5837609467747318e-05
 -6.7999999999999989e+00  -9.1154347452455952e-04   1.0360967738024802e-03  -5.2566820099350106e-03   1.7246679296644002e-06   1.6283129667505391e-05
 -6.7749999999999995e+00  -9.1103826867928398e-04   1.0394690205232069e-03  -5.2515283206450653e-03   1.7796132133852363e-06   1.6740329014551232e-05
 -6.7500000000000000e+00  -9.1049793615246817e-04   1.0428965354416370e-03  -5.2460424591179401e-03   1.8362397024865049e-06   1.7209480456792987e-05
 -6.7249999999999996e+00  -9.0992182137044882e-04   1.0463806061059978e-03  -5.2402169657176680e-03   1.8945958923517255e-06   1.7690861953880404e-05
 -6.6999999999999993e+00  -9.0930925793387453e-04   1.0499225426547918e-03  -5.2340442467546750e-03   1.9547315451785555e-06   1.8184756506764138e-05
 -6.6749999999999989e+00  -9.0865956880331708e-04   1.0535236774813141e-03  -5.2275165762046211e-03   2.0166977166881023e-06   1.8691452183817043e-05
 -6.6499999999999995e+00  -9.0797206655037518e-04   1.0571853647693768e-03  -5.2206260981747703e-03   2.0805467830512936e-06   1.9211242143273910e-05
 -6.6250000000000000e+00  -9.0724605368088711e-04   1.0609089798872110e-03  -5.2133648301946715e-03   2.1463324680099197e-06   1.9744424651724276e-05
 -6.5999999999999996e+00  -9.0648082303708898e-04   1.0646959186260687e-03  -5.2057246674106668e-03   2.2141098701692987e-06   2.0291303098391132e-05
 -6.5749999999999993e+00  -9.0567565828574405e-04   1.0685475962696723e-03  -5.1976973877659377e-03   2.2839354904365790e-06   2.0852186004908429e-05
 -6.5499999999999989e+00  -9.0482983449944557e-04   1.0724654464803346e-03  -5.1892746582497670e-03   2.3558672595769485e-06   2.1427387030300895e-05
 -6.5249999999999995e+00  -9.0394261883843452e-04   1.0764509199873017e-03  -5.1804480423014512e-03   2.4299645658578124e-06   2.2017224970856742e-05
 -6.5000000000000000e+00  -9.0301327134036558e-04   1.0805054830626819e-03  -5.1712090084553150e-03   2.5062882827481563e-06   2.2622023754566495e-05
 -6.4749999999999996e+00  -9.0204104582553967e-04   1.0846306157701788e-03  -5.1615489403142971e-03   2.5849007966383528e-06   2.3242112429791658e-05
 -6.4499999999999993e+00  -9.0102519092516713e-04   1.0888278099717692e-03  -5.1514591479401356e-03   2.6658660345427855e-06   2.3877825147810440e-05
 -6.4249999999999989e+00  -8.9996495124020320e-04   1.0930985670775065e-03  -5.1409308807479018e-03   2.7492494917445677e-06   2.4529501138870329e-05
 -6.3999999999999995e+00  -8.9885956863825932e-04   1.0974443955237315e-03  -5.1299553419922699e-03   2.8351182593393443e-06   2.5197484681367008e-05
 -6.3750000000000000e+00  -8.9770828369599919e-04   1.1018668079651717e-03  -5.1185237049317317e-03   2.9235410516312987e-06   2.5882125063747163e-05
 -6.3499999999999996e+00  -8.9651033729430435e-04   1.1063673181666532e-03  -5.1066271307555946e-03   3.0145882333321266e-06   2.6583776538723517e-05
 -6.3249999999999993e+00  -8.9526497237330351e-04   1.1109474375805663e-03  -5.0942567883563907e-03   3.1083318465094256e-06   2.7302798269366178e-05
 -6.2999999999999998e+00  -8.9397143585412094e-04   1.1156086715966847e-03  -5.0814038760275586e-03   3.2048456372281175e-06   2.8039554266623494e-05
 -6.2749999999999995e+00  -8.9262898073392714e-04   1.1203525154515220e-03  -5.0680596451630616e-03   3.3042050818242941e-06   2.8794413317804070e-05
 -6.2500000000000000e+00  -8.9123686836053702e-04   1.1251804497850813e-03  -5.0542154260317948e-03   3.4064874127472813e-06   2.9567748905536177e-05
 -6.2249999999999996e+00  -8.8979437089242166e-04   1.1300939358336165e-03  -5.0398626556950833e-03   3.5117716439013770e-06   3.0359939116700869e-05
 -6.1999999999999993e+00  -8.8830077394955263e-04   1.1350944102479390e-03  -5.0249929081305359e-03   3.6201385954145182e-06   3.1171366540816765e-05
 -6.1749999999999998e+00  -8.8675537946002203e-04   1.1401832795277691e-03  -5.0095979266198973e-03   3.7316709177568363e-06   3.2002418157337454e-05
 -6.1499999999999995e+00  -8.8515750870681443e-04   1.1453619140637558e-03  -4.9936696584520004e-03   3.8464531151267219e-06   3.2853485211297538e-05
 -6.1250000000000000e+00  -8.8350650557852733e-04   1.1506316417799816e-03  -4.9772002919852044e-03   3.9645715680179134e-06   3.3724963076730165e-05
 -6.0999999999999996e+00  -8.8180174002719651e-04   1.1559937413710484e-03  -4.9601822961062216e-03   4.0861145548755091e-06   3.4617251107254684e-05
 -6.0749999999999993e+00  -8.8004261173567474e-04   1.1614494351292648e-03  -4.9426084621140773e-03   4.2111722727433551e-06   3.5530752473212226e-05
 -6.0499999999999998e+00  -8.7822855399628114e-04   1.1669998813589378e-03  -4.9244719480494425e-03   4.3398368568001567e-06   3.6465873984709742e-05
 -6.0249999999999995e+00  -8.7635903780163720e-04   1.1726461663763670e-03  -4.9057663254802380e-03   4.4722023986752324e-06   3.7423025899907386e-05
 -6.0000000000000000e+00  -8.7443357614777552e-04   1.1783892960958468e-03  -4.8864856287448395e-03   4.6083649634291372e-06   3.8402621717865926e-05
 -5.9749999999999996e+00  -8.7245172854872211e-04   1.1842301872037114e-03  -4.8666244066438991e-03   4.7484226050778058e-06   3.9405077955247515e-05
 -5.9499999999999993e+00  -8.7041310576085244e-04   1.1901696579243218e-03  -4.8461777765613405e-03   4.8924753805324883e-06   4.0430813906142540e-05
 -5.9249999999999998e+00  -8.6831737471435900e-04   1.1962084183837949e-03  -4.8251414809839860e-03   5.0406253618204773e-06   4.1480251384271231e-05
 -5.8999999999999995e+00  -8.6616426364818780e-04   1.2023470605792663e-03  -4.8035119463777851e-03   5.1929766464447646e-06   4.2553814446787807e-05
 -5.8750000000000000e+00  -8.6395356744379235e-04   1.2085860479635049e-03  -4.7812863443670479e-03   5.3496353657332424e-06   4.3651929098892812e-05
 -5.8499999999999996e+00  -8.6168515315200556e-04   1.2149257046567895e-03  -4.7584626551508691e-03   5.5107096910199071e-06   4.4775022978433390e-05
 -5.8249999999999993e+00  -8.5935896570628703e-04   1.2213662043000894e-03  -4.7350397330787816e-03   5.6763098374929344e-06   4.5923525019652753e-05
 -5.7999999999999998e+00  -8.5697503381452209e-04   1.2279075585657393e-03  -4.7110173742952975e-03   5.8465480655356230e-06   4.7097865095223254e-05
 -5.7749999999999995e+00  -8.5453347602047530e-04   1.2345496053439704e-03  -4.6863963863504219e-03   6.0215386793776955e-06   4.8298473635677144e-05
 -5.7500000000000000e+00  -8.5203450692490125e-04   1.2412919966258754e-03  -4.6611786596605842e-03   6.2013980228648887e-06   4.9525781225322461e-05
 -5.7249999999999996e+00  -8.4947844355524036e-04   1.2481341861055450e-03  -4.6353672406919191e-03   6.3862444721459594e-06   5.0780218173713557e-05
 -5.6999999999999993e+00  -8.4686571187173271e-04   1.2550754165263219e-03  -4.6089664067252359e-03   6.5761984250654082e-06   5.2062214061715535e-05
 -5.6749999999999998e+00  -8.4419685339671383e-04   1.2621147067982733e-03  -4.5819817420496047e-03   6.7713822870406321e-06   5.3372197261184339e-05
 -5.6499999999999995e+00  -8.4147253195280170e-04   1.2692508389161095e-03  -4.5544202154193213e-03   6.9719204531911547e-06   5.4710594427257325e-05
 -5.6250000000000000e+00  -8.3869354049465094e-04   1.2764823447088459e-03  -4.5262902585971251e-03   7.1779392864765889e-06   5.6077829962228066e-05
 -5.5999999999999996e+00  -8.3586080801794824e-04   1.2838074924545486e-03  -4.4976018457949189e-03   7.3895670915883132e-06   5.7474325449954555e-05
 -5.5749999999999993e+00  -8.3297540652833249e-04   1.2912242733954893e-03  -4.4683665738118961e-03   7.6069340843274777e-06   5.8900499059724978e-05
 -5.5499999999999998e+00  -8.3003855805199834e-04   1.2987303881909057e-03  -4.4385977426592838e-03   7.8301723561899904e-06   6.0356764918486471e-05
 -5.5249999999999995e+00  -8.2705164166884250e-04   1.3063232333463783e-03  -4.4083104364506329e-03   8.0594158338653412e-06   6.1843532450313492e-05
 -5.5000000000000000e+00  -8.2401620054818776e-04   1.3139998876605101e-03  -4.3775216043270620e-03   8.2948002333432373e-06   6.3361205681975268e-05
 -5.4749999999999996e+00  -8.2093394896631767e-04   1.3217570987312068e-03  -4.3462501411777729e-03   8.5364630083071036e-06   6.4910182513433214e-05
 -5.4499999999999993e+00  -8.1780677928433132e-04   1.3295912695653357e-03  -4.3145169679078147e-03   8.7845432924791312e-06   6.6490853952079441e-05
 -5.4249999999999998e+00  -8.1463676886416806e-04   1.3374984453368699e-03  -4.2823451109975782e-03   9.0391818355662568e-06   6.8103603309504874e-05
 -5.3999999999999995e+00  -8.1142618690005313e-04   1.3454743003398378e-03  -4.2497597810917734e-03   9.3005209324399178e-06   6.9748805359560234e-05
 -5.3750000000000000e+00  -8.0817750114210241e-04   1.3535141251834637e-03  -4.2167884503497930e-03   9.5687043451662899e-06   7.1426825456453438e-05
 -5.3499999999999996e+00  -8.0489338448837885e-04   1.3616128142777725e-03  -4.1834609282844319e-03   9.8438772174856681e-06   7.3138018611601657e-05
 -5.3249999999999993e+00  -8.0157672142133838e-04   1.3697648536586796e-03  -4.1498094358119707e-03   1.0126185981321970e-05   7.4882728527936443e-05
 -5.2999999999999998e+00  -7.9823061426431642e-04   1.3779643092021621e-03  -4.1158686772335765e-03   1.0415778254883763e-05   7.6661286590334326e-05
 -5.2749999999999995e+00  -7.9485838923352601e-04   1.3862048152774858e-03  -4.0816759098661068e-03   1.0712802731899063e-05   7.8474010810828003e-05
 -5.2500000000000000e+00  -7.9146360226094756e-04   1.3944795638897054e-03  -4.0472710110394791e-03   1.1017409061504494e-05   8.0321204727224504e-05
 -5.2249999999999996e+00  -7.8805004456345979e-04   1.4027812943616573e-03  -4.0126965421778899e-03   1.1329747718288548e-05   8.2203156253739587e-05
 -5.1999999999999993e+00  -7.8462174793367549e-04   1.4111022836055264e-03  -3.9779978096835611e-03   1.1649969861965403e-05   8.4120136482231618e-05
 -5.1749999999999998e+00  -7.8118298972811408e-04   1.4194343370336978e-03  -3.9432229223440602e-03   1.1978227186132250e-05   8.6072398432597650e-05
 -5.1499999999999995e+00  -7.7773829752862168e-04   1.4277687801580866e-03  -3.9084228449877342e-03   1.2314671755538149e-05   8.8060175750869974e-05
 -5.1250000000000000e+00  -7.7429245345332436e-04   1.4360964509263919e-03  -3.8736514481165188e-03   1.2659455831266247e-05   9.0083681353529476e-05
 -5.0999999999999996e+00  -7.7085049809386596e-04   1.4444076928427990e-03  -3.8389655532510688e-03   1.3012731683203988e-05   9.2143106016528146e-05
 -5.0749999999999993e+00  -7.6741773405625204e-04   1.4526923489195311e-03  -3.8044249737302248e-03   1.3374651389147194e-05   9.4238616907490127e-05
 -5.0499999999999998e+00  -7.6399972908326578e-04   1.4609397565043631e-03  -3.7700925507145868e-03   1.3745366619853694e-05   9.6370356059534735e-05
 -5.0249999999999995e+00  -7.6060231873717856e-04   1.4691387430277106e-03  -3.7360341841532214e-03   1.4125028409330619e-05   9.8538438785143403e-05
 -5.0000000000000000e+00  -7.5723160862230644e-04   1.4772776227112323e-03  -3.7023188584825602e-03   1.4513786909606341e-05   1.0074295202846498e-04
 -4.9749999999999996e+00  -7.5389397612788897e-04   1.4853441942780641e-03  -3.6690186628376854e-03   1.4911791129202476e-05   1.0298395265442693e-04
 -4.9499999999999993e+00  -7.5059607167277445e-04   1.4933257397027565e-03  -3.6362088055683886e-03   1.5319188654485470e-05   1.0526146567299761e-04
 -4.9249999999999998e+00  -7.4734481943447648e-04   1.5012090240368371e-03  -3.6039676228654168e-03   1.5736125353037591e-05   1.0757548239691228e-04
 -4.8999999999999995e+00  -7.4414741754633563e-04   1.5089802963435595e-03  -3.5723765813163448e-03   1.6162745058146982e-05   1.0992595853115159e-04
 -4.8750000000000000e+00  -7.4101133774773752e-04   1.5166252917729727e-03  -3.5415202742252248e-03   1.6599189233472464e-05   1.1231281219242581e-04
 -4.8499999999999996e+00  -7.3794432447363051e-04   1.5241292348058154e-03  -3.5114864115456915e-03   1.7045596616894469e-05   1.1473592185689450e-04
 -4.8249999999999993e+00  -7.3495439337095117e-04   1.5314768436920044e-03  -3.4823658032936203e-03   1.7502102842514282e-05   1.1719512423431220e-04
 -4.7999999999999998e+00  -7.3204982923097991e-04   1.5386523361066416e-03  -3.4542523363224435e-03   1.7968840039713664e-05   1.1969021206676068e-04
 -4.7749999999999995e+00  -7.2923918332809209e-04   1.5456394360435154e-03  -3.4272429443616653e-03   1.8445936408133143e-05   1.2222093185009181e-04
 -4.7500000000000000e+00  -7.2653127015688784e-04   1.5524213819630393e-03  -3.4014375712373276e-03   1.8933515767370578e-05   1.2478698147616710e-04
 -4.7249999999999996e+00  -7.2393516356120981e-04   1.5589809362084441e-03  -3.3769391272116403e-03   1.9431697080141268e-05   1.2738800779394131e-04
 -4.7000000000000002e+00  -7.2146019225012472e-04   1.5653003957008670e-03  -3.3538534383978982e-03   1.9940593947577606e-05   1.3002360408739537e-04
 -4.6749999999999998e+00  -7.1911593469752846e-04   1.5713616039207800e-03  -3.3322891892259656e-03   2.0460314075278467e-05   1.3269330746827851e-04
 -4.6499999999999995e+00  -7.1691221342364355e-04   1.5771459641798753e-03  -3.3123578579530720e-03   2.0990958708647796e-05   1.3539659618157671e-04
 -4.6250000000000000e+00  -7.1485908865827048e-04   1.5826344541843202e-03  -3.2941736452340698e-03   2.1532622035985003e-05   1.3813288682156986e-04
 -4.5999999999999996e+00  -7.1296685138728326e-04   1.5878076418869289e-03  -3.2778533957850339e-03   2.2085390557710490e-05   1.4090153145629274e-04
 -4.5750000000000002e+00  -7.1124601578545271e-04   1.5926457026225352e-03  -3.2635165131936154e-03   2.2649342420023444e-05   1.4370181465815624e-04
 -4.5499999999999998e+00  -7.0970731104026317e-04   1.5971284375175772e-03  -3.2512848679488878e-03   2.3224546711198441e-05   1.4653295043842642e-04
 -4.5249999999999995e+00  -7.0836167257296674e-04   1.6012352931616869e-03  -3.2412826987828305e-03   2.3811062718631828e-05   1.4939407908320042e-04
 -4.5000000000000000e+00  -7.0722023266462546e-04   1.6049453825258916e-03  -3.2336365074342303e-03   2.4408939144645051e-05   1.5228426388844637e-04
 -4.4749999999999996e+00  -7.0629431049641709e-04   1.6082375071089080e-03  -3.2284749469646576e-03   2.5018213278944351e-05   1.5520248779160974e-04
 -4.4500000000000002e+00  -7.0559540161491293e-04   1.6110901802899767e-03  -3.2259287037742011e-03   2.5638910125519421e-05   1.5814764989721062e-04
 -4.4249999999999998e+00  -7.0513516683444705e-04   1.6134816518637261e-03  -3.2261303734822601e-03   2.6271041481641072e-05   1.6111856189378120e-04
 -4.3999999999999995e+00  -7.0492542059004285e-04   1.6153899337296856e-03  -3.2292143308559423e-03   2.6914604966485578e-05   1.6411394435940669e-04
 -4.3750000000000000e+00  -7.0497811875562424e-04   1.6167928267063899e-03  -3.2353165939846516e-03   2.7569582996774124e-05   1.6713242295304681e-04
 -4.3499999999999996e+00  -7.0530534594345046e-04   1.6176679484373694e-03  -3.2445746829154109e-03   2.8235941706666490e-05   1.7017252448872424e-04
 -4.3250000000000002e+00  -7.0591930230184431e-04   1.6179927623538699e-03  -3.2571274729782294e-03   2.8913629808988852e-05   1.7323267288956460e-04
 -4.2999999999999998e+00  -7.0683228982930315e-04   1.6177446076568603e-03  -3.2731150430447072e-03   2.9602577394706298e-05   1.7631118501857358e-04
 -4.2749999999999995e+00  -7.0805669822405571e-04   1.6169007302786918e-03  -3.2926785189764029e-03   3.0302694667370229e-05   1.7940626638292983e-04
 -4.2500000000000000e+00  -7.0960499028896906e-04   1.6154383147828160e-03  -3.3159599125315545e-03   3.1013870609077014e-05   1.8251600670845302e-04
 -4.2249999999999996e+00  -7.1148968691244613e-04   1.6133345171582064e-03  -3.3431019560096727e-03   3.1735971574269591e-05   1.8563837538079642e-04
 -4.2000000000000002e+00  -7.1372335164661513e-04   1.6105664984634599e-03  -3.3742479329238666e-03   3.2468839807493073e-05   1.8877121674978201e-04
 -4.1749999999999998e+00  -7.1631857490463103e-04   1.6071114592741834e-03  -3.4095415049995676e-03   3.3212291880981603e-05   1.9191224529317103e-04
 -4.1499999999999995e+00  -7.1928795779930698e-04   1.6029466748860772e-03  -3.4491265358060738e-03   3.3966117047702693e-05   1.9505904063602835e-04
 -4.1250000000000000e+00  -7.2264409564560443e-04   1.5980495312250913e-03  -3.4931469113341509e-03   3.4730075505217843e-05   1.9820904242169504e-04
 -4.0999999999999996e+00  -7.2639956114963693e-04   1.5923975614153187e-03  -3.5417463578381069e-03   3.5503896565432602e-05   2.0135954503024475e-04
 -4.0750000000000002e+00  -7.3056688730691922e-04   1.5859684829546250e-03  -3.5950682572654644e-03   3.6287276725003298e-05   2.0450769214014483e-04
 -4.0499999999999998e+00  -7.3515855003244643e-04   1.5787402354477725e-03  -3.6532554605999343e-03   3.7079877630841368e-05   2.0765047112869208e-04
 -4.0249999999999995e+00  -7.4018695054496272e-04   1.5706910188466462e-03  -3.7164500994453535e-03   3.7881323934807003e-05   2.1078470730663440e-04
 -4.0000000000000000e+00  -7.4566439752736600e-04   1.5617993321473558e-03  -3.7847933961784376e-03   3.8691201031310440e-05   2.1390705798222720e-04
 -3.9749999999999996e+00  -7.5160308908464872e-04   1.5520440124943741e-03  -3.8584254729973478e-03   3.9509052671139948e-05   2.1701400634981151e-04
 -3.9500000000000002e+00  -7.5801509452014227e-04   1.5414042746423517e-03  -3.9374851601915650e-03   4.0334378444408532e-05   2.2010185519783274e-04
 -3.9249999999999998e+00  -7.6491233595000769e-04   1.5298597507270371e-03  -4.0221098039555543e-03   4.1166631125054296e-05   2.2316672043105350e-04
 -3.8999999999999995e+00  -7.7230656977493410e-04   1.5173905302977605e-03  -4.1124350740642098e-03   4.2005213868840723e-05   2.2620452440154644e-04
 -3.8750000000000000e+00  -7.8020936802690921e-04   1.5039772005651117e-03  -4.2085947717230964e-03   4.2849477256279373e-05   2.2921098904288848e-04
 -3.8499999999999996e+00  -7.8863209960763306e-04   1.4896008868188907e-03  -4.3107206378998307e-03   4.3698716171338386e-05   2.3218162880181696e-04
 -3.8250000000000002e+00  -7.9758591143371069e-04   1.4742432929730404e-03  -4.4189421624353416e-03   4.4552166506199639e-05   2.3511174336144928e-04
 -3.7999999999999998e+00  -8.0708170950169467e-04   1.4578867421970595e-03  -4.5333863942196998e-03   4.5409001681686927e-05   2.3799641015002248e-04
 -3.7749999999999995e+00  -8.1713013988437622e-04   1.4405142175951252e-03  -4.6541777527088005e-03   4.6268328972298944e-05   2.4083047662896328e-04
 -3.7500000000000000e+00  -8.2774156966714592e-04   1.4221094028977787e-03  -4.7814378410398119e-03   4.7129185624046613e-05   2.4360855235397951e-04
 -3.7249999999999996e+00  -8.3892606783046698e-04   1.4026567231346005e-03  -4.9152852609840670e-03   4.7990534752505074e-05   2.4632500080274528e-04
 -3.7000000000000002e+00  -8.5069338608231187e-04   1.3821413852587404e-03  -5.0558354299648387e-03   4.8851261007647391e-05   2.4897393096266524e-04
 -3.6749999999999998e+00  -8.6305293964303504e-04   1.3605494186947609e-03  -5.2032004003671637e-03   4.9710165991122869e-05   2.5154918867213260e-04
 -3.6499999999999995e+00  -8.7601378798451285e-04   1.3378677157803440e-03  -5.3574886813767949e-03   5.0565963410675314e-05   2.5404434770865878e-04
 -3.6250000000000000e+00  -8.8958461552509445e-04   1.3140840720707021e-03  -5.5188050636008693e-03   5.1417273955361420e-05   2.5645270061725811e-04
 -3.5999999999999996e+00  -9.0377371228315788e-04   1.2891872264688205e-03  -5.6872504467600843e-03   5.2262619874119592e-05   2.5876724927251227e-04
 -3.5750000000000002e+00  -9.1858895448712955e-04   1.2631669011477329e-03  -5.8629216707121144e-03   5.3100419239055015e-05   2.6098069516784181e-04
 -3.5499999999999998e+00  -9.3403778503177643e-04   1.2360138414573474e-03  -6.0459113487816105e-03   5.3928979873525896e-05   2.6308542942563457e-04
 -3.5249999999999995e+00  -9.5012719384943590e-04   1.2077198556083655e-03  -6.2363077045897138e-03   5.4746492923743558e-05   2.6507352252202744e-04
 -3.5000000000000000e+00  -9.6686369818044812e-04   1.1782778541550014e-03  -6.4341944125101995e-03   5.5551026051155865e-05   2.6693671372053521e-04
 -3.4749999999999996e+00  -9.8425332269876076e-04   1.1476818892859999e-03  -6.6396504416548069e-03   5.6340516221316547e-05   2.6866640020906828e-04
 -3.4500000000000002e+00  -1.0023015794572488e-03   1.1159271939514446e-03  -6.8527499033936689e-03   5.7112762063268898e-05   2.7025362593536477e-04
 -3.4249999999999998e+00  -1.0210134476113688e-03   1.0830102208371148e-03  -7.0735619023952973e-03   5.7865415771680081e-05   2.7168907013646091e-04
 -3.3999999999999995e+00  -1.0403933528790035e-03   1.0489286812053618e-03  -7.3021503912049186e-03   5.8595974522045645e-05   2.7296303555856112e-04
 -3.3750000000000000e+00  -1.0604451466877771e-03   1.0136815836203684e-03  -7.5385740283507264e-03   5.9301771367233841e-05   2.7406543636457461e-04
 -3.3499999999999996e+00  -1.0811720849557139e-03   9.7726927258251755e-04  -7.7828860399570257e-03   5.9979965581447267e-05   2.7498578572766197e-04
 -3.3250000000000002e+00  -1.1025768064429286e-03   9.3969346710158985e-04  -8.0351340848053773e-03   6.0627532415335880e-05   2.7571318311042414e-04
 -3.2999999999999998e+00  -1.1246613106045311e-03   9.0095729924489023e-04  -8.2953601227606106e-03   6.1241252223491244e-05   2.7623630123089154e-04
 -3.2749999999999995e+00  -1.1474269348666071e-03   8.6106535270123556e-04  -8.5636002864516690e-03   6.1817698922877318e-05   2.7654337271825586e-04
 -3.2500000000000000e+00  -1.1708743312383960e-03   8.2002370140744961e-04  -8.8398847560721121e-03   6.2353227737897894e-05   2.7662217646338603e-04
 -3.2249999999999996e+00  -1.1950034421642866e-03   7.7783994828916931e-04  -9.1242376371392809e-03   6.2843962184755341e-05   2.7646002367161081e-04
 -3.2000000000000002e+00  -1.2198134755094226e-03   7.3452326417247919e-04  -9.4166768410304559e-03   6.3285780244508991e-05   2.7604374362808095e-04
 -3.1749999999999998e+00  -1.2453028785617635e-03   6.9008442692808380e-04  -9.7172139680898311e-03   6.3674299670783279e-05   2.7535966918931017e-04
 -3.1499999999999995e+00  -1.2714693109218398e-03   6.4453586091430665e-04  -1.0025854193079277e-02   6.4004862374397457e-05   2.7439362201827646e-04
 -3.1250000000000000e+00  -1.2983096161386647e-03   5.9789167679021493e-04  -1.0342596152722958e-02   6.4272517823277757e-05   2.7313089758482456e-04
 -3.0999999999999996e+00  -1.3258197919365383e-03   5.5016771177463690e-04  -1.0667431835075226e-02   6.4472005391862509e-05   2.7155624995811844e-04
 -3.0750000000000002e+00  -1.3539949588625472e-03   5.0138157043127032e-04  -1.1000346470421408e-02   6.4597735589810274e-05   2.6965387642363187e-04
 -3.0499999999999998e+00  -1.3828293271683138e-03   4.5155266606421781e-04  -1.1341318423402143e-02   6.4643770095164311e-05   2.6740740196373015e-04
 -3.0249999999999995e+00  -1.4123161617219044e-03   4.0070226281205252e-04  -1.1690319086035105e-02   6.4603800512207904e-05   2.6479986364839956e-04
 -3.0000000000000000e+00  -1.4424477447265939e-03   3.4885351853188956e-04  -1.2047312771292994e-02   6.4471125769060449e-05   2.6181369499123959e-04
 -2.9749999999999996e+00  -1.4732153360022479e-03   2.9603152856776799e-04  -1.2412256606884033e-02   6.4238628064611296e-05   2.5843071033557799e-04
 -2.9500000000000002e+00  -1.5046091305622315e-03   2.4226337049988793e-04  -1.2785100428871623e-02   6.3898747268672875e-05   2.5463208934665992e-04
 -2.9249999999999998e+00  -1.5366182131938215e-03   1.8757814997271782e-04  -1.3165786674763511e-02   6.3443453673260277e-05   2.5039836169846397e-04
 -2.8999999999999995e+00  -1.5692305097228336e-03   1.3200704770061734e-04  -1.3554250275698572e-02   6.2864218986685746e-05   2.4570939205800340e-04
 -2.8750000000000000e+00  -1.6024327346133510e-03   7.5583367749173410e-05  -1.3950418547361766e-02   6.2151985455712511e-05   2.4054436548619305e-04
 -2.8499999999999996e+00  -1.6362103345208376e-03   1.8342587188747192e-05  -1.4354211079266144e-02   6.1297132994369782e-05   2.3488177339273878e-04
 -2.8250000000000002e+00  -1.6705474273811338e-03  -3.9677592786383673e-05  -1.4765539622055445e-02   6.0289444191230190e-05   2.2869940020331066e-04
 -2.7999999999999998e+00  -1.7054267365786823e-03  -9.8437194184771974e-05  -1.5184307972503199e-02   5.9118067060040408e-05   2.2197431092078733e-04
 -2.7749999999999995e+00  -1.7408295196943630e-03  -1.5789390790880311e-04  -1.5610411855915912e-02   5.7771475391644723e-05   2.1468283978894027e-04
 -2.7500000000000000e+00  -1.7767354912861918e-03  -2.1800303773755544e-04  -1.6043738805690100e-02   5.6237426558233089e-05   2.0680058029694563e-04
 -2.7249999999999996e+00  -1.8131227391044171e-03  -2.7871744254115622e-04  -1.6484168039827406e-02   5.4502916614188462e-05   1.9830237679696730e-04
 -2.7000000000000002e+00  -1.8499676330857966e-03  -3.3998747668154312e-04  -1.6931570334281366e-02   5.2554132531338936e-05   1.8916231804522792e-04
 -2.6749999999999998e+00  -1.8872447264095256e-03  -4.0176092857361294e-04  -1.7385807893095694e-02   5.0376401400404960e-05   1.7935373301997308e-04
 -2.6499999999999995e+00  -1.9249266478288767e-03  -4.6398295740423016e-04  -1.7846734215399594e-02   4.7954136425081039e-05   1.6884918941811557e-04
 -2.6250000000000000e+00  -1.9629839844175095e-03  -5.2659602803520615e-04  -1.8314193959454977e-02   4.5270779530757509e-05   1.5762049528674372e-04
 -2.5999999999999996e+00  -2.0013851537870040e-03  -5.8953984415102689e-04  -1.8788022804106314e-02   4.2308740406684086e-05   1.4563870430679156e-04
 -2.5750000000000002e+00  -2.0400962647417428e-03  -6.5275127975372683e-04  -1.9268047308171200e-02   3.9049331798782783e-05   1.3287412531475621e-04
 -2.5499999999999998e+00  -2.0790809652381048e-03  -7.1616430915704722e-04  -1.9754084768533544e-02   3.5472700870791317e-05   1.1929633672524601e-04
 -2.5250000000000004e+00  -2.1183002764062942e-03  -7.7970993569120069e-04  -2.0245943077967107e-02   3.1557756454515986e-05   1.0487420660327053e-04
 -2.5000000000000000e+00  -2.1577124112741250e-03  -8.4331611939960640e-04  -2.0743420584032623e-02   2.7282092016363940e-05   8.9575919231528104e-05
 -2.4749999999999996e+00  -2.1972725767019827e-03  -9.0690770409173531e-04  -2.1246305950763447e-02   2.2621904177811157e-05   7.3369009125584587e-05
 -2.4500000000000002e+00  -2.2369327568960524e-03  -9.7040634421355050e-04  -2.1754378025293373e-02   1.7551906643008877e-05   5.6220403569921134e-05
 -2.4249999999999998e+00  -2.2766414767119107e-03  -1.0337304321113346e-03  -2.2267405712094110e-02   1.2045239408487710e-05   3.8096474881589295e-05
 -2.4000000000000004e+00  -2.3163435427919349e-03  -1.0967950263986012e-03  -2.2785147858093463e-02   6.0733731592592470e-06   1.8963103756942384e-05
 -2.3750000000000000e+00  -2.3559797603968750e-03  -1.1595117822921889e-03  -2.3307353152649785e-02  -3.9399120582481011e-07  -1.2142447780308538e-06
 -2.3499999999999996e+00  -2.3954866235937297e-03  -1.2217888849661328e-03  -2.3833760047180963e-02  -7.3890279268742072e-06  -2.2470431110476541e-05
 -2.3250000000000002e+00  -2.4347959762482671e-03  -1.2835309871842744e-03  -2.4364096700204341e-02  -1.4945896558153358e-05  -4.4840534571381570e-05
 -2.2999999999999998e+00  -2.4738346410408838e-03  -1.3446391527194069e-03  -2.4898080954657915e-02  -2.3100856830520349e-05  -6.8359728626704315e-05
 -2.2750000000000004e+00  -2.5125240134791587e-03  -1.4050108073530459e-03  -2.5435420355665928e-02  -3.1892387967183166e-05  -9.3063135357335705e-05
 -2.2500000000000000e+00  -2.5507796176199448e-03  -1.4645396995814539e-03  -2.5975812218410107e-02  -4.1361312096867182e-05  -1.1898565658935484e-04
 -2.2249999999999996e+00  -2.5885106199394770e-03  -1.5231158735368212e-03  -2.6518943757499386e-02  -5.1550921258866881e-05  -1.4616177874538920e-04
 -2.2000000000000002e+00  -2.6256192975038762e-03  -1.5806256570747316e-03  -2.7064492291230563e-02  -6.2507107311975715e-05  -1.7462534817304620e-04
 -2.1749999999999998e+00  -2.6620004562979134e-03  -1.6369516684884406e-03  -2.7612125536434912e-02  -7.4278493837860127e-05  -2.0440931336741862e-04
 -2.1500000000000004e+00  -2.6975407952718198e-03  -1.6919728458959858e-03  -2.8161502012252461e-02  -8.6916568861975936e-05  -2.3554543014240264e-04
 -2.1250000000000000e+00  -2.7321182113711610e-03  -1.7455645040177468e-03  -2.8712271574210645e-02  -1.0047581689339104e-04  -2.6806392542183912e-04
 -2.0999999999999996e+00  -2.7656010405326770e-03  -1.7975984238305738e-03  -2.9264076103454637e-02  -1.1501384839937779e-04  -3.0199311491948302e-04
 -2.0750000000000002e+00  -2.7978472293723644e-03  -1.8479429814617487e-03  -2.9816550379934356e-02  -1.3059152437045003e-04  -3.3735896956146541e-04
 -2.0500000000000007e+00  -2.8287034320778346e-03  -1.8964633236842360e-03  -3.0369323172850772e-02  -1.4727307308416823e-04  -3.7418462508346514e-04
 -2.0250000000000004e+00  -2.8580040268674097e-03  -1.9430215985069173e-03  -3.0922018586756597e-02  -1.6512619552735508e-04  -4.1248982881740261e-04
 -2.0000000000000000e+00  -2.8855700463227144e-03  -1.9874772506328895e-03  -3.1474257707446690e-02  -1.8422215517041704e-04  -4.5229031728291819e-04
 -1.9749999999999996e+00  -2.9112080159771456e-03  -2.0296873929983830e-03  -3.2025660598211166e-02  -2.0463584688648726e-04  -4.9359711783571679e-04
 -1.9499999999999993e+00  -2.9347086957980674e-03  -2.0695072672160734e-03  -3.2575848704200980e-02  -2.2644583875254233e-04  -5.3641576732225710e-04
 -1.9250000000000007e+00  -2.9558457196973090e-03  -2.1067908075393773e-03  -3.3124447730598694e-02  -2.4973437923831988e-04  -5.8074544047965505e-04
 -1.9000000000000004e+00  -2.9743741290208154e-03  -2.1413913249448365e-03  -3.3671091069002478e-02  -2.7458736085931407e-04  -6.2657798074113860e-04
 -1.8750000000000000e+00  -2.9900287972025588e-03  -2.1731623300987771e-03  -3.4215423855892338e-02  -3.0109422971918634e-04  -6.7389682621161984e-04
 -1.8499999999999996e+00  -3.0025227445434790e-03  -2.2019585163247828e-03  -3.4757107757181514e-02  -3.2934782847169220e-04  -7.2267582392827932e-04
 -1.8249999999999993e+00  -3.0115453445470892e-03  -2.2276369262016131e-03  -3.5295826583525210e-02  -3.5944415807145393e-04  -7.7287792619586799e-04
 -1.8000000000000007e+00  -3.0167604265997597e-03  -2.2500583280625542e-03  -3.5831292852036893e-02  -3.9148204123911994e-04  -8.2445376388162555e-04
 -1.7750000000000004e+00  -3.0178042842596087e-03  -2.2690888313809262e-03  -3.6363255421005818e-02  -4.2556266782882435e-04  -8.7734009318641659e-04
 -1.7500000000000000e+00  -3.0142836042987807e-03  -2.2846017727280584e-03  -3.6891508334615221e-02  -4.6178899925428552e-04  -9.3145811471571785e-04
 -1.7249999999999996e+00  -3.0057733392748870e-03  -2.2964799065573181e-03  -3.7415901023823486e-02  -5.0026500582038731e-04  -9.8671166682023654e-04
 -1.6999999999999993e+00  -2.9918145562016223e-03  -2.3046179373298289e-03  -3.7936350016522624e-02  -5.4109470725910121e-04  -1.0429852993513286e-03
 -1.6750000000000007e+00  -2.9719123063343031e-03  -2.3089254312213493e-03  -3.8452852313527963e-02  -5.8438098305432849e-04  -1.1001422393976290e-03
 -1.6500000000000004e+00  -2.9455335767518431e-03  -2.3093301465246857e-03  -3.8965500585166887e-02  -6.3022411537673505e-04  -1.1580222674773596e-03
 -1.6250000000000000e+00  -2.9121054039516017e-03  -2.3057818214808931e-03  -3.9474500334001961e-02  -6.7872002381388864e-04  -1.2164395313154798e-03
 -1.5999999999999996e+00  -2.8710132538003236e-03  -2.2982564561122749e-03  -3.9980189149717148e-02  -7.2995814782837417e-04  -1.2751803350046372e-03
 -1.5749999999999993e+00  -2.8215998016801335e-03  -2.2867611200303294e-03  -4.0483058148876962e-02  -7.8401893036279932e-04  -1.3340009542935991e-03
 -1.5500000000000007e+00  -2.7631642823267920e-03  -2.2713393103337906e-03  -4.0983775640795514e-02  -8.4097085471706234e-04  -1.3926255441913682e-03
 -1.5250000000000004e+00  -2.6949626214237458e-03  -2.2520768716033980e-03  -4.1483212985910144e-02  -9.0086698738444998e-04  -1.4507442231708179e-03
 -1.5000000000000000e+00  -2.6162086110844865e-03  -2.2291084724658937e-03  -4.1982472508744088e-02  -9.6374098276465171e-04  -1.5080114390262254e-03
 -1.4749999999999996e+00  -2.5260764492159135e-03  -2.2026246088904717e-03  -4.2482917186855845e-02  -1.0296025125951696e-03  -1.5640447447083673e-03
 -1.4499999999999993e+00  -2.4237050281656260e-03  -2.1728790718049131e-03  -4.2986201652628335e-02  -1.0984320948013166e-03  -1.6184241377588129e-03
 -1.4250000000000007e+00  -2.3082044299340214e-03  -2.1401967742143541e-03  -4.3494303808742252e-02  -1.1701753147230196e-03  -1.6706921434113955e-03
 -1.4000000000000004e+00  -2.1786651612381558e-03  -2.1049817792687738e-03  -4.4009556063746624e-02  -1.2447364579872733e-03  -1.7203548475957901e-03
 -1.3750000000000000e+00  -2.0341707377167523e-03  -2.0677253044129717e-03  -4.4534674836178734e-02  -1.3219716104232739e-03  -1.7668841098388579e-03
 -1.3499999999999996e+00  -1.8738142959877021e-03  -2.0290133971862952e-03  -4.5072786552685491e-02  -1.4016813280942862e-03  -1.8097212044372582e-03
 -1.3249999999999993e+00  -1.6967199653412832e-03  -1.9895338857273811e-03  -4.5627447882058927e-02  -1.4836030412062396e-03  -1.8482821473178891e-03
 -1.3000000000000007e+00  -1.5020697538348300e-03  -1.9500821034350493e-03  -4.6202657416643686e-02  -1.5674034301813480e-03  -1.8819649607255053e-03
 -1.2750000000000004e+00  -1.2891366780626444e-03  -1.9115647766263274e-03  -4.6802855461749872e-02  -1.6526711002686799e-03  -1.9101591023256137e-03
 -1.2500000000000000e+00  -1.0573247685217780e-03  -1.8750013535183880e-03  -4.7432908066185719e-02  -1.7389099806565274e-03  -1.9322572328289230e-03
 -1.2249999999999996e+00  -8.0621638518936056e-04  -1.8415219533527080e-03  -4.8098070987742679e-02  -1.8255339805879857e-03  -1.9476694100258693e-03
 -1.1999999999999993e+00  -5.3562694928988865e-04  -1.8123610413370770e-03  -4.8803929025651019e-02  -1.9118635405644961e-03  -1.9558396711437044e-03
 -1.1750000000000007e+00  -2.4566670568642050e-04  -1.7888459083562030e-03  -4.9556306181757000e-02  -1.9971248094029933e-03  -1.9562647958384890e-03
 -1.1500000000000004e+00   6.3191550516990974e-05  -1.7723790783353620e-03  -5.0361142568408741e-02  -2.0804522412884354e-03  -1.9485148290157412e-03
 -1.1250000000000000e+00   3.9004073282906693e-04  -1.7644139074947929e-03  -5.1224335008777870e-02  -2.1608954204253464e-03  -1.9322546922510135e-03
 -1.0999999999999996e+00   7.3346673195408220e-04  -1.7664229045328663e-03  -5.2151540009660789e-02  -2.2374308609087274e-03  -1.9072659393429222e-03
 -1.0749999999999993e+00   1.0914789362631056e-03  -1.7798587091959427e-03  -5.3147940322337731e-02  -2.3089793722720119e-03  -1.8734674399092331e-03
 -1.0500000000000007e+00   1.4614495096445270e-03  -1.8061082261264653e-03  -5.4217979657770823e-02  -2.3744293072872893e-03  -1.8309335397525847e-03
 -1.0250000000000004e+00   1.8400680844102755e-03  -1.8464411078876759e-03  -5.5365074175895257e-02  -2.4326656086246304e-03  -1.7799080915278898e-03
 -1.0000000000000000e+00   2.2233193526488377e-03  -1.9019545736791044e-03  -5.6591313844416784e-02  -2.4826040526252625e-03  -1.7208127217792949e-03
 -9.7499999999999964e-01   2.6064912796340120e-03  -1.9735173630581319e-03  -5.7897171187854181e-02  -2.5232294828711594e-03  -1.6542478448325986e-03
 -9.4999999999999929e-01   2.9842210499086757e-03  -2.0617163489006418e-03  -5.9281238669910453e-02  -2.5536361918198666e-03  -1.5809852803742206e-03
 -9.2500000000000071e-01   3.3505841702039991e-03  -2.1668098395617383e-03  -6.0740018202225500e-02  -2.5730680297175361e-03  -1.5019518841905685e-03
 -9.0000000000000036e-01   3.6992292920463724e-03  -2.2886917516678272e-03  -6.2267786286137536e-02  -2.5809553976730961e-03  -1.4182043294820638e-03
 -8.7500000000000000e-01   4.0235573701621419e-03  -2.4268705216088744e-03  -6.3856555483697966e-02  -2.5769461181586379e-03  -1.3308960088791325e-03
 -8.4999999999999964e-01   4.3169390703320168e-03  -2.5804657915480182e-03  -6.5496147056666149e-02  -2.5609273513207201e-03  -1.2412378594343308e-03
 -8.2499999999999929e-01   4.5729594536963718e-03  -2.7482245844063450e-03  -6.7174381001408046e-02  -2.5330362735974353e-03  -1.1504556193720576e-03
 -8.0000000000000071e-01   4.7856746417847366e-03  -2.9285569980780856e-03  -6.8877379212331336e-02  -2.4936581266825353e-03  -1.0597464852471778e-03
 -7.7500000000000036e-01   4.9498621995964715e-03  -3.1195896148698016e-03  -7.0589966488716752e-02  -2.4434113813939480e-03  -9.7023826184596993e-04
 -7.5000000000000000e-01   5.0612460219000019e-03  -3.3192331025403122e-03  -7.2296144186208555e-02  -2.3831209873754733e-03  -8.8295384985593900e-04
 -7.2499999999999964e-01   5.1166779227695500e-03  -3.5252591419743504e-03  -7.3979604064331864e-02  -2.3137818128853849e-03  -7.9878332959637207e-04
 -6.9999999999999929e-01   5.1142618398583592e-03  -3.7353810583008358e-03  -7.5624246439937745e-02  -2.2365152472488114e-03  -7.1846506618558766e-04
 -6.7500000000000071e-01   5.0534120658149882e-03  -3.9473324576610709e-03  -7.7214667592862982e-02  -2.1525224185930895e-03  -6.4257631695206134e-04
 -6.5000000000000036e-01   4.9348433653576057e-03  -4.1589387572938822e-03  -7.8736586185036178e-02  -2.0630375221840471e-03  -5.7153291121571554e-04
 -6.2500000000000000e-01   4.7604972340320227e-03  -4.3681776060543508e-03  -8.0177186278809445e-02  -1.9692843913115218e-03  -5.0559682122340664e-04
 -5.9999999999999964e-01   4.5334139791165491e-03  -4.5732256150365722e-03  -8.1525363989185584e-02  -1.8724387709384953e-03  -4.4488993321785972e-04
 -5.7499999999999929e-01   4.2575640852491100e-03  -4.7724903189856841e-03  -8.2771874399890408e-02  -1.7735979102673791e-03  -3.8941208844927921e-04
 -5.5000000000000071e-01   3.9376541575363959e-03  -4.9646276592034255e-03  -8.3909383842506929e-02  -1.6737582156194908e-03  -3.3906147537293604e-04
 -5.2500000000000036e-01   3.5789226691331989e-03  -5.1485463679438225e-03  -8.4932439114487099e-02  -1.5738009188072687e-03  -2.9365566123674248e-04
 -5.0000000000000000e-01   3.1869391230562004e-03  -5.3234013672931344e-03  -8.5837369306869513e-02  -1.4744850982436294e-03  -2.5295188197706973e-04
 -4.7499999999999964e-01   2.7674175789842719e-03  -5.4885786664145538e-03  -8.6622137671159727e-02  -1.3764469759980739e-03  -2.1666559239017383e-04
 -4.4999999999999929e-01   2.3260523412335916e-03  -5.6436742965148747e-03  -8.7286160737569438e-02  -1.2802042009769181e-03  -1.8448665497039957e-04
 -4.2500000000000071e-01   1.8683804346089445e-03  -5.7884696397398254e-03  -8.7830110233693831e-02  -1.1861637864935472e-03  -1.5609287504442880e-04
 -4.0000000000000036e-01   1.3996726651107647e-03  -5.9229051721672501e-03  -8.8255710810487470e-02  -1.0946324558638218e-03  -1.3116085025281044e-04
 -3.7500000000000000e-01   9.2485278279927049e-04  -6.0470542310141727e-03  -8.8565543667980626e-02  -1.0058283157559824e-03  -1.0937428825617506e-04
 -3.4999999999999964e-01   4.4844261363748540e-04  -6.1610979948975037e-03  -8.8762863279949172e-02  -9.1989298237197463e-04  -9.0430063123200948e-05
 -3.2499999999999929e-01  -2.5470014923648314e-05  -6.2653024769634092e-03  -8.8851431808726677e-02  -8.3690349786465841e-04  -7.4042339862828208e-05
 -3.0000000000000071e-01  -4.9324424763272270e-04  -6.3599979991136599e-03  -8.8835373623467509e-02  -7.5688357171344001e-04  -5.9945112034671067e-05
 -2.7500000000000036e-01  -9.5168387508402991e-04  -6.4455613516843204e-03  -8.8719050636879432e-02  -6.7981385145898950e-04  -4.7893482974233859e-05
 -2.5000000000000000e-01  -1.3980233245684327e-03  -6.5224006464326325e-03  -8.8506957939869194e-02  -6.0564106401626351e-04  -3.7663988623922535e-05
 -2.2499999999999964e-01  -1.8299052190652750e-03  -6.5909427348946996e-03  -8.8203638388043529e-02  -5.3428597271735047e-04  -2.9054218400640719e-05
 -1.9999999999999929e-01  -2.2453522944193686e-03  -6.6516229790748475e-03  -8.7813614306261889e-02  -4.6565016942803938e-04  -2.1881946483387260e-05
 -1.7500000000000071e-01  -2.6427359723340017e-03  -6.7048771151592716e-03  -8.7341334235315995e-02  -3.9962177025382325e-04  -1.5983943621293238e-05
 -1.5000000000000036e-01  -3.0207434087533322e-03  -6.7511349335072600e-03  -8.6791132582819772e-02  -3.3608011264809522e-04  -1.1214601499652908e-05
 -1.2500000000000000e-01  -3.3783444148622684e-03  -6.7908155046055452e-03  -8.6167200168008842e-02  -2.7489956596037031e-04  -7.4444690350407661e-06
 -9.9999999999999645e-02  -3.7147592836906116e-03  -6.8243236989673937e-03  -8.5473563836570954e-02  -2.1595257067036599e-04  -4.5587731181735007e-06
 -7.4999999999999289e-02  -4.0294282077851795e-03  -6.8520477582961715e-03  -8.4714073252069047e-02  -1.5911201734847302e-04  -2.4559754215623553e-06
 -5.0000000000000711e-02  -4.3219827671287557e-03  -6.8743577061593820e-03  -8.3892393232670379e-02  -1.0425307009028330e-04  -1.0464017526137025e-06
 -2.5000000000000355e-02  -4.5922200440938511e-03  -6.8916044790978291e-03  -8.3012001483988268e-02  -5.1254544507453199e-05  -2.5096794197491070e-07
  0.0000000000000000e+00  -4.8400793210825995e-03  -6.9041195911467065e-03  -8.2076190877943059e-02   0.0000000000000000e+00   0.0000000000000000e+00
