# First column is time, second column is the perturbation of detonation velocity.
  0.0000000000000000e+00   1.0000000000000000e-10
  5.0000000000000001e-03   1.0026013364166559e-10
  1.0000000000000000e-02   1.0043735024699109e-10
  1.4999999999999999e-02   1.0061577355407648e-10
  2.0000000000000000e-02   1.0082864610259983e-10
  2.5000000000000001e-02   1.0107847378157752e-10
  2.9999999999999999e-02   1.0135143775546513e-10
  3.5000000000000003e-02   1.0162860497246517e-10
  4.0000000000000001e-02   1.0189421290813215e-10
  4.4999999999999998e-02   1.0214055732016569e-10
  5.0000000000000003e-02   1.0236923155637309e-10
  5.5000000000000000e-02   1.0258915561193024e-10
  5.9999999999999998e-02   1.0281254589467537e-10
  6.5000000000000002e-02   1.0305038121908948e-10
  7.0000000000000007e-02   1.0330885996621375e-10
  7.4999999999999997e-02   1.0358784977642139e-10
  8.0000000000000002e-02   1.0388158681117876e-10
  8.5000000000000006e-02   1.0418113956874348e-10
  8.9999999999999997e-02   1.0447764439373034e-10
  9.5000000000000001e-02   1.0476518237686336e-10
  1.0000000000000001e-01   1.0504240531192439e-10
  1.0500000000000000e-01   1.0531251651127905e-10
  1.1000000000000000e-01   1.0558178394508356e-10
  1.1500000000000000e-01   1.0585721743284565e-10
  1.2000000000000000e-01   1.0614424498225870e-10
  1.2500000000000000e-01   1.0644513674651135e-10
  1.3000000000000000e-01   1.0675860658811854e-10
  1.3500000000000001e-01   1.0708059750465393e-10
  1.4000000000000001e-01   1.0740587547418291e-10
  1.4499999999999999e-01   1.0772983506362043e-10
  1.4999999999999999e-01   1.0804991391655476e-10
  1.5500000000000000e-01   1.0836620166577090e-10
  1.6000000000000000e-01   1.0868113104448512e-10
  1.6500000000000001e-01   1.0899844592398573e-10
  1.7000000000000001e-01   1.0932185341846407e-10
  1.7500000000000002e-01   1.0965382653827369e-10
  1.7999999999999999e-01   1.0999492694645844e-10
  1.8500000000000000e-01   1.1034381160359315e-10
  1.9000000000000000e-01   1.1069784999521467e-10
  1.9500000000000001e-01   1.1105408977248567e-10
  2.0000000000000001e-01   1.1141022376500751e-10
  2.0500000000000002e-01   1.1176524695188623e-10
  2.0999999999999999e-01   1.1211962411882944e-10
  2.1500000000000000e-01   1.1247496503409692e-10
  2.2000000000000000e-01   1.1283336280550662e-10
  2.2500000000000001e-01   1.1319664331688444e-10
  2.3000000000000001e-01   1.1356577652128311e-10
  2.3500000000000001e-01   1.1394062224631786e-10
  2.3999999999999999e-01   1.1432005759861653e-10
  2.4500000000000000e-01   1.1470240537666553e-10
  2.5000000000000000e-01   1.1508599442008034e-10
  2.5500000000000000e-01   1.1546965793970388e-10
  2.6000000000000001e-01   1.1585301598731317e-10
  2.6500000000000001e-01   1.1623647367459791e-10
  2.7000000000000002e-01   1.1662096533032875e-10
  2.7500000000000002e-01   1.1700755340559278e-10
  2.8000000000000003e-01   1.1739702637304760e-10
  2.8500000000000003e-01   1.1778962520079732e-10
  2.8999999999999998e-01   1.1818497313949989e-10
  2.9499999999999998e-01   1.1858221036528644e-10
  2.9999999999999999e-01   1.1898026893279052e-10
  3.0499999999999999e-01   1.1937818504127133e-10
  3.1000000000000000e-01   1.1977534430522660e-10
  3.1500000000000000e-01   1.2017158811286075e-10
  3.2000000000000001e-01   1.2056716132621740e-10
  3.2500000000000001e-01   1.2096253468251628e-10
  3.3000000000000002e-01   1.2135817211069704e-10
  3.3500000000000002e-01   1.2175432360898891e-10
  3.4000000000000002e-01   1.2215090772665240e-10
  3.4500000000000003e-01   1.2254751220731570e-10
  3.5000000000000003e-01   1.2294350036369037e-10
  3.5499999999999998e-01   1.2333817802534159e-10
  3.5999999999999999e-01   1.2373096110639750e-10
  3.6499999999999999e-01   1.2412148987636661e-10
  3.7000000000000000e-01   1.2450965877779153e-10
  3.7500000000000000e-01   1.2489556105724156e-10
  3.8000000000000000e-01   1.2527937497480701e-10
  3.8500000000000001e-01   1.2566123438627997e-10
  3.9000000000000001e-01   1.2604112708481566e-10
  3.9500000000000002e-01   1.2641885085786225e-10
  4.0000000000000002e-01   1.2679403553938322e-10
  4.0500000000000003e-01   1.2716621724852943e-10
  4.1000000000000003e-01   1.2753493565491969e-10
  4.1500000000000004e-01   1.2789982073734864e-10
  4.1999999999999998e-01   1.2826064237376203e-10
  4.2499999999999999e-01   1.2861731083627306e-10
  4.2999999999999999e-01   1.2896983330656089e-10
  4.3500000000000000e-01   1.2931824515054629e-10
  4.4000000000000000e-01   1.2966254086771294e-10
  4.4500000000000001e-01   1.3000262714586111e-10
  4.5000000000000001e-01   1.3033831100577556e-10
  4.5500000000000002e-01   1.3066932337534714e-10
  4.6000000000000002e-01   1.3099536699062242e-10
  4.6500000000000002e-01   1.3131617083921321e-10
  4.7000000000000003e-01   1.3163153309533162e-10
  4.7500000000000003e-01   1.3194134006461093e-10
  4.7999999999999998e-01   1.3224555766265777e-10
  4.8499999999999999e-01   1.3254420113894047e-10
  4.8999999999999999e-01   1.3283729515180543e-10
  4.9500000000000000e-01   1.3312483813383755e-10
  5.0000000000000000e-01   1.3340678204344148e-10
  5.0500000000000000e-01   1.3368303247945442e-10
  5.1000000000000001e-01   1.3395346705044026e-10
  5.1500000000000001e-01   1.3421796421961378e-10
  5.2000000000000002e-01   1.3447643226817931e-10
  5.2500000000000002e-01   1.3472882904276622e-10
  5.3000000000000003e-01   1.3497516707348080e-10
  5.3500000000000003e-01   1.3521550390520248e-10
  5.4000000000000004e-01   1.3544992224611909e-10
  5.4500000000000004e-01   1.3567850732341592e-10
  5.5000000000000004e-01   1.3590132895531932e-10
  5.5500000000000005e-01   1.3611843354008161e-10
  5.6000000000000005e-01   1.3632984742119456e-10
  5.6500000000000006e-01   1.3653558926697431e-10
  5.7000000000000006e-01   1.3673568643964129e-10
  5.7500000000000007e-01   1.3693018956077359e-10
  5.7999999999999996e-01   1.3711918065690097e-10
  5.8499999999999996e-01   1.3730277281019128e-10
  5.8999999999999997e-01   1.3748110218512111e-10
  5.9499999999999997e-01   1.3765431566260181e-10
  5.9999999999999998e-01   1.3782255838935817e-10
  6.0499999999999998e-01   1.3798596512941013e-10
  6.0999999999999999e-01   1.3814465767722424e-10
  6.1499999999999999e-01   1.3829874840737953e-10
  6.2000000000000000e-01   1.3844834805430645e-10
  6.2500000000000000e-01   1.3859357465416218e-10
  6.3000000000000000e-01   1.3873456052771310e-10
  6.3500000000000001e-01   1.3887145514009715e-10
  6.4000000000000001e-01   1.3900442322753731e-10
  6.4500000000000002e-01   1.3913363917020994e-10
  6.5000000000000002e-01   1.3925927969945997e-10
  6.5500000000000003e-01   1.3938151734934570e-10
  6.6000000000000003e-01   1.3950051657527333e-10
  6.6500000000000004e-01   1.3961643340704354e-10
  6.7000000000000004e-01   1.3972941827862786e-10
  6.7500000000000004e-01   1.3983962069422450e-10
  6.8000000000000005e-01   1.3994719394069548e-10
  6.8500000000000005e-01   1.4005229822958299e-10
  6.9000000000000006e-01   1.4015510132717461e-10
  6.9500000000000006e-01   1.4025577663906915e-10
  7.0000000000000007e-01   1.4035449954004927e-10
  7.0499999999999996e-01   1.4045144322422354e-10
  7.0999999999999996e-01   1.4054677537393824e-10
  7.1499999999999997e-01   1.4064065654918709e-10
  7.1999999999999997e-01   1.4073324055355268e-10
  7.2499999999999998e-01   1.4082467637177961e-10
  7.2999999999999998e-01   1.4091511081221301e-10
  7.3499999999999999e-01   1.4100469085252109e-10
  7.3999999999999999e-01   1.4109356488879175e-10
  7.4500000000000000e-01   1.4118188252642199e-10
  7.5000000000000000e-01   1.4126979306058537e-10
  7.5500000000000000e-01   1.4135744320318807e-10
  7.6000000000000001e-01   1.4144497480087619e-10
  7.6500000000000001e-01   1.4153252321746221e-10
  7.7000000000000002e-01   1.4162021677389942e-10
  7.7500000000000002e-01   1.4170817726153962e-10
  7.8000000000000003e-01   1.4179652120138699e-10
  7.8500000000000003e-01   1.4188536132020784e-10
  7.9000000000000004e-01   1.4197480770393196e-10
  7.9500000000000004e-01   1.4206496825322834e-10
  8.0000000000000004e-01   1.4215594833433412e-10
  8.0500000000000005e-01   1.4224784979303601e-10
  8.1000000000000005e-01   1.4234076969198972e-10
  8.1500000000000006e-01   1.4243479918796142e-10
  8.2000000000000006e-01   1.4253002288202147e-10
  8.2500000000000007e-01   1.4262651879359537e-10
  8.3000000000000007e-01   1.4272435889738795e-10
  8.3499999999999996e-01   1.4282360999179021e-10
  8.3999999999999997e-01   1.4292433458893715e-10
  8.4499999999999997e-01   1.4302659154577183e-10
  8.4999999999999998e-01   1.4313043627167847e-10
  8.5499999999999998e-01   1.4323592050501714e-10
  8.5999999999999999e-01   1.4334309179354171e-10
  8.6499999999999999e-01   1.4345199289775739e-10
  8.7000000000000000e-01   1.4356266134079797e-10
  8.7500000000000000e-01   1.4367512926017890e-10
  8.8000000000000000e-01   1.4378942360532360e-10
  8.8500000000000001e-01   1.4390556661043635e-10
  8.9000000000000001e-01   1.4402357639219963e-10
  8.9500000000000002e-01   1.4414346749814411e-10
  9.0000000000000002e-01   1.4426525126613385e-10
  9.0500000000000003e-01   1.4438893593106508e-10
  9.1000000000000003e-01   1.4451452650301294e-10
  9.1500000000000004e-01   1.4464202451204130e-10
  9.2000000000000004e-01   1.4477142774769040e-10
  9.2500000000000004e-01   1.4490273010921392e-10
  9.3000000000000005e-01   1.4503592163447727e-10
  9.3500000000000005e-01   1.4517098871034073e-10
  9.4000000000000006e-01   1.4530791440806904e-10
  9.4500000000000006e-01   1.4544667885233547e-10
  9.5000000000000007e-01   1.4558725953047761e-10
  9.5500000000000007e-01   1.4572963147701634e-10
  9.5999999999999996e-01   1.4587376731482230e-10
  9.6499999999999997e-01   1.4601963718192749e-10
  9.6999999999999997e-01   1.4616720860639449e-10
  9.7499999999999998e-01   1.4631644640160704e-10
  9.7999999999999998e-01   1.4646731264007408e-10
  9.8499999999999999e-01   1.4661976673245632e-10
  9.8999999999999999e-01   1.4677376560190950e-10
  9.9500000000000000e-01   1.4692926391431036e-10
  1.0000000000000000e+00   1.4708621431125243e-10
  1.0050000000000001e+00   1.4724456759761331e-10
  1.0100000000000000e+00   1.4740427285547873e-10
  1.0150000000000001e+00   1.4756527748325258e-10
  1.0200000000000000e+00   1.4772752718343063e-10
  1.0249999999999999e+00   1.4789096593707531e-10
  1.0300000000000000e+00   1.4805553600383885e-10
  1.0349999999999999e+00   1.4822117797460054e-10
  1.0400000000000000e+00   1.4838783088448261e-10
  1.0449999999999999e+00   1.4855543237417681e-10
  1.0500000000000000e+00   1.4872391887356112e-10
  1.0549999999999999e+00   1.4889322577738347e-10
  1.0600000000000001e+00   1.4906328758866455e-10
  1.0649999999999999e+00   1.4923403801847162e-10
  1.0700000000000001e+00   1.4940541004591473e-10
  1.0750000000000000e+00   1.4957733595448232e-10
  1.0800000000000001e+00   1.4974974736652465e-10
  1.0850000000000000e+00   1.4992257529565816e-10
  1.0900000000000001e+00   1.5009575022856028e-10
  1.0950000000000000e+00   1.5026920223637987e-10
  1.1000000000000001e+00   1.5044286110573130e-10
  1.1050000000000000e+00   1.5061665647317730e-10
  1.1100000000000001e+00   1.5079051794676075e-10
  1.1150000000000000e+00   1.5096437520304488e-10
  1.1200000000000001e+00   1.5113815805615881e-10
  1.1250000000000000e+00   1.5131179650361493e-10
  1.1300000000000001e+00   1.5148522075950591e-10
  1.1350000000000000e+00   1.5165836128747233e-10
  1.1400000000000001e+00   1.5183114884343592e-10
  1.1450000000000000e+00   1.5200351453272488e-10
  1.1500000000000001e+00   1.5217538987993075e-10
  1.1550000000000000e+00   1.5234670690476436e-10
  1.1599999999999999e+00   1.5251739819483339e-10
  1.1650000000000000e+00   1.5268739696713162e-10
  1.1699999999999999e+00   1.5285663711350644e-10
  1.1750000000000000e+00   1.5302505323006950e-10
  1.1799999999999999e+00   1.5319258063480746e-10
  1.1850000000000001e+00   1.5335915538019936e-10
  1.1899999999999999e+00   1.5352471426781316e-10
  1.1950000000000001e+00   1.5368919486983876e-10
  1.2000000000000000e+00   1.5385253555918468e-10
  1.2050000000000001e+00   1.5401467554633192e-10
  1.2100000000000000e+00   1.5417555491871061e-10
  1.2150000000000001e+00   1.5433511467761448e-10
  1.2200000000000000e+00   1.5449329676865708e-10
  1.2250000000000001e+00   1.5465004410399540e-10
  1.2300000000000000e+00   1.5480530057714907e-10
  1.2350000000000001e+00   1.5495901107334378e-10
  1.2400000000000000e+00   1.5511112147926934e-10
  1.2450000000000001e+00   1.5526157869577269e-10
  1.2500000000000000e+00   1.5541033065554374e-10
  1.2550000000000001e+00   1.5555732634588244e-10
  1.2600000000000000e+00   1.5570251583483074e-10
  1.2650000000000001e+00   1.5584585029787351e-10
  1.2700000000000000e+00   1.5598728204232194e-10
  1.2750000000000001e+00   1.5612676452731273e-10
  1.2800000000000000e+00   1.5626425237872631e-10
  1.2849999999999999e+00   1.5639970139974038e-10
  1.2900000000000000e+00   1.5653306857873672e-10
  1.2949999999999999e+00   1.5666431209658537e-10
  1.3000000000000000e+00   1.5679339133491300e-10
  1.3049999999999999e+00   1.5692026688603712e-10
  1.3100000000000001e+00   1.5704490056416442e-10
  1.3149999999999999e+00   1.5716725541657662e-10
  1.3200000000000001e+00   1.5728729573313101e-10
  1.3250000000000000e+00   1.5740498705255909e-10
  1.3300000000000001e+00   1.5752029616466212e-10
  1.3350000000000000e+00   1.5763319110832886e-10
  1.3400000000000001e+00   1.5774364116606568e-10
  1.3450000000000000e+00   1.5785161685618643e-10
  1.3500000000000001e+00   1.5795708992386666e-10
  1.3550000000000000e+00   1.5806003333193722e-10
  1.3600000000000001e+00   1.5816042125173792e-10
  1.3650000000000000e+00   1.5825822905377965e-10
  1.3700000000000001e+00   1.5835343329755707e-10
  1.3750000000000000e+00   1.5844601171974250e-10
  1.3800000000000001e+00   1.5853594322017329e-10
  1.3850000000000000e+00   1.5862320784544157e-10
  1.3900000000000001e+00   1.5870778677035645e-10
  1.3950000000000000e+00   1.5878966227791855e-10
  1.4000000000000001e+00   1.5886881773862188e-10
  1.4050000000000000e+00   1.5894523758983645e-10
  1.4099999999999999e+00   1.5901890731577321e-10
  1.4150000000000000e+00   1.5908981342819113e-10
  1.4199999999999999e+00   1.5915794344768799e-10
  1.4250000000000000e+00   1.5922328588522075e-10
  1.4299999999999999e+00   1.5928583022347748e-10
  1.4350000000000001e+00   1.5934556689785044e-10
  1.4399999999999999e+00   1.5940248727698505e-10
  1.4450000000000001e+00   1.5945658364310983e-10
  1.4500000000000000e+00   1.5950784917251161e-10
  1.4550000000000001e+00   1.5955627791655834e-10
  1.4600000000000000e+00   1.5960186478358648e-10
  1.4650000000000001e+00   1.5964460552179405e-10
  1.4700000000000000e+00   1.5968449670307899e-10
  1.4750000000000001e+00   1.5972153570759744e-10
  1.4800000000000000e+00   1.5975572070873358e-10
  1.4850000000000001e+00   1.5978705065818879e-10
  1.4900000000000000e+00   1.5981552527099276e-10
  1.4950000000000001e+00   1.5984114501037359e-10
  1.5000000000000000e+00   1.5986391107254986e-10
  1.5050000000000001e+00   1.5988382537158171e-10
  1.5100000000000000e+00   1.5990089052442410e-10
  1.5150000000000001e+00   1.5991510983626977e-10
  1.5200000000000000e+00   1.5992648728617087e-10
  1.5250000000000001e+00   1.5993502751283355e-10
  1.5300000000000000e+00   1.5994073580041210e-10
  1.5350000000000001e+00   1.5994361806411319e-10
  1.5400000000000000e+00   1.5994368083546020e-10
  1.5449999999999999e+00   1.5994093124714150e-10
  1.5500000000000000e+00   1.5993537701745414e-10
  1.5549999999999999e+00   1.5992702643442708e-10
  1.5600000000000001e+00   1.5991588833974873e-10
  1.5649999999999999e+00   1.5990197211261877e-10
  1.5700000000000001e+00   1.5988528765361426e-10
  1.5750000000000000e+00   1.5986584536860415e-10
  1.5800000000000001e+00   1.5984365615270406e-10
  1.5850000000000000e+00   1.5981873137423354e-10
  1.5900000000000001e+00   1.5979108285864071e-10
  1.5950000000000000e+00   1.5976072287238768e-10
  1.6000000000000001e+00   1.5972766410683198e-10
  1.6050000000000000e+00   1.5969191966218297e-10
  1.6100000000000001e+00   1.5965350303164297e-10
  1.6150000000000000e+00   1.5961242808584776e-10
  1.6200000000000001e+00   1.5956870905770960e-10
  1.6250000000000000e+00   1.5952236052773105e-10
  1.6300000000000001e+00   1.5947339740982248e-10
  1.6350000000000000e+00   1.5942183493762353e-10
  1.6400000000000001e+00   1.5936768865130917e-10
  1.6450000000000000e+00   1.5931097438485914e-10
  1.6500000000000001e+00   1.5925170825378071e-10
  1.6550000000000000e+00   1.5918990664328932e-10
  1.6600000000000001e+00   1.5912558619696964e-10
  1.6650000000000000e+00   1.5905876380594304e-10
  1.6699999999999999e+00   1.5898945659856369e-10
  1.6750000000000000e+00   1.5891768193064755e-10
  1.6799999999999999e+00   1.5884345737621629e-10
  1.6850000000000001e+00   1.5876680071871503e-10
  1.6899999999999999e+00   1.5868772994264551e-10
  1.6950000000000001e+00   1.5860626322554887e-10
  1.7000000000000000e+00   1.5852241893027428e-10
  1.7050000000000001e+00   1.5843621559747976e-10
  1.7100000000000000e+00   1.5834767193832309e-10
  1.7150000000000001e+00   1.5825680682731240e-10
  1.7200000000000000e+00   1.5816363929529214e-10
  1.7250000000000001e+00   1.5806818852253882e-10
  1.7300000000000000e+00   1.5797047383193730e-10
  1.7350000000000001e+00   1.5787051468220063e-10
  1.7400000000000000e+00   1.5776833066109047e-10
  1.7450000000000001e+00   1.5766394147859390e-10
  1.7500000000000000e+00   1.5755736696001730e-10
  1.7550000000000001e+00   1.5744862703896432e-10
  1.7600000000000000e+00   1.5733774175018026e-10
  1.7650000000000001e+00   1.5722473122225498e-10
  1.7700000000000000e+00   1.5710961567018732e-10
  1.7750000000000001e+00   1.5699241538782122e-10
  1.7800000000000000e+00   1.5687315074016407e-10
  1.7850000000000001e+00   1.5675184215559990e-10
  1.7900000000000000e+00   1.5662851011800534e-10
  1.7949999999999999e+00   1.5650317515877714e-10
  1.8000000000000000e+00   1.5637585784877916e-10
  1.8049999999999999e+00   1.5624657879022009e-10
  1.8100000000000001e+00   1.5611535860847822e-10
  1.8149999999999999e+00   1.5598221794389409e-10
  1.8200000000000001e+00   1.5584717744355573e-10
  1.8250000000000000e+00   1.5571025775310559e-10
  1.8300000000000001e+00   1.5557147950859471e-10
  1.8350000000000000e+00   1.5543086332840866e-10
  1.8400000000000001e+00   1.5528842980528561e-10
  1.8450000000000000e+00   1.5514419949843967e-10
  1.8500000000000001e+00   1.5499819292580083e-10
  1.8550000000000000e+00   1.5485043055637762e-10
  1.8600000000000001e+00   1.5470093280274716e-10
  1.8650000000000000e+00   1.5454972001367704e-10
  1.8700000000000001e+00   1.5439681246688292e-10
  1.8750000000000000e+00   1.5424223036192314e-10
  1.8800000000000001e+00   1.5408599381323286e-10
  1.8850000000000000e+00   1.5392812284329416e-10
  1.8900000000000001e+00   1.5376863737593765e-10
  1.8950000000000000e+00   1.5360755722976578e-10
  1.9000000000000001e+00   1.5344490211168517e-10
  1.9050000000000000e+00   1.5328069161053312e-10
  1.9100000000000001e+00   1.5311494519078244e-10
  1.9150000000000000e+00   1.5294768218630885e-10
  1.9199999999999999e+00   1.5277892179420561e-10
  1.9250000000000000e+00   1.5260868306863280e-10
  1.9299999999999999e+00   1.5243698491468922e-10
  1.9350000000000001e+00   1.5226384608229611e-10
  1.9399999999999999e+00   1.5208928516008324e-10
  1.9450000000000001e+00   1.5191332056926919e-10
  1.9500000000000000e+00   1.5173597055752606e-10
  1.9550000000000001e+00   1.5155725319282436e-10
  1.9600000000000000e+00   1.5137718635725046e-10
  1.9650000000000001e+00   1.5119578774079575e-10
  1.9700000000000000e+00   1.5101307483511721e-10
  1.9750000000000001e+00   1.5082906492727271e-10
  1.9800000000000000e+00   1.5064377509343703e-10
  1.9850000000000001e+00   1.5045722219260813e-10
  1.9900000000000000e+00   1.5026942286031390e-10
  1.9950000000000001e+00   1.5008039350233231e-10
  2.0000000000000000e+00   1.4989015028843830e-10
  2.0049999999999999e+00   1.4969870914619255e-10
  2.0100000000000002e+00   1.4950608575478576e-10
  2.0150000000000001e+00   1.4931229553895706e-10
  2.0200000000000000e+00   1.4911735366300066e-10
  2.0249999999999999e+00   1.4892127502487956e-10
  2.0300000000000002e+00   1.4872407425046395e-10
  2.0350000000000001e+00   1.4852576568791127e-10
  2.0400000000000000e+00   1.4832636340220553e-10
  2.0449999999999999e+00   1.4812588116987351e-10
  2.0499999999999998e+00   1.4792433247389067e-10
  2.0550000000000002e+00   1.4772173049879297e-10
  2.0600000000000001e+00   1.4751808812600474e-10
  2.0649999999999999e+00   1.4731341792939398e-10
  2.0699999999999998e+00   1.4710773217106315e-10
  2.0750000000000002e+00   1.4690104279738314e-10
  2.0800000000000001e+00   1.4669336143527547e-10
  2.0850000000000000e+00   1.4648469938874775e-10
  2.0899999999999999e+00   1.4627506763568400e-10
  2.0950000000000002e+00   1.4606447682489259e-10
  2.1000000000000001e+00   1.4585293727341018e-10
  2.1050000000000000e+00   1.4564045896406095e-10
  2.1099999999999999e+00   1.4542705154326746e-10
  2.1150000000000002e+00   1.4521272431910940e-10
  2.1200000000000001e+00   1.4499748625962542e-10
  2.1250000000000000e+00   1.4478134599135160e-10
  2.1299999999999999e+00   1.4456431179809157e-10
  2.1350000000000002e+00   1.4434639161991134e-10
  2.1400000000000001e+00   1.4412759305235402e-10
  2.1450000000000000e+00   1.4390792334586646e-10
  2.1499999999999999e+00   1.4368738940543478e-10
  2.1550000000000002e+00   1.4346599779042118e-10
  2.1600000000000001e+00   1.4324375471459908e-10
  2.1650000000000000e+00   1.4302066604638087e-10
  2.1699999999999999e+00   1.4279673730923536e-10
  2.1750000000000003e+00   1.4257197368229181e-10
  2.1800000000000002e+00   1.4234638000112839e-10
  2.1850000000000001e+00   1.4211996075874349e-10
  2.1899999999999999e+00   1.4189272010671000e-10
  2.1949999999999998e+00   1.4166466185651254e-10
  2.2000000000000002e+00   1.4143578948106870e-10
  2.2050000000000001e+00   1.4120610611643612e-10
  2.2100000000000000e+00   1.4097561456370705e-10
  2.2149999999999999e+00   1.4074431729109362e-10
  2.2200000000000002e+00   1.4051221643620610e-10
  2.2250000000000001e+00   1.4027931380852665e-10
  2.2300000000000000e+00   1.4004561089208222e-10
  2.2349999999999999e+00   1.3981110884831888e-10
  2.2400000000000002e+00   1.3957580851918059e-10
  2.2450000000000001e+00   1.3933971043039426e-10
  2.2500000000000000e+00   1.3910281479496371e-10
  2.2549999999999999e+00   1.3886512151687329e-10
  2.2600000000000002e+00   1.3862663019500255e-10
  2.2650000000000001e+00   1.3838734012725141e-10
  2.2700000000000000e+00   1.3814725031487554e-10
  2.2749999999999999e+00   1.3790635946702968e-10
  2.2800000000000002e+00   1.3766466600551707e-10
  2.2850000000000001e+00   1.3742216806974137e-10
  2.2900000000000000e+00   1.3717886352185634e-10
  2.2949999999999999e+00   1.3693474995210911e-10
  2.3000000000000003e+00   1.3668982468437051e-10
  2.3050000000000002e+00   1.3644408478184618e-10
  2.3100000000000001e+00   1.3619752705296076e-10
  2.3149999999999999e+00   1.3595014805740800e-10
  2.3199999999999998e+00   1.3570194411235741e-10
  2.3250000000000002e+00   1.3545291129880893e-10
  2.3300000000000001e+00   1.3520304546808623e-10
  2.3350000000000000e+00   1.3495234224845895e-10
  2.3399999999999999e+00   1.3470079705188413e-10
  2.3450000000000002e+00   1.3444840508085679e-10
  2.3500000000000001e+00   1.3419516133536025e-10
  2.3550000000000000e+00   1.3394106061990585e-10
  2.3599999999999999e+00   1.3368609755065346e-10
  2.3650000000000002e+00   1.3343026656260264e-10
  2.3700000000000001e+00   1.3317356191684611e-10
  2.3750000000000000e+00   1.3291597770787681e-10
  2.3799999999999999e+00   1.3265750787094074e-10
  2.3850000000000002e+00   1.3239814618942723e-10
  2.3900000000000001e+00   1.3213788630229047e-10
  2.3950000000000000e+00   1.3187672171149475e-10
  2.3999999999999999e+00   1.3161464578947796e-10
  2.4050000000000002e+00   1.3135165178662735e-10
  2.4100000000000001e+00   1.3108773283876222e-10
  2.4150000000000000e+00   1.3082288197461906e-10
  2.4199999999999999e+00   1.3055709212333500e-10
  2.4250000000000003e+00   1.3029035612192487e-10
  2.4300000000000002e+00   1.3002266672274894e-10
  2.4350000000000001e+00   1.2975401660096702e-10
  2.4399999999999999e+00   1.2948439836197645e-10
  2.4449999999999998e+00   1.2921380454883037e-10
  2.4500000000000002e+00   1.2894222764963309e-10
  2.4550000000000001e+00   1.2866966010491009e-10
  2.4600000000000000e+00   1.2839609431494871e-10
  2.4649999999999999e+00   1.2812152264710738e-10
  2.4700000000000002e+00   1.2784593744308935e-10
  2.4750000000000001e+00   1.2756933102617806e-10
  2.4800000000000000e+00   1.2729169570842998e-10
  2.4849999999999999e+00   1.2701302379782178e-10
  2.4900000000000002e+00   1.2673330760534746e-10
  2.4950000000000001e+00   1.2645253945206145e-10
  2.5000000000000000e+00   1.2617071167606264e-10
  2.5049999999999999e+00   1.2588781663941591e-10
  2.5100000000000002e+00   1.2560384673500498e-10
  2.5150000000000001e+00   1.2531879439331249e-10
  2.5200000000000000e+00   1.2503265208912200e-10
  2.5249999999999999e+00   1.2474541234813638e-10
  2.5300000000000002e+00   1.2445706775350733e-10
  2.5350000000000001e+00   1.2416761095227152e-10
  2.5400000000000000e+00   1.2387703466168625e-10
  2.5449999999999999e+00   1.2358533167546127e-10
  2.5500000000000003e+00   1.2329249486988037e-10
  2.5550000000000002e+00   1.2299851720980803e-10
  2.5600000000000001e+00   1.2270339175457631e-10
  2.5649999999999999e+00   1.2240711166374716e-10
  2.5699999999999998e+00   1.2210967020274611e-10
  2.5750000000000002e+00   1.2181106074836277e-10
  2.5800000000000001e+00   1.2151127679411475e-10
  2.5850000000000000e+00   1.2121031195547143e-10
  2.5899999999999999e+00   1.2090815997493418e-10
  2.5950000000000002e+00   1.2060481472697076e-10
  2.6000000000000001e+00   1.2030027022280156e-10
  2.6050000000000000e+00   1.1999452061503488e-10
  2.6099999999999999e+00   1.1968756020215063e-10
  2.6150000000000002e+00   1.1937938343283075e-10
  2.6200000000000001e+00   1.1906998491013532e-10
  2.6250000000000000e+00   1.1875935939552376e-10
  2.6299999999999999e+00   1.1844750181272110e-10
  2.6350000000000002e+00   1.1813440725142910e-10
  2.6400000000000001e+00   1.1782007097088242e-10
  2.6450000000000000e+00   1.1750448840325051e-10
  2.6499999999999999e+00   1.1718765515688523e-10
  2.6550000000000002e+00   1.1686956701941599e-10
  2.6600000000000001e+00   1.1655021996069248e-10
  2.6650000000000000e+00   1.1622961013557630e-10
  2.6699999999999999e+00   1.1590773388658263e-10
  2.6750000000000003e+00   1.1558458774637310e-10
  2.6800000000000002e+00   1.1526016844010089e-10
  2.6850000000000001e+00   1.1493447288760910e-10
  2.6899999999999999e+00   1.1460749820548391e-10
  2.6949999999999998e+00   1.1427924170896336e-10
  2.7000000000000002e+00   1.1394970091370259e-10
  2.7050000000000001e+00   1.1361887353739732e-10
  2.7100000000000000e+00   1.1328675750126525e-10
  2.7149999999999999e+00   1.1295335093138778e-10
  2.7200000000000002e+00   1.1261865215991178e-10
  2.7250000000000001e+00   1.1228265972611257e-10
  2.7300000000000000e+00   1.1194537237731903e-10
  2.7349999999999999e+00   1.1160678906970124e-10
  2.7400000000000002e+00   1.1126690896892193e-10
  2.7450000000000001e+00   1.1092573145065201e-10
  2.7500000000000000e+00   1.1058325610095085e-10
  2.7549999999999999e+00   1.1023948271651280e-10
  2.7600000000000002e+00   1.0989441130478005e-10
  2.7650000000000001e+00   1.0954804208392324e-10
  2.7700000000000000e+00   1.0920037548269044e-10
  2.7749999999999999e+00   1.0885141214012618e-10
  2.7800000000000002e+00   1.0850115290516126e-10
  2.7850000000000001e+00   1.0814959883607488e-10
  2.7900000000000000e+00   1.0779675119983066e-10
  2.7949999999999999e+00   1.0744261147128813e-10
  2.8000000000000003e+00   1.0708718133229149e-10
  2.8050000000000002e+00   1.0673046267063774e-10
  2.8100000000000001e+00   1.0637245757892580e-10
  2.8149999999999999e+00   1.0601316835328952e-10
  2.8199999999999998e+00   1.0565259749201671e-10
  2.8250000000000002e+00   1.0529074769405649e-10
  2.8300000000000001e+00   1.0492762185741820e-10
  2.8350000000000000e+00   1.0456322307746378e-10
  2.8399999999999999e+00   1.0419755464509770e-10
  2.8450000000000002e+00   1.0383062004485631e-10
  2.8500000000000001e+00   1.0346242295290054e-10
  2.8550000000000000e+00   1.0309296723491426e-10
  2.8599999999999999e+00   1.0272225694391244e-10
  2.8650000000000002e+00   1.0235029631796154e-10
  2.8700000000000001e+00   1.0197708977781587e-10
  2.8750000000000000e+00   1.0160264192447262e-10
  2.8799999999999999e+00   1.0122695753664948e-10
  2.8850000000000002e+00   1.0085004156818745e-10
  2.8900000000000001e+00   1.0047189914538244e-10
  2.8950000000000000e+00   1.0009253556424830e-10
  2.8999999999999999e+00   9.9711956287714732e-11
  2.9050000000000002e+00   9.9330166942763051e-11
  2.9100000000000001e+00   9.8947173317502326e-11
  2.9150000000000000e+00   9.8562981358189085e-11
  2.9199999999999999e+00   9.8177597166193503e-11
  2.9250000000000003e+00   9.7791026994914000e-11
  2.9300000000000002e+00   9.7403277246644016e-11
  2.9350000000000001e+00   9.7014354469392158e-11
  2.9399999999999999e+00   9.6624265353659402e-11
  2.9449999999999998e+00   9.6233016729174854e-11
  2.9500000000000002e+00   9.5840615561592953e-11
  2.9550000000000001e+00   9.5447068949154227e-11
  2.9600000000000000e+00   9.5052384119311372e-11
  2.9649999999999999e+00   9.4656568425323898e-11
  2.9700000000000002e+00   9.4259629342822438e-11
  2.9750000000000001e+00   9.3861574466345692e-11
  2.9800000000000000e+00   9.3462411505851326e-11
  2.9849999999999999e+00   9.3062148283203880e-11
  2.9900000000000002e+00   9.2660792728640820e-11
  2.9950000000000001e+00   9.2258352877219991e-11
  3.0000000000000000e+00   9.1854836865249298e-11
  3.0049999999999999e+00   9.1450252926702029e-11
  3.0100000000000002e+00   9.1044609389619072e-11
  3.0150000000000001e+00   9.0637914672500947e-11
  3.0200000000000000e+00   9.0230177280690933e-11
  3.0249999999999999e+00   8.9821405802752479e-11
  3.0300000000000002e+00   8.9411608906842683e-11
  3.0350000000000001e+00   8.9000795337084064e-11
  3.0400000000000000e+00   8.8588973909936824e-11
  3.0449999999999999e+00   8.8176153510574359e-11
  3.0500000000000003e+00   8.7762343089263598e-11
  3.0550000000000002e+00   8.7347551657753100e-11
  3.0600000000000001e+00   8.6931788285670523e-11
  3.0649999999999999e+00   8.6515062096932393e-11
  3.0700000000000003e+00   8.6097382266167573e-11
  3.0750000000000002e+00   8.5678758015157777e-11
  3.0800000000000001e+00   8.5259198609295682e-11
  3.0850000000000000e+00   8.4838713354064310e-11
  3.0899999999999999e+00   8.4417311591538708e-11
  3.0950000000000002e+00   8.3995002696912349e-11
  3.1000000000000001e+00   8.3571796075050179e-11
  3.1050000000000000e+00   8.3147701157069814e-11
  3.1099999999999999e+00   8.2722727396953200e-11
  3.1150000000000002e+00   8.2296884268190011e-11
  3.1200000000000001e+00   8.1870181260455024e-11
  3.1250000000000000e+00   8.1442627876320133e-11
  3.1299999999999999e+00   8.1014233628003438e-11
  3.1350000000000002e+00   8.0585008034156165e-11
  3.1400000000000001e+00   8.0154960616689484e-11
  3.1450000000000000e+00   7.9724100897641407e-11
  3.1499999999999999e+00   7.9292438396086082e-11
  3.1550000000000002e+00   7.8859982625086239e-11
  3.1600000000000001e+00   7.8426743088689641e-11
  3.1650000000000000e+00   7.7992729278970602e-11
  3.1699999999999999e+00   7.7557950673118114e-11
  3.1750000000000003e+00   7.7122416730570712e-11
  3.1800000000000002e+00   7.6686136890199601e-11
  3.1850000000000001e+00   7.6249120567540345e-11
  3.1899999999999999e+00   7.5811377152074410e-11
  3.1950000000000003e+00   7.5372916004560877e-11
  3.2000000000000002e+00   7.4933746454419758e-11
  3.2050000000000001e+00   7.4493877797166534e-11
  3.2100000000000000e+00   7.4053319291899594e-11
  3.2149999999999999e+00   7.3612080158840886e-11
  3.2200000000000002e+00   7.3170169576930242e-11
  3.2250000000000001e+00   7.2727596681474569e-11
  3.2300000000000000e+00   7.2284370561851559e-11
  3.2349999999999999e+00   7.1840500259269603e-11
  3.2400000000000002e+00   7.1395994764583831e-11
  3.2450000000000001e+00   7.0950863016169053e-11
  3.2500000000000000e+00   7.0505113897849923e-11
  3.2549999999999999e+00   7.0058756236889413e-11
  3.2600000000000002e+00   6.9611798802035366e-11
  3.2650000000000001e+00   6.9164250301626338e-11
  3.2700000000000000e+00   6.8716119381756401e-11
  3.2749999999999999e+00   6.8267414624500354e-11
  3.2800000000000002e+00   6.7818144546198596e-11
  3.2850000000000001e+00   6.7368317595803177e-11
  3.2900000000000000e+00   6.6917942153284168e-11
  3.2949999999999999e+00   6.6467026528097894e-11
  3.3000000000000003e+00   6.6015578957716164e-11
  3.3050000000000002e+00   6.5563607606217561e-11
  3.3100000000000001e+00   6.5111120562940359e-11
  3.3149999999999999e+00   6.4658125841197559e-11
  3.3200000000000003e+00   6.4204631377054010e-11
  3.3250000000000002e+00   6.3750645028165646e-11
  3.3300000000000001e+00   6.3296174572680576e-11
  3.3350000000000000e+00   6.2841227708202472e-11
  3.3399999999999999e+00   6.2385812050815737e-11
  3.3450000000000002e+00   6.1929935134172218e-11
  3.3500000000000001e+00   6.1473604408639897e-11
  3.3550000000000000e+00   6.1016827240512234e-11
  3.3599999999999999e+00   6.0559610911278879e-11
  3.3650000000000002e+00   6.0101962616956938e-11
  3.3700000000000001e+00   5.9643889467482509e-11
  3.3750000000000000e+00   5.9185398486161664e-11
  3.3799999999999999e+00   5.8726496609181292e-11
  3.3850000000000002e+00   5.8267190685178610e-11
  3.3900000000000001e+00   5.7807487474869063e-11
  3.3950000000000000e+00   5.7347393650731913e-11
  3.3999999999999999e+00   5.6886915796753219e-11
  3.4050000000000002e+00   5.6426060408225639e-11
  3.4100000000000001e+00   5.5964833891604119e-11
  3.4150000000000000e+00   5.5503242564416881e-11
  3.4199999999999999e+00   5.5041292655231477e-11
  3.4250000000000003e+00   5.4578990303674856e-11
  3.4300000000000002e+00   5.4116341560507022e-11
  3.4350000000000001e+00   5.3653352387747238e-11
  3.4399999999999999e+00   5.3190028658852469e-11
  3.4450000000000003e+00   5.2726376158947224e-11
  3.4500000000000002e+00   5.2262400585104104e-11
  3.4550000000000001e+00   5.1798107546674055e-11
  3.4600000000000000e+00   5.1333502565666083e-11
  3.4649999999999999e+00   5.0868591077175275e-11
  3.4700000000000002e+00   5.0403378429858603e-11
  3.4750000000000001e+00   4.9937869886457702e-11
  3.4800000000000000e+00   4.9472070624367453e-11
  3.4849999999999999e+00   4.9005985736250311e-11
  3.4900000000000002e+00   4.8539620230694955e-11
  3.4950000000000001e+00   4.8072979032918844e-11
  3.5000000000000000e+00   4.7606066985513213e-11
  3.5049999999999999e+00   4.7138888849230581e-11
  3.5100000000000002e+00   4.6671449303813075e-11
  3.5150000000000001e+00   4.6203752948861311e-11
  3.5200000000000000e+00   4.5735804304742084e-11
  3.5249999999999999e+00   4.5267607813535090e-11
  3.5300000000000002e+00   4.4799167840016672e-11
  3.5350000000000001e+00   4.4330488672680465e-11
  3.5400000000000000e+00   4.3861574524793096e-11
  3.5449999999999999e+00   4.3392429535484880e-11
  3.5500000000000003e+00   4.2923057770873762e-11
  3.5550000000000002e+00   4.2453463225222018e-11
  3.5600000000000001e+00   4.1983649822124006e-11
  3.5649999999999999e+00   4.1513621415724714e-11
  3.5700000000000003e+00   4.1043381791967432e-11
  3.5750000000000002e+00   4.0572934669869849e-11
  3.5800000000000001e+00   4.0102283702826934e-11
  3.5850000000000000e+00   3.9631432479940282e-11
  3.5899999999999999e+00   3.9160384527372191e-11
  3.5950000000000002e+00   3.8689143309723583e-11
  3.6000000000000001e+00   3.8217712231434837e-11
  3.6050000000000000e+00   3.7746094638207847e-11
  3.6099999999999999e+00   3.7274293818448882e-11
  3.6150000000000002e+00   3.6802313004730661e-11
  3.6200000000000001e+00   3.6330155375272804e-11
  3.6250000000000000e+00   3.5857824055439096e-11
  3.6299999999999999e+00   3.5385322119251095e-11
  3.6350000000000002e+00   3.4912652590916463e-11
  3.6400000000000001e+00   3.4439818446371304e-11
  3.6450000000000000e+00   3.3966822614834800e-11
  3.6499999999999999e+00   3.3493667980375938e-11
  3.6550000000000002e+00   3.3020357383490508e-11
  3.6600000000000001e+00   3.2546893622687849e-11
  3.6650000000000000e+00   3.2073279456085597e-11
  3.6699999999999999e+00   3.1599517603012293e-11
  3.6750000000000003e+00   3.1125610745616034e-11
  3.6800000000000002e+00   3.0651561530478703e-11
  3.6850000000000001e+00   3.0177372570234114e-11
  3.6899999999999999e+00   2.9703046445189858e-11
  3.6950000000000003e+00   2.9228585704951199e-11
  3.7000000000000002e+00   2.8753992870046538e-11
  3.7050000000000001e+00   2.8279270433552821e-11
  3.7100000000000000e+00   2.7804420862720711e-11
  3.7149999999999999e+00   2.7329446600597972e-11
  3.7200000000000002e+00   2.6854350067650324e-11
  3.7250000000000001e+00   2.6379133663379035e-11
  3.7300000000000000e+00   2.5903799767933670e-11
  3.7349999999999999e+00   2.5428350743719957e-11
  3.7400000000000002e+00   2.4952788937001190e-11
  3.7450000000000001e+00   2.4477116679492679e-11
  3.7500000000000000e+00   2.4001336289947811e-11
  3.7549999999999999e+00   2.3525450075735609e-11
  3.7600000000000002e+00   2.3049460334408251e-11
  3.7650000000000001e+00   2.2573369355258204e-11
  3.7700000000000000e+00   2.2097179420863457e-11
  3.7749999999999999e+00   2.1620892808620854e-11
  3.7800000000000002e+00   2.1144511792266030e-11
  3.7850000000000001e+00   2.0668038643379639e-11
  3.7900000000000000e+00   2.0191475632878412e-11
  3.7949999999999999e+00   1.9714825032491120e-11
  3.8000000000000003e+00   1.9238089116217963e-11
  3.8050000000000002e+00   1.8761270161773200e-11
  3.8100000000000001e+00   1.8284370452009556e-11
  3.8149999999999999e+00   1.7807392276324567e-11
  3.8200000000000003e+00   1.7330337932047489e-11
  3.8250000000000002e+00   1.6853209725806617e-11
  3.8300000000000001e+00   1.6376009974875613e-11
  3.8350000000000000e+00   1.5898741008499140e-11
  3.8399999999999999e+00   1.5421405169196508e-11
  3.8450000000000002e+00   1.4944004814042923e-11
  3.8500000000000001e+00   1.4466542315928046e-11
  3.8550000000000000e+00   1.3989020064790601e-11
  3.8599999999999999e+00   1.3511440468829382e-11
  3.8650000000000002e+00   1.3033805955689496e-11
  3.8700000000000001e+00   1.2556118973623807e-11
  3.8750000000000000e+00   1.2078381992628491e-11
  3.8799999999999999e+00   1.1600597505553091e-11
  3.8850000000000002e+00   1.1122768029183956e-11
  3.8900000000000001e+00   1.0644896105301201e-11
  3.8950000000000000e+00   1.0166984301708110e-11
  3.8999999999999999e+00   9.6890352132334953e-12
  3.9050000000000002e+00   9.2110514627060007e-12
  3.9100000000000001e+00   8.7330357019005166e-12
  3.9150000000000000e+00   8.2549906124557754e-12
  3.9199999999999999e+00   7.7769189067636682e-12
  3.9250000000000003e+00   7.2988233288293956e-12
  3.9300000000000002e+00   6.8207066551026805e-12
  3.9350000000000001e+00   6.3425716952791808e-12
  3.9399999999999999e+00   5.8644212930727688e-12
  3.9450000000000003e+00   5.3862583269577907e-12
  3.9500000000000002e+00   4.9080857108816901e-12
  3.9550000000000001e+00   4.4299063949471595e-12
  3.9600000000000000e+00   3.9517233660645676e-12
  3.9650000000000003e+00   3.4735396485738711e-12
  3.9700000000000002e+00   2.9953583048364387e-12
  3.9750000000000001e+00   2.5171824357960534e-12
  3.9800000000000000e+00   2.0390151815098839e-12
  3.9849999999999999e+00   1.5608597216487651e-12
  3.9900000000000002e+00   1.0827192759669907e-12
  3.9950000000000001e+00   6.0459710474183024e-13
  4.0000000000000000e+00   1.2649650918217041e-13
